# Created by Octave 4.0.0, Sat Apr 21 07:13:40 2018 CEST <olethros@olethros-OptiPlex-9010>
# name: PU
# type: matrix
# ndims: 3
 100 5 2
 0.5727944357005841
 0.572626670880744
 0.6359125117052216
 0.5856973356505158
 0.6359179230197738
 0.6362764664446364
 0.6145867181464255
 0.6362860512073267
 0.6362985566509025
 0.6362941540413984
 0.6362975902025325
 0.6363005103939944
 0.6362758501471797
 0.6363026948618172
 0.6360517068688103
 0.6361793630055881
 0.6361917961948644
 0.6360410342774967
 0.6361257020733608
 0.636168664320194
 0.6361860295382397
 0.6362590315496661
 0.6362289015776131
 0.6362578737693376
 0.6360457507952272
 0.6362217864377567
 0.636170888558088
 0.6361296359569882
 0.6361760833203823
 0.6362847464551731
 0.6360842857473229
 0.6362065395436072
 0.6361712102433987
 0.6361448525133183
 0.6361742357274984
 0.63611953158838
 0.636080949602796
 0.6361587867791754
 0.6361788300247253
 0.6362155401801388
 0.6361973563644326
 0.6361070087689777
 0.6361770778507047
 0.6362743684268397
 0.6361422279219754
 0.636302765062585
 0.6361359972330057
 0.6361741812311962
 0.6362573528353227
 0.6361867460701766
 0.6362530283422142
 0.6362307825397386
 0.6360802761558747
 0.6360419713091935
 0.636302765062585
 0.6361807108206465
 0.6361702028652471
 0.6362054675722252
 0.6362141792239404
 0.6360260169427348
 0.6361296564318002
 0.6361763727718212
 0.636133479518922
 0.6361637511669622
 0.636302765062585
 0.6362572367968363
 0.6362449443603839
 0.6360196696088845
 0.6362041947666742
 0.6361436102621136
 0.6362559902710743
 0.6362615899233326
 0.6361717399161159
 0.6361015260357121
 0.6361569039801511
 0.636302765062585
 0.6362147291812483
 0.6361496212859857
 0.6362292678161849
 0.6362292681561075
 0.6362873123228736
 0.6360737331396734
 0.6360767385023083
 0.6360860743386135
 0.6361673835177744
 0.6361541915655669
 0.6361613590396478
 0.6360197685417878
 0.6361116618401161
 0.6362235795069324
 0.6362137394367223
 0.636302765062585
 0.6361117235395669
 0.6361907798237804
 0.6361931831950081
 0.6361978916862085
 0.6361157956449071
 0.6362094818411651
 0.6362168221455671
 0.636018170181317
 0.558243061411613
 0.4553906325235422
 0.5056276991536461
 0.4726987696442185
 0.4726907810138379
 0.4726855501493968
 0.4726853436932931
 0.4726851002469835
 0.4726893525190086
 0.4726854378253981
 0.4726851282058593
 0.4726850494313525
 0.4726850411882019
 0.6104110543550796
 0.620896073726642
 0.6160887532637503
 0.6189493526323372
 0.6209246731021909
 0.6198097542784139
 0.6192385282749771
 0.6209761239419911
 0.6206844120263899
 0.6196918249871486
 0.6187383985411911
 0.6197107860133936
 0.6197797399924415
 0.6196133749377207
 0.6196942807782935
 0.6194186094172062
 0.6196773566177765
 0.619700079277068
 0.6199231769963094
 0.6195987178129845
 0.6196740281083712
 0.6192332220136195
 0.6199700652804196
 0.6199729850079644
 0.6196880981156582
 0.6196798977751942
 0.6196654455837621
 0.6195001159180761
 0.6197745476975688
 0.6207633699724535
 0.6209189734162209
 0.6197082862085076
 0.6197633519091448
 0.6201035907006516
 0.6189821054174762
 0.6194455406973477
 0.6199488065802641
 0.6195578877296679
 0.6195638668179282
 0.6190142262787882
 0.6196864765850864
 0.6198467447905158
 0.6199405422896233
 0.6197406380882738
 0.6197714175575627
 0.6195260418340367
 0.6198937060399412
 0.619879230974679
 0.6188090703821754
 0.619239670477632
 0.6201105316367473
 0.6190104270660527
 0.6209999523224432
 0.6202748482296597
 0.6196641958600733
 0.6197061352254053
 0.6192645841637474
 0.6196330791183748
 0.6194488316296048
 0.619594912259028
 0.6197411189916293
 0.6196578305520932
 0.6206845740920741
 0.6196694111984952
 0.6196774896019105
 0.6195805673752709
 0.6199263177215837
 0.6188698053581297
 0.6197038265184919
 0.6193054162768483
 0.6196908594484466
 0.6197852530605811
 0.6187142080594996
 0.6190473226013413
 0.6196470365658646
 0.6196094553829702
 0.620518847695534
 0.6196603475386723
 0.6197006105625634
 0.6196038493720638
 0.6196221624442609
 0.6194082804112518
 0.6197355486072003
 0.6196143768849379
 0.6197077676680892
 0.6199868567787424
 0.6200082468753775
 0.5424195476194773
 0.4759608421964709
 0.5804053983831552
 0.5854669275514417
 0.5870278349911005
 0.5883277480112324
 0.5902737062505964
 0.5900341795653685
 0.5901734373964787
 0.590489007235014
 0.5904518974530337
 0.5909753277963234
 0.5903201207505311
 0.5899625200732286
 0.5898954781733768
 0.5909533044428157
 0.5896311373997946
 0.5907153981703784
 0.5910522691680035
 0.5898439181185325
 0.590481909644708
 0.59074464667142
 0.5903474599587754
 0.5902620126244821
 0.5896726467774596
 0.5898649696503323
 0.5908686285759613
 0.589885266348864
 0.5909147360126685
 0.5901023333710267
 0.590828432046024
 0.5904959493208511
 0.5905243728143312
 0.5892366647060286
 0.5908558239354313
 0.5905198318249943
 0.5901931647166816
 0.5900386071015288
 0.5911181899903302
 0.5911194866393928
 0.5902466181130557
 0.5902816434500351
 0.5902023924816691
 0.5899983151282209
 0.5900238508269451
 0.590747077046324
 0.5897067968039674
 0.5910815117936672
 0.5900475800334177
 0.5901318383858577
 0.5910117857342633
 0.5907726160278418
 0.590695516795339
 0.5902149914067859
 0.5894707701593219
 0.589375722995205
 0.5896866116283681
 0.589435003072021
 0.5902005284781379
 0.5897432149099334
 0.590509222498534
 0.5898085142188566
 0.5901043217435958
 0.5905564971381793
 0.5906734771400333
 0.5897866994904974
 0.5898919392025759
 0.5898441075532744
 0.5906557654937139
 0.5907123318404093
 0.5897908046523774
 0.5908811068033315
 0.5904352865832934
 0.5905164678047937
 0.5905196745673031
 0.5908574433819034
 0.5904547893923976
 0.5910822300070218
 0.5902220949213729
 0.5904302035229011
 0.5899258364408035
 0.5904099739893116
 0.5910565334977051
 0.5900666566538835
 0.5900222273089899
 0.5895427768660831
 0.5902563208340713
 0.5900563117843898
 0.5907769519117571
 0.590018298819872
 0.5898799370513442
 0.5896535644820317
 0.5899128530896375
 0.5906161926119819
 0.5903100425241751
 0.5913093666300868
 0.5909978403307032
 0.5902710958745182
 0.5903824399077396
 0.5896499649585396
 0.5585662482543302
 0.5691112321986123
 0.574194391608391
 0.5780032630535917
 0.5752828456784044
 0.5753980524661847
 0.5757329381563371
 0.5755273103005157
 0.5754958175620332
 0.5756642756418483
 0.5753315770360199
 0.5751496772234405
 0.5752552667566645
 0.5756789845350702
 0.5752719092138033
 0.5754525442289167
 0.5758326968391815
 0.5745600477059564
 0.5744856428845315
 0.5752011484931275
 0.5751674398816117
 0.5756768155130778
 0.5754349902448226
 0.5765586129755684
 0.5750143894501423
 0.5749852288834824
 0.5753195157253314
 0.5753789153001602
 0.5749421780581104
 0.5763642585121279
 0.5754410463595172
 0.575149282745716
 0.5751580258475759
 0.5758513026919801
 0.5757221702669602
 0.575614154562052
 0.5761697197828765
 0.5752795668744366
 0.574663900572088
 0.5754825450654149
 0.5753842315307651
 0.5749985664132028
 0.5751108790982
 0.5748388140398052
 0.5758087990963191
 0.5763020992865527
 0.5754784316866588
 0.5754409174703936
 0.5758536496877403
 0.5754138166972869
 0.5748732017343426
 0.5762401267037995
 0.5751604272152377
 0.5753148246972587
 0.5757895098298761
 0.575688386669325
 0.5748120016521114
 0.5756601021562523
 0.5756857326255281
 0.5752536273723742
 0.5753723912662781
 0.5749902260839597
 0.5755524973504386
 0.5762327654028538
 0.5744347772266465
 0.5756783472552967
 0.5758230932977929
 0.5751630374358961
 0.5755043536144592
 0.5748333702543438
 0.5760837181434459
 0.5753988500629641
 0.5746658502836992
 0.5756184394874961
 0.5758945561581001
 0.5747241112013073
 0.5754214669406327
 0.5757459263362176
 0.5755671074103801
 0.5754647099611534
 0.5758675474554563
 0.5756122993288911
 0.5754061974256335
 0.5750524112077465
 0.5747960792257777
 0.5751538145071914
 0.5753482332582754
 0.5759759683346881
 0.5753581861243039
 0.5753805256368252
 0.5755352774692798
 0.575875046522021
 0.575386774607055
 0.5754200695687292
 0.5751184594549457
 0.574853851537298
 0.5755443694541167
 0.5758176773531384
 0.5756443587216455
 0.576172873748113
 0.4972731670007144
 0.4784918907919574
 0.5003221391167155
 0.5058044014752467
 0.5121948096265824
 0.4720746692777322
 0.5120746368758885
 0.500205922018583
 0.5173081949371453
 0.4917247186843271
 0.4973140706458679
 0.4954618411558103
 0.5021864845792466
 0.4880886333160451
 0.4856198531592346
 0.4843633968319307
 0.4877811652962844
 0.4897316206031323
 0.4988166707901932
 0.5102452511802184
 0.5026899028054763
 0.5112351242086217
 0.5151625207824482
 0.4911299210603372
 0.4857729056552532
 0.5208438410475031
 0.4948164661594784
 0.5229646252445497
 0.499479996063933
 0.4973675998784897
 0.4939151061227343
 0.5123494176754633
 0.4808836947580507
 0.5181941285181523
 0.4935766721636049
 0.5083463668256187
 0.5276941036576783
 0.5040354773640674
 0.4876714679717222
 0.4903377233475598
 0.4958035662526159
 0.5090275275665503
 0.507642751277012
 0.4989385670004354
 0.5165529484339527
 0.4943744667338782
 0.5243756750652618
 0.5079187529093512
 0.4833221060983172
 0.5014278241028345
 0.5031840547299048
 0.5293023654015073
 0.5192639260747557
 0.5063625418637125
 0.5065765614707883
 0.5342704441983931
 0.5155120015294796
 0.5047592632955767
 0.4711962428336199
 0.5073581166264539
 0.4929983108112365
 0.5200430995752762
 0.4964714786554513
 0.4938422437357397
 0.4671119527623769
 0.5160479321661876
 0.4872458740913198
 0.5075263687624924
 0.5047263978247989
 0.5225832470768154
 0.5135673082449834
 0.5046840744145
 0.5161491979993217
 0.4911916678857923
 0.4820871026428441
 0.4775055142996903
 0.50408956646671
 0.5304098533430542
 0.507556197955674
 0.4782879684426922
 0.4947809270997287
 0.50519314491453
 0.5107101768565817
 0.5002760499218291
 0.4879438753143365
 0.4861880657817864
 0.4722690209614602
 0.5279947117198639
 0.5043402466094992
 0.5160149158611597
 0.4956434204336063
 0.4873358419878313
 0.4564764111598751
 0.5059886878833166
 0.5195270229578048
 0.5088713800302321
 0.5070091922994808
 0.5033140780889375
 0.5015010721043981
 0.5009166625612567
 0.5727991805718423
 0.5727736700084387
 0.6213235428063213
 0.6128541674262729
 0.6210822026186744
 0.6210822026186744
 0.6359571137292983
 0.6360718427516588
 0.6361032903826839
 0.636302765062585
 0.6362165179152218
 0.6361802932792094
 0.636302765062585
 0.636302765062585
 0.6361402740218745
 0.6362401799696195
 0.6362376116908577
 0.6361975392740203
 0.6361360557708227
 0.6361690594233451
 0.6361444828619912
 0.6362404986567789
 0.6361837142015698
 0.6362050396522876
 0.636302765062585
 0.6362829427389929
 0.6362164106801301
 0.6361681603305607
 0.6362909089003883
 0.6361722486292338
 0.6360777298645347
 0.6360451159625552
 0.6362356042505898
 0.6360626945123574
 0.6361828912342193
 0.6361653051675605
 0.636302765062585
 0.6362398820272869
 0.6362006542511365
 0.6361922945480223
 0.6362520793749479
 0.636302765062585
 0.636179588080382
 0.6362217393746503
 0.6362869716418925
 0.6362473099062013
 0.6360574750291887
 0.6361661671450533
 0.6360761499102647
 0.6360322784178418
 0.636302765062585
 0.6361676824220144
 0.63622525317359
 0.636302765062585
 0.63617724316836
 0.6360852366148598
 0.6362163204754564
 0.6361741952298133
 0.6360730304196262
 0.6361661786076707
 0.6360457127996387
 0.636302765062585
 0.6361121481239242
 0.6361912936936548
 0.6362546983706199
 0.6360737619484053
 0.636302765062585
 0.6362624269769865
 0.6361269404762464
 0.6361995247059252
 0.6360688455830872
 0.6360197266680494
 0.6361297997899872
 0.636153654964937
 0.636302765062585
 0.636233488727117
 0.6362229439103517
 0.6361286411767496
 0.6362414913434173
 0.6361885273174128
 0.6361454031239683
 0.6360502464663128
 0.6362156130075407
 0.636215799868607
 0.6361870957139043
 0.6361665098782425
 0.6360609236004738
 0.6361375047612895
 0.6361413614754156
 0.6362818345391508
 0.6361651721839359
 0.6361042416183563
 0.6360698069047017
 0.636195553048797
 0.6361493093381733
 0.6361821298625703
 0.6362829631771294
 0.636302765062585
 0.6361668682279398
 0.6361936154356627
 0.5729783935086284
 0.6213113576623226
 0.5726327421753418
 0.6328370650672082
 0.636302765062585
 0.636302765062585
 0.6359571137292983
 0.636302765062585
 0.6358007081983587
 0.6334138643420627
 0.6207577786535233
 0.6204834385353887
 0.6201451020857311
 0.6188130728568672
 0.6197299167712682
 0.6198121935537102
 0.6198991147259556
 0.619526562144188
 0.6194969005473921
 0.6196672218482784
 0.6195982780679972
 0.6199245977754767
 0.6192990837855046
 0.6202436209321323
 0.6199594527617924
 0.6196839831413899
 0.6198203970124503
 0.6187323849907624
 0.6194863700405026
 0.6197164376948839
 0.6196184061922568
 0.6196821644986324
 0.6196801670549585
 0.6197036875490509
 0.6196440374789345
 0.6196418741994819
 0.619628194342044
 0.6196200663870977
 0.619489505130008
 0.6197654234699844
 0.6187705492302472
 0.6195701811151707
 0.6187117877920365
 0.6202368340409407
 0.6198967699928281
 0.6190452012088512
 0.6196963870314232
 0.6199936198567036
 0.6196815281890994
 0.6199276973315806
 0.6197183507460107
 0.6188612392001049
 0.6197101696002536
 0.6197995378634505
 0.619417988226035
 0.6196823404044708
 0.6192343855040277
 0.6190888315146287
 0.6196901839833343
 0.6197300468074826
 0.6196711579037162
 0.6198208414926204
 0.6198882849623822
 0.6196118859479564
 0.6196930668870534
 0.6197717166018086
 0.6191768062518502
 0.6194232182963543
 0.6197872093886171
 0.6196495980599376
 0.6199887659402239
 0.6197009892163883
 0.6198470682673655
 0.6198613982221466
 0.6186375948669902
 0.6197670558131265
 0.619149819653497
 0.6196501897374554
 0.6196569979095337
 0.6201824020778988
 0.6203922647916992
 0.619579849241509
 0.6197117623674744
 0.6197429123184544
 0.6197673736707452
 0.6196813783413455
 0.6197916978068354
 0.6193322310546817
 0.619570441583012
 0.6195912962422863
 0.6196995922337533
 0.6196239380217827
 0.6197558378051836
 0.6197148906280077
 0.6199195237174141
 0.619632845541593
 0.6197144664967573
 0.6191096368377831
 0.619161090971784
 0.6191042138404497
 0.5729783935086284
 0.5729783935086284
 0.5729783935086284
 0.616149698668457
 0.5956528242617609
 0.5979420062531865
 0.599054679714922
 0.5923571965656523
 0.5913152688353124
 0.5902991343841117
 0.589611881670979
 0.5908294577999029
 0.5898726794306643
 0.5897007184674542
 0.5920255797949138
 0.5914637894105998
 0.5903751933797716
 0.5893951000798794
 0.5905129068799226
 0.5907426289871321
 0.5907966807438743
 0.5913651384105998
 0.5899610743560604
 0.5902762589786682
 0.5904778525482665
 0.5905384529563502
 0.5897769441030374
 0.5901923513519242
 0.5896046854210854
 0.5902600465169311
 0.5902698451271303
 0.5901290429231285
 0.5897667326710939
 0.5892163923515605
 0.5906646517345204
 0.5904262811600638
 0.5898583458413946
 0.5900371758296038
 0.5898235851231938
 0.5900192353343336
 0.5910407674938499
 0.5900771793508146
 0.5909470091955302
 0.5907759261461698
 0.5893960198265407
 0.5904813525757353
 0.590777879143502
 0.5896005038291177
 0.5900540591721309
 0.5908022492066836
 0.5903951135945981
 0.5906763925185869
 0.5906659159977719
 0.5904882988871897
 0.5904762832757194
 0.5905287459203358
 0.5900813000273032
 0.589766350835663
 0.5899952222233887
 0.5896774316404844
 0.5908240312689239
 0.5906256754795794
 0.59008099890802
 0.5897834009534677
 0.590435344408228
 0.5903275906360207
 0.5903239494769527
 0.5903456937998165
 0.5906822729276825
 0.5903676085310529
 0.5909036709859983
 0.5899343868546386
 0.5903138359709151
 0.5894408832337099
 0.5905237578152218
 0.5903445548608633
 0.5896621826529389
 0.5898936901671188
 0.5902438271399683
 0.5901559369226401
 0.5900816283931449
 0.5906481006728757
 0.5904772894827593
 0.5905896099056017
 0.5898953896113956
 0.5897065024270217
 0.5900283603318581
 0.590197503353639
 0.5906322229338884
 0.5895823011774821
 0.5901896783104039
 0.5896874602235742
 0.5902623059047755
 0.5905328619407014
 0.5904694104786421
 0.5902284240814689
 0.5900925434990557
 0.5905806577016055
 0.5892795255133393
 0.5895959238122241
 0.595201266844574
 0.5579550526819089
 0.6008114874680555
 0.6050164300083826
 0.5853897751259893
 0.5771482718870411
 0.575773811216825
 0.5758221395698748
 0.5764881933522154
 0.5749622921105342
 0.5759387214908306
 0.5755199695020621
 0.5761231946371332
 0.5755698132545056
 0.5756211180697715
 0.5755687037336701
 0.5748498806795579
 0.5756772522561654
 0.575183633821
 0.5758838514190181
 0.5748185251802249
 0.5754478175389687
 0.5758926233229775
 0.5759214690813966
 0.5746426045487187
 0.5756638910284753
 0.5748996839658826
 0.5758333013412907
 0.5761063159698164
 0.5751681024428512
 0.5755140334686981
 0.5751622895382038
 0.5749576405455604
 0.5753224034961596
 0.5747211805964565
 0.5748234443280269
 0.5753597806978374
 0.5748510009080847
 0.5758649169736675
 0.5750346812450413
 0.5749099179052284
 0.5752190911926839
 0.5751385584918192
 0.5748146902445666
 0.5762070248241548
 0.5755878103518105
 0.5754098014638894
 0.5759245926263151
 0.5746171036755574
 0.5759868979227338
 0.5754725196119308
 0.576160888383949
 0.5760877221231563
 0.5745603054313462
 0.5758560131310093
 0.5757104713210732
 0.5756548570918251
 0.5754795947408977
 0.5751844231135255
 0.5754221153624891
 0.5756302323524415
 0.5758771496844577
 0.5756069752195841
 0.5754543136031266
 0.5753923688716854
 0.5751013048116597
 0.5750426790638187
 0.5754533338980659
 0.5754725079933521
 0.5758062820061285
 0.5747085223984382
 0.5761613027250488
 0.5752362338525935
 0.5755687668109479
 0.5758748378753183
 0.5753611856088758
 0.5751537121061
 0.5753920629895519
 0.5762290676932625
 0.5752586273688303
 0.5744834459972558
 0.5757463534712101
 0.5756681379891897
 0.5752582660843345
 0.575021889965001
 0.5748893977828817
 0.575229294570037
 0.5752545970058747
 0.5746348103871074
 0.5748784088548272
 0.5747771044112306
 0.5754945260417874
 0.5754065794418147
 0.5756001056895589
 0.5760952831200601
 0.5760493679632052
 0.5754700518934219
 0.5746650642049675
 0.5749327112973343
 0.575357914271293
 0.5353831848631904
 0.4589565236459184
 0.4968633425055988
 0.4955954301846247
 0.4879754161627281
 0.4754559783814928
 0.5018095317373397
 0.4953434710897021
 0.5110258645315927
 0.500225557812812
 0.5018917842401418
 0.5170855132362221
 0.5153452493771417
 0.5007177254018278
 0.4914928161185074
 0.5222206108217323
 0.5102773565214822
 0.4825900928576376
 0.505789521246706
 0.4792476964288775
 0.5125162360702187
 0.5025999999346928
 0.4836321607579611
 0.4776462017280141
 0.5198900337349394
 0.5188765599886197
 0.4961606317017432
 0.504641315185363
 0.5011511301581997
 0.5002713624326004
 0.4983146762705979
 0.5189316511543847
 0.5012424269293427
 0.4856596398893414
 0.5332029948514869
 0.5134998930828315
 0.488699539395045
 0.4884038643360712
 0.5039580004636857
 0.4925877733741559
 0.5186991149439995
 0.4709995966385323
 0.5088832678962585
 0.5105388057405411
 0.5034841452666738
 0.4849370443629697
 0.507028698866389
 0.4907378151837874
 0.5026999972883225
 0.5120637473657426
 0.5276331385961121
 0.5049846680543615
 0.5165174477464931
 0.508026449524188
 0.5075774302724463
 0.5150565845667627
 0.4930883447579995
 0.5021450486199412
 0.4776309048087666
 0.5158218825872077
 0.523165491913079
 0.4868457336105956
 0.5119244217582699
 0.5209341573405635
 0.4823857575191518
 0.4836740005950858
 0.5128818235062065
 0.504523850883661
 0.5219885683922458
 0.4677363254971186
 0.4785284416284226
 0.5150502821223187
 0.5016084436686842
 0.5123046585136288
 0.4874670579181493
 0.5059003511239635
 0.5119657700565655
 0.4870832651663309
 0.4892838360153972
 0.5041269140470089
 0.4980878688332901
 0.5111272946038736
 0.5197698167937878
 0.5104556104129365
 0.508839068889098
 0.4927922637642287
 0.5019192098347478
 0.488706178389358
 0.503148235919053
 0.4955028824087904
 0.5032076496135454
 0.4757245768840129
 0.4992015117342285
 0.4989702313209829
 0.5018978688978067
 0.4687540118771616
 0.528367541145737
 0.5031026610580172
 0.5006839950318902
 0.5023977304140371


# name: PF
# type: matrix
# ndims: 3
 100 5 2
 1.023117233338456
 0.9852791901087825
 1.277212094799132
 1.292413565737493
 1.277224627693454
 1.359566936283485
 1.590325944199449
 1.359610650232844
 1.359601521155873
 1.35955333803889
 1.359578531268789
 1.359600974113472
 1.353219437952349
 1.359591628904154
 1.299801792066585
 1.330202466662974
 1.333163402446282
 1.297258931566737
 1.317422852754326
 1.327654516466809
 1.331790071149891
 1.349175714114212
 1.342000160568105
 1.348899980386879
 1.298382181255533
 1.340305658842313
 1.328184157232267
 1.318359711884334
 1.32942130729546
 1.355299797375904
 1.307559407312851
 1.33667455902418
 1.328260767659905
 1.32198358581865
 1.328981296847857
 1.31595332260014
 1.306764893301846
 1.325302077977931
 1.330075444145004
 1.338818090808743
 1.33448755409684
 1.312970971149055
 1.329658158023938
 1.352828235112411
 1.321358530585579
 1.359590989177703
 1.319874671105271
 1.32896831837068
 1.348775914910216
 1.331960676925256
 1.347746022369014
 1.342448109881162
 1.306604509658318
 1.297482081919454
 1.359590989177703
 1.33052336200317
 1.328020857173618
 1.33641926544341
 1.338493974524477
 1.293682496024979
 1.318364588026607
 1.329490241122497
 1.319275069050024
 1.326484363583475
 1.359590989177703
 1.348748279955422
 1.345820794976688
 1.292170857175045
 1.336116142531555
 1.321687739526838
 1.348451415663457
 1.349784991633979
 1.328386910994379
 1.311665239828852
 1.324853683074082
 1.359590989177703
 1.338624948702301
 1.323119285027234
 1.342087373385399
 1.342087454339096
 1.355910867375931
 1.305046268400038
 1.305762005593671
 1.307985366328822
 1.327349420114884
 1.324207712441457
 1.325914670438663
 1.292194418377873
 1.314079115650379
 1.34073268345426
 1.338389237723114
 1.359590989177703
 1.314093809581541
 1.332921328878093
 1.333493699798601
 1.334615042773627
 1.315063595129061
 1.337375277058164
 1.339123395176117
 1.29181376346972
 1.052580848750001
 0.3477529777784077
 0.2901680741882765
 0.4005254750585974
 0.4005899148210771
 0.4006285207672113
 0.4006300573651056
 0.4006318552469806
 0.4006004529825282
 0.4006293483295323
 0.400631640768538
 0.4006322313064259
 0.4006322920962013
 0.7732681139665382
 0.8904506289019832
 0.881694223978484
 0.9269008010744457
 0.8646252522913936
 0.816154501801936
 0.806495517481204
 0.8525006710279084
 0.8531700175565003
 0.8127813446877711
 0.8061634635632148
 0.8133233692885158
 0.8152911952472432
 0.8105402569650403
 0.8128506873731655
 0.8056129882783664
 0.8123673811873884
 0.8130162729301472
 0.8193873370079856
 0.8101216648942239
 0.8122723220552548
 0.809306877284507
 0.8207263385991824
 0.8208097180756627
 0.812674123197764
 0.8124399437753808
 0.8120272284916521
 0.8073058628632437
 0.8151428881524609
 0.8433809631638138
 0.8478245743452504
 0.8132506402268248
 0.8148231668826641
 0.8245394614690329
 0.8125302893943445
 0.8057473429797066
 0.8201192479351298
 0.8185781146827653
 0.8091264151887597
 0.8063747185761767
 0.8126278166944462
 0.8172046407828591
 0.819883242269644
 0.8141745219301411
 0.8150534998664826
 0.8080462365160501
 0.8185457263526155
 0.818132357854502
 0.8073100956285201
 0.8051459341199423
 0.8247376757276486
 0.816167968998417
 0.8501371116801413
 0.8294301107527513
 0.8119915397817917
 0.8131892139991446
 0.8057854944507052
 0.8111029302626613
 0.8058413230550922
 0.8100129885566957
 0.8141882552221279
 0.8118097638967047
 0.8520106448773207
 0.812140475663707
 0.8123711728955646
 0.809603337688335
 0.8194770272909707
 0.8109265674944302
 0.8131232836083608
 0.8052725684011948
 0.8127529793525634
 0.8154486042062373
 0.8063601340322257
 0.8061406396073291
 0.8115015170048858
 0.8104283006256187
 0.8363980719274667
 0.8118816421883106
 0.8130314446530207
 0.8102682082000053
 0.810791179738497
 0.8071880427401613
 0.8140291801918179
 0.8105688453375093
 0.813235832122676
 0.8212058581239581
 0.8218167011122491
 0.7999773569341523
 0.2011307022757276
 0.2394809282753097
 0.3312223304046826
 0.2999250510642996
 0.2880300243994728
 0.2944145201010993
 0.293845166999484
 0.3089250388263977
 0.2956851628598443
 0.3074038437952377
 0.3256918214949404
 0.2978446353908569
 0.2938642433699989
 0.3034492752732753
 0.3118377704459023
 0.2867391427386914
 0.3033551380738264
 0.3219627428602836
 0.30680752443657
 0.2988452051536558
 0.3013642384791455
 0.30414557013288
 0.3008528806490832
 0.2947208970258823
 0.2831151069217054
 0.3126910709591555
 0.2834160418430628
 0.3216516502375588
 0.3094210606851318
 0.3043706512894679
 0.3110361379392854
 0.3062291688298164
 0.2988981079563778
 0.3186195350631099
 0.3084744713600742
 0.3085713759941954
 0.2892891896633701
 0.3221345549070344
 0.3167532408251393
 0.294257231818642
 0.300133265131772
 0.2944716413139714
 0.3048291164949344
 0.2902958058849625
 0.3169785486968109
 0.2996840128211136
 0.3197991936943605
 0.2877471696572297
 0.3054120651400076
 0.3109498055549641
 0.3099016789696671
 0.3091569863871419
 0.2993144359385396
 0.2918403606973287
 0.2897662325517025
 0.2981449110056203
 0.2831700473148793
 0.2994433190832372
 0.3066807824392661
 0.2995093627747474
 0.2836315167908702
 0.3100094019319313
 0.3149292992704972
 0.3214634371635854
 0.298980752595094
 0.3040766623510039
 0.2839959836522558
 0.3076904332205103
 0.312981704420715
 0.2954248578117413
 0.3062642842869133
 0.290263683367569
 0.3065747215087962
 0.3042053574418474
 0.3146412732426885
 0.3045557275625028
 0.3134775089023683
 0.3018777137581494
 0.3006679672655476
 0.291886281106357
 0.3065317416477099
 0.31984304541385
 0.2914302589674243
 0.3027045814994493
 0.3075037143619042
 0.2899293369476069
 0.3016470442273524
 0.3089395583095914
 0.2895242575874364
 0.2845038256432879
 0.294402924407812
 0.2909211535804799
 0.3042389576201196
 0.2920814987860693
 0.3216356767802747
 0.3145587855798557
 0.3067529433599305
 0.2953691216552394
 0.2964244114233291
 0.2731785458423873
 0.08918595475574666
 0.1726497961110136
 0.2100475674227074
 0.1554701757813114
 0.0963172116120224
 0.1027395340528971
 0.0971984480583522
 0.102619479483315
 0.09793448264553332
 0.1072068164253299
 0.09752662021803161
 0.1129086052581875
 0.1035551456407458
 0.09735293218539576
 0.1175448031612049
 0.1102069323825251
 0.0941528880476234
 0.1043764587715846
 0.1032769293139675
 0.1082506456433933
 0.1053087307590361
 0.1090655505969801
 0.1173734964348235
 0.1121715036152543
 0.1075933731046642
 0.1118553405188913
 0.09566967022412633
 0.1123734182229524
 0.1083511127561929
 0.1069154973022292
 0.1049969214577316
 0.09451827558180098
 0.1046297178119685
 0.111582657824179
 0.1110761098939
 0.1170443044343751
 0.1013536463528182
 0.1090228435277892
 0.1194491529670135
 0.1140058895335627
 0.09571596778053808
 0.1081177044273886
 0.09447703549465447
 0.1136486634920338
 0.1136178703512653
 0.1102843546374475
 0.1105727020400998
 0.1087606313632484
 0.1097020776204908
 0.1090192424756884
 0.1149344930007782
 0.1128596202808094
 0.1083837754210919
 0.1159325729331897
 0.1081221568137113
 0.09742743245747838
 0.1116617871102684
 0.1086020647655941
 0.1172086266055612
 0.1066598710455667
 0.1024940504134552
 0.1151093917834761
 0.1177005332122147
 0.09742100394228861
 0.1046898446389482
 0.1041688120134987
 0.103188300730638
 0.1059694097693742
 0.1158415969693413
 0.1081435367028805
 0.09738144858999276
 0.1078991222520784
 0.1099744333215729
 0.1010918864140468
 0.1020203172840558
 0.1023132380770167
 0.1087610279670581
 0.1096556884960455
 0.1114630201601846
 0.09868289566596963
 0.112956233588969
 0.1035744135934447
 0.1061575111966998
 0.1071623660505024
 0.1114394618819821
 0.1014589592439348
 0.1133579209942055
 0.1109903499070439
 0.1100266031841842
 0.1121042229670083
 0.114592240842592
 0.1063411399746756
 0.1047835281768069
 0.1112785739203155
 0.09577991401759625
 0.109830877190224
 0.1023481513575611
 0.1074561770569683
 0.1169392014083937
 5.79989695183511e-05
 8.652151990102414e-05
 0.01864559028284812
 0.008584235555797723
 0.0002885226819348413
 0.002879210359995462
 0.000354055942004123
 0.001505849267374126
 0.0002700691236552817
 0.00131299790877059
 2.908016079894438e-05
 9.136270914722466e-05
 5.296788421732535e-06
 4.928885622253881e-06
 4.116924511750331e-07
 1.251621823752935e-07
 1.132230597333805e-07
 1.911248392882925e-08
 2.867301011899581e-08
 3.324763161310917e-08
 7.337341834112721e-08
 4.844092012235013e-08
 1.948886101804659e-08
 2.958699431288014e-08
 1.242266057036034e-08
 3.744147592660285e-09
 2.085026180528859e-08
 3.304271243079193e-08
 3.792864530782758e-08
 3.341322214051035e-08
 4.15684448529241e-08
 3.29035705765035e-08
 1.726113394232009e-08
 4.046072720614857e-08
 3.478102637149982e-08
 2.67702443025597e-08
 6.375149783077738e-10
 3.602746766195875e-08
 3.14523271628675e-08
 2.349449508207146e-08
 5.735829699052286e-08
 5.100018088399771e-09
 3.241409003013063e-08
 2.288218382828777e-08
 7.050821066584279e-08
 8.314889628907585e-08
 1.945011557022425e-08
 2.693330509312419e-08
 6.452829526618076e-08
 2.692450283212078e-08
 2.053445115335339e-08
 1.062953670152855e-07
 2.806723687492907e-08
 4.814867564720271e-08
 8.0804822492897e-08
 3.365942506661224e-08
 5.983726888286744e-08
 1.740421880919163e-08
 2.589947879078069e-08
 5.630840078929555e-09
 4.856445293133227e-08
 2.707871066265355e-08
 2.606742936089868e-08
 3.467469653767319e-08
 2.222719770912651e-08
 4.386420788399237e-08
 2.459740159471702e-08
 3.813556553183828e-08
 2.420247465634295e-08
 1.231352892358539e-07
 3.006816184925043e-09
 4.45969473017449e-08
 3.027242523497009e-08
 5.570236731242129e-08
 1.63177458489816e-08
 9.495818621002572e-09
 9.769402065096244e-09
 2.166102786270441e-07
 3.559000248676281e-08
 4.888854182594216e-10
 8.89891736653714e-08
 4.839571660086861e-10
 1.983415132481015e-08
 7.862881812661926e-09
 3.906281681453905e-08
 8.718748373964802e-08
 7.700228583235047e-09
 2.98936674025807e-11
 5.663849556372669e-08
 2.126550076309019e-08
 4.042079594646086e-08
 3.884197133374734e-08
 2.651318027624416e-08
 2.164729382553299e-08
 4.372413327236035e-09
 7.493482231946125e-08
 2.083841225269945e-08
 2.670186380338002e-08
 5.898943826465608e-09
 1.661412398282214e-08
 1.024604110317287
 1.018528684062123
 1.03291563591659
 0.9770575340375913
 0.9754396606015282
 0.9754396606015282
 1.277272964594607
 1.30459606615266
 1.312085424979036
 1.359590989177703
 1.339050941698786
 1.330423923109187
 1.359590989177703
 1.359590989177703
 1.320893202721749
 1.344686139332953
 1.344074495130025
 1.334531114628765
 1.31988861208277
 1.327748542648731
 1.321895552115002
 1.344762035749083
 1.331238627245535
 1.336317354874725
 1.359590989177703
 1.354870236316043
 1.339025403301955
 1.327534420685927
 1.356767404376534
 1.328508062729993
 1.305998101833635
 1.298230991666942
 1.343596416495818
 1.302417382273331
 1.331042634810192
 1.326854454039192
 1.359590989177703
 1.344615183366946
 1.335272956878836
 1.333282065537782
 1.347520022631013
 1.359590989177703
 1.330255977642702
 1.340294449778154
 1.355829733057416
 1.346384157648802
 1.301174344846844
 1.32705973687076
 1.305621830423932
 1.295173687327189
 1.359590989177703
 1.327420605162372
 1.341131272783457
 1.359590989177703
 1.329697528978141
 1.30778585960654
 1.339003920756291
 1.328971652188313
 1.304878913263382
 1.327062466731563
 1.298373130420602
 1.359590989177703
 1.31419492577061
 1.333043708712589
 1.348143745236286
 1.305053129296198
 1.359590989177703
 1.349984338769757
 1.317717774100226
 1.335003951897461
 1.303882280402685
 1.292184446006597
 1.318398729259758
 1.324079919201344
 1.359590989177703
 1.343092597483805
 1.34058131399633
 1.318122801630432
 1.344998447402213
 1.332384886930161
 1.322114715592068
 1.299452838348173
 1.33883543489881
 1.338879936488621
 1.332043945751971
 1.327141359929559
 1.301995633667361
 1.320233694023375
 1.321152183430682
 1.354606314805948
 1.32682278354287
 1.312311964945572
 1.304111222370144
 1.334058088428621
 1.323044993609202
 1.330861311597782
 1.354875103726809
 1.359590989177703
 1.327226702112134
 1.333596639360523
 1.067284272420815
 1.030013702995646
 0.9849662478377182
 1.289266960181909
 1.359590989177703
 1.359590989177703
 1.277272964594607
 1.359590989177703
 1.284325018150994
 1.210933027269899
 0.8432212903010849
 0.8360443054910905
 0.8257249137342938
 0.8136656882809039
 0.8138683502736999
 0.8162179514237777
 0.8187001837159514
 0.8080610951589567
 0.8101802841611423
 0.8120779537755785
 0.8101091069073452
 0.8194279103076492
 0.8059775025959617
 0.8285383440598086
 0.820423273926675
 0.8125566107235394
 0.8164522198956121
 0.8084038671823005
 0.8091963155817041
 0.8134834245092931
 0.8106839113966046
 0.812504675232289
 0.8124476336731261
 0.8131193150190625
 0.8253092904116494
 0.81135409386035
 0.8109634343350856
 0.8107313220462611
 0.8115075983128917
 0.8148823250265156
 0.8096161119543693
 0.8100806182280031
 0.8054213660944884
 0.8283445289047191
 0.8186332245144661
 0.807919067107565
 0.812910832089792
 0.8414745165405344
 0.8124865039625073
 0.8195164252005538
 0.8135380560468216
 0.8101618210152669
 0.8133044247730965
 0.8158565393278425
 0.8228043946710263
 0.8127954171365687
 0.8090757110417982
 0.8094340977422898
 0.8127336899059224
 0.8138720637543405
 0.8121903568145536
 0.8164649130404814
 0.8183909151204649
 0.8104977109515631
 0.8128160177959177
 0.8150620397568797
 0.8073077837428988
 0.8184223553636133
 0.8155044716145982
 0.8115746663094766
 0.8212603785837939
 0.8130422579764865
 0.8172138784019725
 0.8176231029393785
 0.8061044721453006
 0.8149289403074018
 0.8156343807019959
 0.8115915630102877
 0.8117859858896216
 0.8267901000711142
 0.8327832084434701
 0.8095828297411019
 0.8133499098732992
 0.8142394677591961
 0.8149380174565598
 0.8124822247181743
 0.8156326486324033
 0.8059075214116914
 0.8093141725991002
 0.8099097249525191
 0.8130023639516062
 0.8108418854037336
 0.8146085845085731
 0.8134392444866462
 0.8192830090085726
 0.8110962599449993
 0.8134271324515848
 0.8076336551525447
 0.8050216633026284
 0.807555835984727
 1.067284272420815
 1.067284272420815
 1.067284272420815
 0.7840742203907815
 0.3732295623351883
 0.3985386420490687
 0.4364718229874172
 0.3221302668469304
 0.3135057683548004
 0.3020445425299134
 0.330594706072919
 0.2971040023756936
 0.3032161323119355
 0.2951874901707467
 0.3262058812782557
 0.3022787311925035
 0.2964116635816017
 0.2893882213785718
 0.2966420858671347
 0.3082810054123553
 0.2971927189240599
 0.2967715721041165
 0.3145852961665715
 0.3008592049068779
 0.2917843652136645
 0.3011749604622325
 0.2815140958404982
 0.3039444733693438
 0.286252902821813
 0.2891697853771189
 0.2972380018031449
 0.2905856040837531
 0.301414637895969
 0.2896211107820449
 0.3144142354553302
 0.3186906858761033
 0.3126043691736283
 0.2958408506253419
 0.29952229438332
 0.3156268346906217
 0.3205209197975057
 0.3067270808537361
 0.3173487150189031
 0.3087340534140417
 0.2834483553456652
 0.2996617085421087
 0.3095778585089234
 0.2968856047395388
 0.3141766054658262
 0.3043335486052208
 0.2986076414935609
 0.3111216931491356
 0.2985391998872211
 0.2935720507121929
 0.3199766509797278
 0.2984332733213657
 0.2917109924927996
 0.2936438842444909
 0.3033505884385596
 0.2902067046613713
 0.3104810745716466
 0.3109622496845266
 0.3083805371249964
 0.293543676534343
 0.3065635943366134
 0.2990742056460263
 0.2996660588442889
 0.2998267620179775
 0.3206005142072452
 0.3128970886306874
 0.3186772140395627
 0.3137292211485729
 0.3076299455378015
 0.2844962200988106
 0.3011762221900402
 0.2940109121566506
 0.280800441266629
 0.3075767250324657
 0.3037605144488003
 0.3061984275546885
 0.3093459876624661
 0.3086297856305145
 0.3098752431918964
 0.309279845619034
 0.3031634206213717
 0.2921262480582286
 0.2937506444380822
 0.3034995011303047
 0.3017037690383023
 0.2993662841702929
 0.3144834290415946
 0.2928279237193194
 0.290589433268297
 0.3004228920381566
 0.3063061763238633
 0.3149996682491173
 0.3055121876950388
 0.3090737234524307
 0.2858424161739032
 0.3018885993647601
 1.180464724188059
 0.9087220749591181
 0.6577098746426429
 1.692445633910955
 0.2429648672444903
 0.1190677402640431
 0.1133117422111182
 0.1081832857548787
 0.1116802014575946
 0.09630642998378122
 0.1129238748496917
 0.1028417744920544
 0.1154155635367864
 0.1093700666396883
 0.1046949256486541
 0.1105854573944932
 0.1069918110109375
 0.1111490456974995
 0.1058917441497556
 0.1026699503412562
 0.1031598423038381
 0.1050663745727037
 0.1117552001878807
 0.1158186756842351
 0.09796777815429079
 0.1115962488268551
 0.1115000445845622
 0.105018624590233
 0.1144710052630594
 0.1004781339370725
 0.1047509963750338
 0.1058924067344373
 0.1037035756100293
 0.1021772148592483
 0.1076244302045984
 0.1034168828922171
 0.1144569703663535
 0.1091899806360686
 0.1014895438622775
 0.1105844376055128
 0.1121730024680184
 0.1119545961891509
 0.0999975547187108
 0.09779240084429375
 0.1143927013764315
 0.09822728990777696
 0.1131533596163985
 0.1106161236839564
 0.09658649375021357
 0.1029484531603516
 0.1108482603609117
 0.1019468629089957
 0.09849560302318539
 0.1010433633787435
 0.1123315692494603
 0.1073041704603245
 0.114454772522052
 0.1013316259544859
 0.1085520976369678
 0.1068009157016856
 0.1137981919754421
 0.1088362971348625
 0.1094196569747776
 0.1148935270856842
 0.1167883039666382
 0.1193145969466309
 0.1042263352512821
 0.1020934486152467
 0.1081026135530437
 0.1184898163157386
 0.09633620606168629
 0.1150707986616195
 0.1199479869159454
 0.102871586274491
 0.108232610871916
 0.09653744020857769
 0.1110669911804909
 0.1021921894084839
 0.1169669003280286
 0.1104305053987184
 0.0955852573480737
 0.1169453133726614
 0.1029919361963219
 0.1123292814472411
 0.1086451227137536
 0.09956215291906417
 0.09532671944781414
 0.1142826354383409
 0.1036568557890804
 0.1078575519795638
 0.09890037145307659
 0.1166907223131147
 0.1044522886435102
 0.1084423600258183
 0.1145723266825267
 0.1162917468586417
 0.1048307295513468
 0.0993660143626437
 0.09926369579414437
 0.09551567223157995
 0.6785595000333092
 0.2975918204010525
 0.03641535118720279
 0.02656547254432387
 0.02826935830504263
 0.05694389961329641
 0.002538618237051368
 0.001592021005723185
 0.0006167427426046063
 0.0008627399572600086
 0.0005628979695776366
 4.929833808844236e-05
 0.0002018672759974832
 0.0001482749111961709
 1.678453424643067e-06
 2.414246631984862e-07
 7.393622398349509e-08
 3.406476793699209e-08
 4.443296655956552e-08
 3.291809860112016e-08
 8.307796492412756e-09
 5.156672183703748e-08
 9.371480924613707e-09
 8.358525811040518e-07
 1.121291088451715e-08
 8.516650533418879e-08
 3.298425434866692e-08
 2.170645174368047e-08
 5.512809236885019e-09
 7.588971807914735e-08
 3.4123659869989e-09
 5.557196007012488e-08
 4.638737869169796e-08
 3.421952099111336e-08
 7.59626634545818e-08
 2.982661637118689e-08
 8.24051521464142e-08
 1.387695930388233e-08
 1.596746077719979e-08
 3.390208580880683e-08
 3.357323857811068e-08
 3.647832733100209e-08
 2.11071290584508e-08
 7.212218325336472e-08
 7.816568631593968e-08
 3.896185796561924e-08
 6.126342488865788e-09
 6.647930535230717e-08
 8.060847535296123e-08
 1.035373386332195e-08
 4.112028308828064e-08
 1.599200916135857e-08
 1.436656220377142e-08
 9.179022528171821e-09
 6.320925327249483e-08
 8.091678728103235e-08
 1.870839719947393e-08
 1.876941571783697e-08
 5.537443134237541e-08
 1.310131841469192e-08
 2.484079126077732e-08
 2.440596428426867e-08
 3.203103956378461e-08
 2.4551376591464e-08
 2.151864082061694e-08
 4.09505744383698e-08
 4.580530005987571e-08
 5.735664438538679e-08
 2.557191159519023e-08
 1.657561558843224e-08
 2.839553083118507e-08
 2.349779049809486e-08
 9.064982112172437e-09
 4.073246956393106e-08
 1.112454756785342e-08
 1.471133347086262e-08
 1.056325460088714e-08
 2.059295071271672e-08
 1.046381614341896e-08
 3.735604646448731e-08
 1.371738873878758e-08
 1.435033254032492e-08
 7.240763146357243e-08
 7.943595614623433e-09
 3.75108340500141e-08
 4.851082350404434e-08
 3.714243602959133e-08
 1.603436217134657e-09
 1.593489706158691e-08
 6.767117696759861e-08
 4.864480719971032e-08
 1.133089653354569e-08
 4.698185550322531e-08
 1.650159121499573e-08
 3.53194404591195e-08
 1.276464742933081e-08
 6.08745338998018e-08
 1.448078353408211e-08
 5.639163947607218e-08
 3.33726252674249e-08


# name: PV
# type: matrix
# ndims: 3
 100 5 2
 0.5727944357005841
 0.572626670880744
 0.6359125117052216
 0.5856973356505158
 0.6359179230197738
 0.6362764664446364
 0.6145867181464255
 0.6362860512073267
 0.6362985566509025
 0.6362941540413984
 0.6362975902025325
 0.6363005103939944
 0.6362758501471797
 0.6363026948618172
 0.6360517068688103
 0.6361793630055881
 0.6361917961948644
 0.6360410342774967
 0.6361257020733608
 0.636168664320194
 0.6361860295382397
 0.6362590315496661
 0.6362289015776131
 0.6362578737693376
 0.6360457507952272
 0.6362217864377567
 0.636170888558088
 0.6361296359569882
 0.6361760833203823
 0.6362847464551731
 0.6360842857473229
 0.6362065395436072
 0.6361712102433987
 0.6361448525133183
 0.6361742357274984
 0.63611953158838
 0.636080949602796
 0.6361587867791754
 0.6361788300247253
 0.6362155401801388
 0.6361973563644326
 0.6361070087689777
 0.6361770778507047
 0.6362743684268397
 0.6361422279219754
 0.636302765062585
 0.6361359972330057
 0.6361741812311962
 0.6362573528353227
 0.6361867460701766
 0.6362530283422142
 0.6362307825397386
 0.6360802761558747
 0.6360419713091935
 0.636302765062585
 0.6361807108206465
 0.6361702028652471
 0.6362054675722252
 0.6362141792239404
 0.6360260169427348
 0.6361296564318002
 0.6361763727718212
 0.636133479518922
 0.6361637511669622
 0.636302765062585
 0.6362572367968363
 0.6362449443603839
 0.6360196696088845
 0.6362041947666742
 0.6361436102621136
 0.6362559902710743
 0.6362615899233326
 0.6361717399161159
 0.6361015260357121
 0.6361569039801511
 0.636302765062585
 0.6362147291812483
 0.6361496212859857
 0.6362292678161849
 0.6362292681561075
 0.6362873123228736
 0.6360737331396734
 0.6360767385023083
 0.6360860743386135
 0.6361673835177744
 0.6361541915655669
 0.6361613590396478
 0.6360197685417878
 0.6361116618401161
 0.6362235795069324
 0.6362137394367223
 0.636302765062585
 0.6361117235395669
 0.6361907798237804
 0.6361931831950081
 0.6361978916862085
 0.6361157956449071
 0.6362094818411651
 0.6362168221455671
 0.636018170181317
 0.1555370838712095
 0.2546047299480547
 0.3066787558181655
 0.2543927084685146
 0.2543706070551092
 0.2543570324202448
 0.2543564934286934
 0.2543558613734925
 0.2543669011436244
 0.2543567412866655
 0.25435593596226
 0.2543557292469079
 0.254355707867101
 0.2644912622746751
 0.2430593980694857
 0.2416430089531917
 0.2324868142056414
 0.2495371917537948
 0.2608186902583264
 0.2628050168359318
 0.2526069251995162
 0.2522208046306673
 0.2615735325684186
 0.2625129330150896
 0.2614522471879163
 0.2610120061825204
 0.2620749669620305
 0.2615580387404287
 0.2631607099933131
 0.2616661721664852
 0.2615209912252643
 0.2600955484952356
 0.2621686221361824
 0.2616874405674647
 0.2620981971890879
 0.2597959643105191
 0.2597773092370577
 0.2615975427873026
 0.2616499373875504
 0.2617422770649085
 0.2627986212227462
 0.2610451887350614
 0.2547272866883867
 0.2537330864758531
 0.2614685545996744
 0.2611167222111925
 0.2589428276582305
 0.2611040067145211
 0.2631473197780841
 0.2599317929514156
 0.2600238871265596
 0.2623912963162562
 0.262666990065047
 0.2616079032652032
 0.2605838983971721
 0.2599845961498065
 0.2612618480836701
 0.2610651882015513
 0.262632972246515
 0.260283847941802
 0.2603763337673838
 0.2622792788795015
 0.2631432693282384
 0.2588984797956483
 0.2602158280499353
 0.2532156863217971
 0.257848608484057
 0.261750261949607
 0.2614822979192678
 0.2630020645101342
 0.2619490767731158
 0.2631262929584306
 0.2621929370550971
 0.26125877543819
 0.2617909319398938
 0.2525107693497254
 0.2617169394829446
 0.2616653239775417
 0.2622845911093694
 0.2600754814684451
 0.2614207121449898
 0.2614970489867787
 0.2631609201073375
 0.2615798997481941
 0.2609767887438764
 0.2624456225365683
 0.2627503320491738
 0.261859898173177
 0.262100016380823
 0.2562896177897839
 0.2617748501069266
 0.2615175967586674
 0.2621358349790465
 0.2620188268985715
 0.2627591996233986
 0.2612943664074457
 0.2620685713293261
 0.2614718677203979
 0.2596886780530673
 0.2595520098784708
 -0.1287789046573375
 0.1374150699603717
 0.1704622350539228
 0.1271222985733796
 0.1435513919634004
 0.1501488618058798
 0.1479295930747485
 0.1480945062829422
 0.1406241992850405
 0.1474019221875849
 0.141524026828898
 0.1326417531506915
 0.1462377426798371
 0.1480491383516148
 0.1432231014500508
 0.1395577669984567
 0.1514459973305516
 0.143680130048276
 0.1345447631538599
 0.1415181968409813
 0.1458183522455261
 0.1446902040961373
 0.1431009449129477
 0.1447045659876994
 0.1474758748757886
 0.1533749313643134
 0.1390887788084029
 0.1532346122529006
 0.1346315428875549
 0.1403406363429475
 0.143228890378278
 0.1397299056907829
 0.1421476019922574
 0.1451692783748254
 0.1361181444361607
 0.1410226802324601
 0.1408108943612431
 0.1503747087190793
 0.1344918175416479
 0.1371831229071268
 0.1479946931472068
 0.1450741891591316
 0.1478653755838488
 0.1425845993166432
 0.1498640224709913
 0.1368842641747565
 0.1450113919914269
 0.1356411590496533
 0.151150205188094
 0.1423598866229251
 0.1400309900896496
 0.1404354685290873
 0.1407692652040986
 0.1454502777341231
 0.1488152047309966
 0.1498047452217512
 0.1457708503113739
 0.1531324778785709
 0.1453786046974503
 0.1415312162353337
 0.1454999298618933
 0.1530884987139932
 0.1400474599058323
 0.137813598933841
 0.1346050199882239
 0.1454029734477017
 0.142907638425786
 0.1529240619505093
 0.1414826661366018
 0.1388653137098471
 0.1471829734203181
 0.1423084112582091
 0.1500858016078622
 0.1419708731479988
 0.1431571585627279
 0.1381080850696074
 0.1429495309149474
 0.1388023605523268
 0.1441721905816118
 0.1448811181286768
 0.1490197776672233
 0.1419391161708009
 0.1356067440419276
 0.1493181988432296
 0.1436588229047703
 0.1410195312520895
 0.1501634919432322
 0.1442046337785187
 0.1409186968010828
 0.1502470206162178
 0.1526880557040282
 0.1476253200371098
 0.1494958497545788
 0.1431886174959312
 0.1491142718690529
 0.1348368449249061
 0.1382195273754238
 0.1417590762572938
 0.1475066591262501
 0.1466127767676053
 -0.06524234731820791
 0.07538834198284307
 0.01406125081883752
 -0.01303485980363259
 0.02721807958361752
 0.07161160440752937
 0.06687858399941142
 0.07098299153136478
 0.06690934477802203
 0.07046520692631209
 0.06342778194000757
 0.0706424541423364
 0.05913236274552554
 0.0662533869032082
 0.07080327816440402
 0.05570453368632548
 0.06130297492290154
 0.07302534589077155
 0.06533906664244442
 0.06634259013780625
 0.06260387573785792
 0.06493765580899237
 0.06205958461347055
 0.05610953091777449
 0.05962496965109482
 0.06305127739237243
 0.05993837354216436
 0.07209247615694529
 0.05945548084731331
 0.06282773006088729
 0.06367363861320741
 0.0650396295931303
 0.07290079977554324
 0.06549053731401865
 0.06024354919860578
 0.06059645622008797
 0.05625920161993778
 0.06780465695399548
 0.06189884249718011
 0.05428377154109361
 0.05834164073251924
 0.07196266576789714
 0.06268944145400857
 0.07285192688896044
 0.05871570215505445
 0.05886212205818918
 0.06115634194357907
 0.06093070283752358
 0.06239293889949878
 0.06157689595895363
 0.06195386857681939
 0.05785916192536625
 0.05914539159320242
 0.06254087460849578
 0.05699794775757677
 0.06283047905704778
 0.07063242606991907
 0.06016868520636175
 0.06246988458218643
 0.05590693688892262
 0.06384819453239451
 0.06687701871089849
 0.05755608050000256
 0.05578279144155242
 0.07054294134994515
 0.06540220333461302
 0.06582916431432423
 0.06639953381099555
 0.06439903107658418
 0.05682714483657997
 0.06291327700870111
 0.07081362607324646
 0.06274212088186601
 0.06142378488069437
 0.06815472422898997
 0.06716578983728495
 0.06712043817739566
 0.06236571060876081
 0.06165001048056089
 0.06026891237014992
 0.06995471511438686
 0.05918589964049602
 0.06617073916132485
 0.06414496940441178
 0.06332724526856763
 0.06020885721531129
 0.06774283888161774
 0.05897555133801788
 0.06059678410079306
 0.06132517902106817
 0.05980565214206374
 0.0580245809985613
 0.06409083867075707
 0.0652673712595771
 0.0603206844234998
 0.07187852737112729
 0.06151293447086115
 0.06719330582011376
 0.06331895688768513
 0.05633881738073297
 -5.79989695183511e-05
 -8.652151990102414e-05
 -0.01864559028284812
 -0.008584235555797723
 -0.0002885226819348413
 -0.002879210359995462
 -0.000354055942004123
 -0.001505849267374126
 -0.0002700691236552817
 -0.00131299790877059
 -2.908016079894438e-05
 -9.136270914722466e-05
 -5.296788421732535e-06
 -4.928885622253881e-06
 -4.116924511750331e-07
 -1.251621823752935e-07
 -1.132230597333805e-07
 -1.911248392882925e-08
 -2.867301011899581e-08
 -3.324763161310917e-08
 -7.337341834112721e-08
 -4.844092012235013e-08
 -1.948886101804659e-08
 -2.958699431288014e-08
 -1.242266057036034e-08
 -3.744147592660285e-09
 -2.085026180528859e-08
 -3.304271243079193e-08
 -3.792864530782758e-08
 -3.341322214051035e-08
 -4.15684448529241e-08
 -3.29035705765035e-08
 -1.726113394232009e-08
 -4.046072720614857e-08
 -3.478102637149982e-08
 -2.67702443025597e-08
 -6.375149783077738e-10
 -3.602746766195875e-08
 -3.14523271628675e-08
 -2.349449508207146e-08
 -5.735829699052286e-08
 -5.100018088399771e-09
 -3.241409003013063e-08
 -2.288218382828777e-08
 -7.050821066584279e-08
 -8.314889628907585e-08
 -1.945011557022425e-08
 -2.693330509312419e-08
 -6.452829526618076e-08
 -2.692450283212078e-08
 -2.053445115335339e-08
 -1.062953670152855e-07
 -2.806723687492907e-08
 -4.814867564720271e-08
 -8.0804822492897e-08
 -3.365942506661224e-08
 -5.983726888286744e-08
 -1.740421880919163e-08
 -2.589947879078069e-08
 -5.630840078929555e-09
 -4.856445293133227e-08
 -2.707871066265355e-08
 -2.606742936089868e-08
 -3.467469653767319e-08
 -2.222719770912651e-08
 -4.386420788399237e-08
 -2.459740159471702e-08
 -3.813556553183828e-08
 -2.420247465634295e-08
 -1.231352892358539e-07
 -3.006816184925043e-09
 -4.45969473017449e-08
 -3.027242523497009e-08
 -5.570236731242129e-08
 -1.63177458489816e-08
 -9.495818621002572e-09
 -9.769402065096244e-09
 -2.166102786270441e-07
 -3.559000248676281e-08
 -4.888854182594216e-10
 -8.89891736653714e-08
 -4.839571660086861e-10
 -1.983415132481015e-08
 -7.862881812661926e-09
 -3.906281681453905e-08
 -8.718748373964802e-08
 -7.700228583235047e-09
 -2.98936674025807e-11
 -5.663849556372669e-08
 -2.126550076309019e-08
 -4.042079594646086e-08
 -3.884197133374734e-08
 -2.651318027624416e-08
 -2.164729382553299e-08
 -4.372413327236035e-09
 -7.493482231946125e-08
 -2.083841225269945e-08
 -2.670186380338002e-08
 -5.898943826465608e-09
 -1.661412398282214e-08
 0.5727991805718423
 0.5727736700084387
 0.6213235428063213
 0.6128541674262729
 0.6210822026186744
 0.6210822026186744
 0.6359571137292983
 0.6360718427516588
 0.6361032903826839
 0.636302765062585
 0.6362165179152218
 0.6361802932792094
 0.636302765062585
 0.636302765062585
 0.6361402740218745
 0.6362401799696195
 0.6362376116908577
 0.6361975392740203
 0.6361360557708227
 0.6361690594233451
 0.6361444828619912
 0.6362404986567789
 0.6361837142015698
 0.6362050396522876
 0.636302765062585
 0.6362829427389929
 0.6362164106801301
 0.6361681603305607
 0.6362909089003883
 0.6361722486292338
 0.6360777298645347
 0.6360451159625552
 0.6362356042505898
 0.6360626945123574
 0.6361828912342193
 0.6361653051675605
 0.636302765062585
 0.6362398820272869
 0.6362006542511365
 0.6361922945480223
 0.6362520793749479
 0.636302765062585
 0.636179588080382
 0.6362217393746503
 0.6362869716418925
 0.6362473099062013
 0.6360574750291887
 0.6361661671450533
 0.6360761499102647
 0.6360322784178418
 0.636302765062585
 0.6361676824220144
 0.63622525317359
 0.636302765062585
 0.63617724316836
 0.6360852366148598
 0.6362163204754564
 0.6361741952298133
 0.6360730304196262
 0.6361661786076707
 0.6360457127996387
 0.636302765062585
 0.6361121481239242
 0.6361912936936548
 0.6362546983706199
 0.6360737619484053
 0.636302765062585
 0.6362624269769865
 0.6361269404762464
 0.6361995247059252
 0.6360688455830872
 0.6360197266680494
 0.6361297997899872
 0.636153654964937
 0.636302765062585
 0.636233488727117
 0.6362229439103517
 0.6361286411767496
 0.6362414913434173
 0.6361885273174128
 0.6361454031239683
 0.6360502464663128
 0.6362156130075407
 0.636215799868607
 0.6361870957139043
 0.6361665098782425
 0.6360609236004738
 0.6361375047612895
 0.6361413614754156
 0.6362818345391508
 0.6361651721839359
 0.6361042416183563
 0.6360698069047017
 0.636195553048797
 0.6361493093381733
 0.6361821298625703
 0.6362829631771294
 0.636302765062585
 0.6361668682279398
 0.6361936154356627
 0.1629127270262677
 0.2084800924978305
 0.1832329946720768
 0.152311058754929
 0.137329326502513
 0.137329326502513
 0.1576495941483221
 0.137329326502513
 0.1557692766110205
 0.1723271414390722
 0.2547630114148713
 0.2563515025287689
 0.2586775981307249
 0.2606933825724244
 0.2613303500100262
 0.2608046573093382
 0.2602492901154788
 0.2626296478184018
 0.2620776043702586
 0.2617309279423142
 0.2621714318241616
 0.2600864707546952
 0.262979937190138
 0.258048129684147
 0.2598637710896756
 0.2616238346751577
 0.2607522427854347
 0.2619483219474967
 0.2623156986349509
 0.2614164721438397
 0.2620428267950415
 0.2616354545659021
 0.2616482168729374
 0.2614979369070226
 0.2584057055062885
 0.261892882184524
 0.2619802871727616
 0.262032219278758
 0.2617402292692831
 0.2611034863458594
 0.2616738839340931
 0.2621574812793772
 0.2626784993204053
 0.2580914933045257
 0.2602642713660046
 0.2623041341297472
 0.2615445822511194
 0.2546265857573941
 0.2616395201511977
 0.260066666698547
 0.2614042490478026
 0.261605474146262
 0.2614565210069161
 0.2608855185656273
 0.2588623925017697
 0.2615629010192109
 0.2621568613675712
 0.261958099200399
 0.2615842155110202
 0.2613295191670268
 0.2617057792241487
 0.260749402859345
 0.2603184849416705
 0.2620844867230765
 0.2615657957163106
 0.2610632775121365
 0.262555658753163
 0.2599618248813624
 0.2609642891378132
 0.261843531967584
 0.2596764798092195
 0.2615151774181695
 0.260581831600031
 0.2604902729317653
 0.2624520781139175
 0.2610930567829944
 0.2604537695646238
 0.2618397515505196
 0.2617962519597449
 0.2584392765406455
 0.2570983964829069
 0.2622891794958563
 0.261446344307281
 0.2612473172990417
 0.261091025888919
 0.2616404775764656
 0.2609356111970257
 0.2630222929380884
 0.262349288037484
 0.2622160409435849
 0.2615241031874134
 0.2620074821654036
 0.2611647322267445
 0.2614263568493442
 0.2601188905359174
 0.261950569169945
 0.2614290667596718
 0.2624238138402011
 0.2631154024031809
 0.2624392013841555
 -0.2471529394560931
 -0.2471529394560931
 -0.2471529394560931
 -0.08396226086116221
 0.1112116309632863
 0.0997016821020589
 0.08129142836375242
 0.135113464859361
 0.138904750240256
 0.1441272959270992
 0.12950858779903
 0.1468627277121047
 0.1433282735593644
 0.1472566141483538
 0.132909849258329
 0.1445925291090482
 0.146981764899085
 0.1500034393506538
 0.146935410506394
 0.1412308117873884
 0.1468019809099072
 0.1472967831532416
 0.1376878890947444
 0.1447085270358952
 0.149346743667301
 0.1446817462470589
 0.1541314241312696
 0.1431239389912902
 0.1516758912996362
 0.1505451305699061
 0.1465159216619927
 0.1497717194196877
 0.1441760473875625
 0.1497976407847578
 0.1381252081395951
 0.1358677976419803
 0.1386269883338831
 0.1470981626021309
 0.1451506453699369
 0.1371962003218559
 0.1352599238481721
 0.1416750492485392
 0.1367991470883136
 0.1410209363660641
 0.1529738322404377
 0.1454098220168133
 0.1406000103172893
 0.1463574495447894
 0.1379387268531524
 0.1432343503007314
 0.1458937360505186
 0.1397773496847257
 0.1460633580552754
 0.1484581240874984
 0.1352498161479958
 0.1460477362994851
 0.1491851537672518
 0.148061233295586
 0.1433223168924146
 0.1497353634895565
 0.1401714783486387
 0.1398317128975264
 0.1408502308915118
 0.1481198622095623
 0.1419358750358073
 0.1456266924949972
 0.1453289453163319
 0.1452594658909195
 0.1350408793602187
 0.1387352599501827
 0.1361132284732178
 0.1381025828530328
 0.1413419452165568
 0.1524723315674497
 0.1446737678125908
 0.1481668213521064
 0.154430870693155
 0.1411584825673265
 0.143241656345584
 0.1419787546839758
 0.1403678203653394
 0.1410091575211806
 0.1403010231454315
 0.1406548821432839
 0.143365984495012
 0.1487901271843965
 0.148138857946888
 0.1433490011116672
 0.144464226947793
 0.1451080085035946
 0.1378531246344047
 0.1484297682521274
 0.1498364363182392
 0.1450549849512724
 0.1420816170773894
 0.1376143779161758
 0.1422901779020085
 0.1407534671245874
 0.1517185546697181
 0.143853662223732
 -0.7365482264299009
 -0.5420527930488613
 -0.3430795341149683
 -1.118080117931121
 -0.03587620665187038
 0.05498626277372794
 0.0589596461458676
 0.06281807057630967
 0.06036189724485791
 0.07151075053979764
 0.05929177423543885
 0.06674866150647474
 0.0574691260066935
 0.0618649033338602
 0.06538408528095231
 0.0609530828875476
 0.06346861191168632
 0.06055752879091669
 0.0643771003429333
 0.06696850009881238
 0.06633474956717766
 0.06506217345521435
 0.06015675568983386
 0.05711636050717286
 0.07018481752146159
 0.06021878613697748
 0.06009988755304904
 0.06519435689264794
 0.0581733250451596
 0.0684334251579084
 0.06531526108589915
 0.06437126733372298
 0.06596172842886816
 0.06719768972960369
 0.06296197249566529
 0.06614319891284391
 0.05799721739969424
 0.06182026474996977
 0.06784907134670876
 0.06082034210712572
 0.05959772762529328
 0.05983882565630781
 0.06878647358392169
 0.07035937192792133
 0.05825723017371509
 0.07022648515711991
 0.05898743065367351
 0.06101905539361148
 0.07121440560622917
 0.06678538461041973
 0.06073193463229895
 0.06758007491424051
 0.07015022826340003
 0.06785755382377888
 0.05971532634565714
 0.06344948998502495
 0.0580726348814173
 0.06787117921936002
 0.06238203255065553
 0.06375484206435809
 0.0585589141065288
 0.06234206456996755
 0.06183700107381282
 0.05769343308651846
 0.05625686424294268
 0.05428937849294171
 0.06559091832749307
 0.06729324701308145
 0.06279116683355522
 0.05508420826472817
 0.07142497605334483
 0.05773722668504756
 0.05384806827618932
 0.06673850199686876
 0.06279425131489261
 0.0714372162457857
 0.06048818464115679
 0.06720387369102505
 0.05633209167729418
 0.06099177779316875
 0.07193191848825867
 0.05622760333830645
 0.06667308235005601
 0.05956760543565283
 0.06227163045593506
 0.0690507347564223
 0.07231228405664865
 0.058101672672713
 0.06591606075496653
 0.06282643822903392
 0.06951899751300022
 0.05635558977561085
 0.06551242837782106
 0.06256825640302598
 0.05809457576812001
 0.05679353184682001
 0.06524446580984536
 0.06914175527925912
 0.06928540597872529
 0.0722027243941383
 -0.6785595000333092
 -0.2975918204010525
 -0.03641535118720279
 -0.02656547254432387
 -0.02826935830504263
 -0.05694389961329641
 -0.002538618237051368
 -0.001592021005723185
 -0.0006167427426046063
 -0.0008627399572600086
 -0.0005628979695776366
 -4.929833808844236e-05
 -0.0002018672759974832
 -0.0001482749111961709
 -1.678453424643067e-06
 -2.414246631984862e-07
 -7.393622398349509e-08
 -3.406476793699209e-08
 -4.443296655956552e-08
 -3.291809860112016e-08
 -8.307796492412756e-09
 -5.156672183703748e-08
 -9.371480924613707e-09
 -8.358525811040518e-07
 -1.121291088451715e-08
 -8.516650533418879e-08
 -3.298425434866692e-08
 -2.170645174368047e-08
 -5.512809236885019e-09
 -7.588971807914735e-08
 -3.4123659869989e-09
 -5.557196007012488e-08
 -4.638737869169796e-08
 -3.421952099111336e-08
 -7.59626634545818e-08
 -2.982661637118689e-08
 -8.24051521464142e-08
 -1.387695930388233e-08
 -1.596746077719979e-08
 -3.390208580880683e-08
 -3.357323857811068e-08
 -3.647832733100209e-08
 -2.11071290584508e-08
 -7.212218325336472e-08
 -7.816568631593968e-08
 -3.896185796561924e-08
 -6.126342488865788e-09
 -6.647930535230717e-08
 -8.060847535296123e-08
 -1.035373386332195e-08
 -4.112028308828064e-08
 -1.599200916135857e-08
 -1.436656220377142e-08
 -9.179022528171821e-09
 -6.320925327249483e-08
 -8.091678728103235e-08
 -1.870839719947393e-08
 -1.876941571783697e-08
 -5.537443134237541e-08
 -1.310131841469192e-08
 -2.484079126077732e-08
 -2.440596428426867e-08
 -3.203103956378461e-08
 -2.4551376591464e-08
 -2.151864082061694e-08
 -4.09505744383698e-08
 -4.580530005987571e-08
 -5.735664438538679e-08
 -2.557191159519023e-08
 -1.657561558843224e-08
 -2.839553083118507e-08
 -2.349779049809486e-08
 -9.064982112172437e-09
 -4.073246956393106e-08
 -1.112454756785342e-08
 -1.471133347086262e-08
 -1.056325460088714e-08
 -2.059295071271672e-08
 -1.046381614341896e-08
 -3.735604646448731e-08
 -1.371738873878758e-08
 -1.435033254032492e-08
 -7.240763146357243e-08
 -7.943595614623433e-09
 -3.75108340500141e-08
 -4.851082350404434e-08
 -3.714243602959133e-08
 -1.603436217134657e-09
 -1.593489706158691e-08
 -6.767117696759861e-08
 -4.864480719971032e-08
 -1.133089653354569e-08
 -4.698185550322531e-08
 -1.650159121499573e-08
 -3.53194404591195e-08
 -1.276464742933081e-08
 -6.08745338998018e-08
 -1.448078353408211e-08
 -5.639163947607218e-08
 -3.33726252674249e-08


