# Created by Octave 4.0.0, Fri Apr 20 17:13:20 2018 CEST <olethros@olethros-OptiPlex-9010>
# name: PU
# type: matrix
# ndims: 3
 100 5 2
 0.5221408110181223
 0.5890536600463044
 0.6526681058083109
 0.589708159362077
 0.6575876850946992
 0.6637852271684329
 0.6800518005908273
 0.680075242394238
 0.6800915273935358
 0.6801021786566827
 0.6801092463746108
 0.6801181625588069
 0.6801167426098664
 0.6800757071012828
 0.680112402543035
 0.6801198954388012
 0.6801213901763978
 0.680124990856569
 0.6801251364446044
 0.680125119845665
 0.6801249989799958
 0.6801251283647267
 0.6801251441286399
 0.6801251671348263
 0.6801251400026261
 0.6801251728818466
 0.6801251791016467
 0.6801251772073367
 0.6801251797892858
 0.6801251786484385
 0.6801251819622215
 0.6801251819342701
 0.6801251829622209
 0.6801251830001486
 0.6801251830093552
 0.6801251830089829
 0.6801251830134917
 0.6801251830012501
 0.6801251830057474
 0.6801251830154563
 0.6801251830151053
 0.6801251830142513
 0.6801251830156523
 0.680125183015972
 0.6801251830160447
 0.6801251830161245
 0.6801251830161273
 0.6801251830161277
 0.6801251830161279
 0.6801251830161279
 0.6801251830161279
 0.6801251830161279
 0.6801251830161279
 0.6801251830161278
 0.6801251830161279
 0.6801251830161279
 0.6801251830161279
 0.6801251830161279
 0.6801251830161279
 0.6801251830161279
 0.6801251830161279
 0.6801251830161279
 0.6801251830161279
 0.6801251830161279
 0.6801251830161279
 0.6801251830161279
 0.6801251830161279
 0.6801251830161279
 0.6801251830161279
 0.6801251830161279
 0.6801251830161279
 0.6801251830161279
 0.6801251830161279
 0.6801251830161279
 0.6801251830161279
 0.6801251830161279
 0.6801251830161279
 0.6801251830161279
 0.6801251830161279
 0.6801251830161279
 0.6801251830161279
 0.6801251830161279
 0.6801251830161279
 0.6801251830161279
 0.6801251830161279
 0.6801251830161279
 0.6801251830161279
 0.6801251830161279
 0.6801251830161279
 0.6801251830161279
 0.6801251830161279
 0.6801251830161279
 0.6801251830161279
 0.6801251830161279
 0.6801251830161279
 0.6801251830161279
 0.6801251830161279
 0.6801251830161279
 0.6801251830161279
 0.6801251830161279
 0.5186697479554793
 0.5978200486830982
 0.6113757792954744
 0.6526834981101871
 0.5897443389536854
 0.5891051863178315
 0.5644952403343012
 0.6586754054412673
 0.6793500361745503
 0.679398658097901
 0.6795016689500389
 0.679576447180803
 0.6795804987500439
 0.6795811186088537
 0.6795815750958669
 0.6795812626075037
 0.6795817369501167
 0.6795817506331748
 0.6795817892844646
 0.6795817987625299
 0.679581758132232
 0.6795817767891942
 0.6795817985207351
 0.6795818039872868
 0.6795818059464954
 0.6795818071295112
 0.6795818074274811
 0.6795818074545444
 0.6795818074892209
 0.6795818075092586
 0.6795818074723278
 0.679581807469138
 0.6795818074360385
 0.6795818074310703
 0.6795818074655618
 0.6795818075179672
 0.6795818075437957
 0.67958180754971
 0.6795818075495395
 0.6795818075527381
 0.6795818075530226
 0.6795818075535743
 0.6795818075536199
 0.679581807553615
 0.6795818075537104
 0.6795818075537381
 0.6795818075537337
 0.6795818075537337
 0.6795818075537463
 0.6795818075537463
 0.6795818075537469
 0.6795818075537483
 0.6795818075537482
 0.6795818075537483
 0.6795818075537491
 0.6795818075537489
 0.6795818075537502
 0.6795818075537502
 0.6795818075537504
 0.6795818075537493
 0.6795818075537493
 0.6795818075537494
 0.6795818075537494
 0.6795818075537494
 0.6795818075537481
 0.6795818075537494
 0.6795818075537499
 0.6795818075537494
 0.6795818075537494
 0.6795818075537494
 0.6795818075537494
 0.6795818075537505
 0.6795818075537492
 0.6795818075537494
 0.6795818075537503
 0.6795818075537494
 0.6795818075537483
 0.6795818075537492
 0.6795818075537514
 0.6795818075537483
 0.679581807553749
 0.6795818075537494
 0.6795818075537494
 0.679581807553749
 0.6795818075537494
 0.6795818075537494
 0.679581807553749
 0.6795818075537488
 0.6795818075537494
 0.6795818075537494
 0.6795818075537483
 0.6795818075537494
 0.6795818075537494
 0.6795818075537501
 0.6795818075537468
 0.6795818075537492
 0.6795818075537483
 0.6795818075537496
 0.6795818075537492
 0.6795818075537492
 0.5055464527437322
 0.526079453101935
 0.6155447617740868
 0.6704179408847416
 0.6467266654100746
 0.6561494244801489
 0.6563077061062653
 0.6536195106437576
 0.6620560585997927
 0.6618980011217486
 0.662779720950797
 0.6624537955166401
 0.6641792760728084
 0.6641857219086102
 0.665346659245035
 0.665440246093457
 0.6653920821992121
 0.6654378596694175
 0.6654508435664764
 0.6654046442479002
 0.6654202904338682
 0.6653939738417755
 0.6654239724215655
 0.6654565717918761
 0.6653793344577196
 0.6654479349412352
 0.6655040770873606
 0.6654182006036456
 0.665422163643374
 0.6654308896517352
 0.6653918594082754
 0.6653908557893369
 0.6654582516296991
 0.6654449538967776
 0.6654278586079428
 0.6653930249009423
 0.6654148692030508
 0.6654302583961698
 0.665422903724595
 0.6654559933195319
 0.6654072261614588
 0.6653987133756432
 0.6653801984703012
 0.6653929981489698
 0.6654212458721028
 0.6654525059185309
 0.6654077466611718
 0.66541771604986
 0.6653868273107338
 0.6654067774777301
 0.6654376894769384
 0.6654468220751482
 0.6654172797851674
 0.6654398102576686
 0.665420306372967
 0.6654159355865796
 0.6653957358967671
 0.6654349598438123
 0.6654771363884874
 0.6654345717614762
 0.6654573918507752
 0.6654087048345919
 0.6653605955384337
 0.6654021288926568
 0.665446469640038
 0.6653864726594605
 0.665437637369278
 0.6654273532428882
 0.6654311680322643
 0.6653962726805582
 0.6654538081085416
 0.6654150243650091
 0.6654100623105283
 0.6654448382390056
 0.6654199952888666
 0.6653838368896891
 0.6654478544484884
 0.6654685492368311
 0.6654305982480029
 0.665422774567785
 0.6654089088751055
 0.6654324196305557
 0.6654203476061045
 0.6654277218612865
 0.6654393175018914
 0.6653840954761832
 0.6654254639790596
 0.6654700880366535
 0.6654246182719122
 0.6654429041631454
 0.6654345176967792
 0.6654239783535083
 0.6653974306348102
 0.6654535051387619
 0.6654020659849624
 0.6654301121320184
 0.6654137580899436
 0.6654632220013862
 0.6654584359116584
 0.665449120015678
 0.5140992571043572
 0.5915767499931024
 0.6334684423444974
 0.6339089197943465
 0.6327850607378711
 0.6532588180833306
 0.6527512938559319
 0.6507923328977008
 0.6440476892750177
 0.6509000668232983
 0.6532765447775558
 0.6509034741819524
 0.6532835443482647
 0.6532841729286035
 0.6532840176100496
 0.6532842675015793
 0.6532843426037658
 0.6532843505770782
 0.6510632823501745
 0.6532843657219363
 0.6532843685882941
 0.6513462150827226
 0.6532843687296094
 0.6515514066753687
 0.6532843687463429
 0.653284368748412
 0.6532843687465167
 0.6532843687465012
 0.6532843687466785
 0.6532843687466615
 0.65328436873756
 0.6532843687151524
 0.6532843687075638
 0.6532843687451738
 0.6532843687456853
 0.6532843717894044
 0.6518235332463174
 0.6532843687413084
 0.6532843687457303
 0.6532843687467396
 0.6532843687465874
 0.6532844926463155
 0.6532843687470923
 0.6532843687470908
 0.6514496600911951
 0.653284368747128
 0.6527158108524804
 0.6532843687471281
 0.6519571745584364
 0.6532843687471297
 0.6532844649959312
 0.6532843687471286
 0.6532843687471293
 0.6532843687471286
 0.6532843687471286
 0.6517126832982447
 0.6532843687471538
 0.6532843687471286
 0.6532843687471286
 0.6532843689706294
 0.6532843687471286
 0.6532843687471286
 0.6532843687471286
 0.6531428458902511
 0.6532843687471286
 0.6532843687471286
 0.6532843721200684
 0.6521526164864302
 0.6532843687471286
 0.6527765281566414
 0.6532843832565434
 0.6532843687471286
 0.6532843705672955
 0.6532843687471286
 0.6512236027015401
 0.6520851638220928
 0.6532843687471286
 0.6528662401282481
 0.6519062370052102
 0.6526469505596176
 0.6532843687471286
 0.6532843687471286
 0.6532843687471286
 0.6532843775477392
 0.6532843687471286
 0.6532843687471286
 0.6532843948348985
 0.6532843687488111
 0.6532843705496526
 0.6528023043358879
 0.6532843687471286
 0.6532843687471286
 0.6532843687471286
 0.6532843687471285
 0.6532843836164829
 0.6532843687471286
 0.6532843687471285
 0.6510462441592101
 0.6532843687471749
 0.6532843687471286
 0.4971513126356854
 0.4993087351903482
 0.5041959233459188
 0.5028794000719523
 0.4785007977757908
 0.4965355215800141
 0.4650632946595937
 0.4868587243649256
 0.4818555964344103
 0.5389827527379067
 0.5006055017409807
 0.5032655586474664
 0.4874548335194608
 0.5214030155399411
 0.4976710248504346
 0.5283655154809983
 0.4460437661487971
 0.5044923248977241
 0.457070591377403
 0.4714560130525823
 0.4748136938177612
 0.4787981755216243
 0.5014597538723929
 0.4711402141470953
 0.4708194663705163
 0.5280621507713981
 0.4461945430997429
 0.5043815956278379
 0.4413944850011248
 0.4749092549095458
 0.4818829422806186
 0.4860003277336674
 0.5347408239812668
 0.5027493846219063
 0.4682506774517681
 0.5467425261159166
 0.5110160574383691
 0.5047739508654622
 0.5104519683898585
 0.5133514240499014
 0.5088817135855157
 0.4770844547984293
 0.5152622059508214
 0.4874976918234168
 0.4826204981826814
 0.4859568767376758
 0.5141033924261613
 0.5262135869854291
 0.4902501154471223
 0.4704276438021616
 0.4807440727044269
 0.5150589579096674
 0.5330581440413584
 0.4724286541295897
 0.5464257621390289
 0.5213356676330707
 0.5254391657244598
 0.5544459038366473
 0.4869829310423887
 0.4741907252790425
 0.4800362191366221
 0.4729788632367559
 0.5119119127130378
 0.5447939326829864
 0.5362218142719951
 0.4980647773029239
 0.495414418621679
 0.4907048024640051
 0.53449941425308
 0.5130725380663782
 0.4692463498544523
 0.472947687723229
 0.519911881838776
 0.4520114827489262
 0.5120838558087936
 0.5226151980536083
 0.5171912088572836
 0.5503698530830922
 0.5188072202393702
 0.5148310403112284
 0.4714635661297212
 0.4925544676035825
 0.4852063791811173
 0.5334791098640972
 0.4812527272531806
 0.4754551764046527
 0.5196652959815244
 0.5169534144186841
 0.4831604778686788
 0.4696818904142439
 0.4697427022962942
 0.4945180167915958
 0.4962811727922182
 0.5204804125141335
 0.5418529092018646
 0.4455971311833625
 0.4663748119797936
 0.5212418745471925
 0.4886544846934835
 0.4953308954707746
 0.5221621681395672
 0.5381098632308239
 0.4252740833377858
 0.4746367017366229
 0.5099242128006705
 0.5135581114578798
 0.582637706301341
 0.6560113187284327
 0.6560113187284327
 0.6801251830161279
 0.6801251830161279
 0.6745535966125233
 0.6801251830161279
 0.6801251830161279
 0.6801251830161279
 0.6801251830161279
 0.6801251830161279
 0.6801251830161279
 0.6801251830161279
 0.6801251830161279
 0.6801251830161279
 0.6801251830161279
 0.6801251830161279
 0.6801251830161279
 0.6801251830161279
 0.6801251830161279
 0.6801251830161279
 0.6801251830161279
 0.6801251830161279
 0.6801251830161279
 0.6801251830161279
 0.6801251830161279
 0.6801251830161279
 0.6801251830161279
 0.6801251830161279
 0.6801251830161279
 0.6801251830161279
 0.6801251830161279
 0.6801251830161279
 0.6801251830161279
 0.6801251830161279
 0.6801251830161279
 0.6801251830161279
 0.6801251830161279
 0.6801251830161279
 0.6801251830161279
 0.6801251830161279
 0.6801251830161279
 0.6801251830161279
 0.6801251830161279
 0.6801251830161279
 0.6801251830161279
 0.6801251830161279
 0.6801251830161279
 0.6801251830161279
 0.6801251830161279
 0.6801251830161279
 0.6801251830161279
 0.6801251830161279
 0.6801251830161279
 0.6801251830161279
 0.6801251830161279
 0.6801251830161279
 0.6801251830161279
 0.6801251830161279
 0.6801251830161279
 0.6801251830161279
 0.6801251830161279
 0.6801251830161279
 0.6801251830161279
 0.6801251830161279
 0.6801251830161279
 0.6801251830161279
 0.6801251830161279
 0.6801251830161279
 0.6801251830161279
 0.6801251830161279
 0.6801251830161279
 0.6801251830161279
 0.6801251830161279
 0.6801251830161279
 0.6801251830161279
 0.6801251830161279
 0.6801251830161279
 0.6801251830161279
 0.6801251830161279
 0.6801251830161279
 0.6801251830161279
 0.6801251830161279
 0.6801251830161279
 0.6801251830161279
 0.6801251830161279
 0.6801251830161279
 0.6801251830161279
 0.6801251830161279
 0.6801251830161279
 0.6801251830161279
 0.6801251830161279
 0.6801251830161279
 0.6801251830161279
 0.5221621681395672
 0.5697023298703621
 0.5988444271368876
 0.6181456082481488
 0.5395181572978226
 0.5167638877686679
 0.4463823659140468
 0.5606675446654652
 0.5167638877686679
 0.5242877978861116
 0.6427292940201746
 0.676904005821384
 0.6796397769975684
 0.6796443355580988
 0.679670030900249
 0.6795861110189969
 0.6795863659655976
 0.6795820272524897
 0.6795818560314366
 0.6795818162014788
 0.6795818231341961
 0.6795818140447532
 0.6795818129709055
 0.6795818078202605
 0.6795818076567979
 0.6795818079883191
 0.6795818128027538
 0.6795818113786269
 0.6795818085393845
 0.6795818082854244
 0.6795818083621492
 0.6795818083427285
 0.6795818077393521
 0.6795818075817557
 0.6795818076544238
 0.6795818076716069
 0.6795818076393678
 0.6795818076750133
 0.679581807602335
 0.6795818075728668
 0.6795818075584463
 0.6795818075549116
 0.6795818075561888
 0.679581807557224
 0.6795818075551363
 0.6795818075578817
 0.6795818075580868
 0.6795818075555033
 0.6795818075544551
 0.6795818075549429
 0.679581807554227
 0.6795818075539373
 0.6795818075538189
 0.6795818075538955
 0.6795818075543854
 0.6795818075542135
 0.6795818075538587
 0.6795818075539597
 0.6795818075539026
 0.6795818075539093
 0.6795818075539162
 0.6795818075539235
 0.6795818075537905
 0.6795818075538065
 0.679581807553751
 0.6795818075537527
 0.679581807553751
 0.6795818075537512
 0.6795818075537505
 0.6795818075537507
 0.6795818075537499
 0.6795818075537492
 0.6795818075537507
 0.679581807553749
 0.6795818075537494
 0.679581807553749
 0.6795818075537494
 0.679581807553749
 0.6795818075537496
 0.6795818075537494
 0.6795818075537485
 0.6795818075537492
 0.6795818075537494
 0.6795818075537492
 0.6795818075537494
 0.6795818075537492
 0.6795818075537494
 0.6795818075537479
 0.6795818075537501
 0.6795818075537488
 0.6795818075537496
 0.6795818075537494
 0.6795818075537494
 0.6795818075537494
 0.6795818075537492
 0.6795818075537488
 0.6795818075537461
 0.679581807553749
 0.6795818075537492
 0.6795818075537496
 0.526681015795496
 0.5902412056576997
 0.6099573468998244
 0.5988444271368876
 0.5951529598108963
 0.5988444271368876
 0.5988444271368876
 0.5988444271368876
 0.5704766278406777
 0.4998458177900631
 0.5156037266489936
 0.6422832067331653
 0.642293174430577
 0.6422611204393848
 0.6662377321936128
 0.6656469154518132
 0.6655184790843959
 0.6654888353261196
 0.6655086291633614
 0.6654550265061282
 0.6655456928794875
 0.6654540981214768
 0.6654075751377903
 0.665457001034919
 0.6654221727545218
 0.665401322411078
 0.6654752423007135
 0.665423631795875
 0.6654072272303929
 0.6654068108356714
 0.6654808141906928
 0.6654507161715834
 0.6654382715288416
 0.6654484681774516
 0.6654315184743649
 0.6654262012468485
 0.6654509296101132
 0.665370890832895
 0.6654224145649631
 0.6654273028352399
 0.6654765045446472
 0.6654017820371195
 0.6654063417775185
 0.6654019800024921
 0.6654543920475907
 0.6654147394293365
 0.665457795815207
 0.6654982055782335
 0.6654020068129999
 0.6654598383628593
 0.6654089705645098
 0.6654000742232339
 0.6654102688405787
 0.6654551938499694
 0.6654206223653814
 0.6654047453536645
 0.6653950689359084
 0.6654445048576098
 0.6654820282700781
 0.6654309046628382
 0.6654137101008417
 0.6654578101730561
 0.665441094135657
 0.6654170240267561
 0.6654269382710184
 0.6653883063628019
 0.6653667941019767
 0.6654225955912183
 0.6654330258634896
 0.6654504682701162
 0.6654190863451949
 0.6654907592537038
 0.6654506290974036
 0.665466621901054
 0.665440978967148
 0.6654187803622957
 0.6654262795605356
 0.665412537630811
 0.6654284115400586
 0.6653987659768213
 0.6654742861151236
 0.6653968973298238
 0.6654036971652983
 0.6654245593119673
 0.6654082628239676
 0.6654557182909571
 0.6654434922590194
 0.6654128490938552
 0.6654394017135127
 0.6654094525789767
 0.6654109802408347
 0.6655108735020662
 0.6654023514687387
 0.665408826759424
 0.6654348175846669
 0.6654378561259418
 0.665421541770856
 0.6654062576379628
 0.6654436086267108
 0.6654231345646323
 0.5450792117866928
 0.5474813140931101
 0.6025465092113291
 0.591282640184602
 0.6531278249868883
 0.6521269758200432
 0.650111183706656
 0.513698861416522
 0.6520916342392885
 0.6531437827073248
 0.6532584369140265
 0.6532797415701914
 0.6532843783210732
 0.6532841545920979
 0.6532843867703895
 0.6532843636701626
 0.6532844141106465
 0.6530623445032525
 0.6532843740759325
 0.6521116608703967
 0.6532843692535244
 0.6532843689449848
 0.6506275371072141
 0.6532843688289897
 0.6532843689145829
 0.6532843688622832
 0.6518384852132811
 0.6513285563382966
 0.6532843687454593
 0.6532843777250235
 0.6532845570996781
 0.6532843687471517
 0.6532844365825745
 0.6532843732497522
 0.6532843688301356
 0.6532843687487502
 0.6532843687471281
 0.6520504407640587
 0.6532843687471286
 0.6532843687471286
 0.6532843695685308
 0.6532843687471286
 0.6532843687471285
 0.6532843687471285
 0.6532843687471291
 0.6532843687471286
 0.6532843687471285
 0.6532843687471285
 0.6511410730846193
 0.6532843687471285
 0.6532843687959453
 0.6532843687471286
 0.6508984628747289
 0.6532843687471286
 0.6532843689712612
 0.6532843687471297
 0.6521234189581719
 0.6532843687471298
 0.6532843687471286
 0.6532843687471293
 0.6532843687472696
 0.6532843687471286
 0.651644238064615
 0.6532843687471286
 0.6532844035651187
 0.6532843687471286
 0.6532843687471286
 0.6532843689250435
 0.6532843687471286
 0.6529690323197007
 0.6532843687471286
 0.6532843687471286
 0.6532843687471286
 0.6521359125679562
 0.6532111052212964
 0.6532845426432576
 0.6532843688847414
 0.6532843687471286
 0.6532843687471286
 0.6532843687471286
 0.6532843687471286
 0.6532843687471286
 0.6532843687471286
 0.6532843687471286
 0.6532843687471286
 0.6532843687488118
 0.6532843687477468
 0.6532843687471286
 0.6532843687471286
 0.6532843687471286
 0.65313529419521
 0.6532843687535049
 0.6532843687471286
 0.6532843687471286
 0.6517544127776995
 0.6530217833462623
 0.6532843687471286
 0.6532843687503006
 0.6532843687471286
 0.6529499217826071
 0.5153990598186317
 0.5287936315853746
 0.5735386024538776
 0.5163293467628338
 0.4427644172444423
 0.5345230599871613
 0.5060659338104492
 0.4208198720600521
 0.5046804176395869
 0.5033154680014589
 0.4760961165230564
 0.5418857417656575
 0.5509390223911489
 0.5240570760552845
 0.5064070524139198
 0.5089136603992751
 0.4972551573706123
 0.5285570856574944
 0.4400993266528372
 0.4866805731537028
 0.5087347018686735
 0.5189892555669166
 0.4673644051186107
 0.5366561335834483
 0.4903196708108116
 0.4772849429450897
 0.5379145470160943
 0.5299730144878929
 0.4562403278828707
 0.4853469614070555
 0.510750851891342
 0.4463858110463475
 0.4681800308203521
 0.4937918145224208
 0.4830151867502931
 0.4915067588829549
 0.5371270747024282
 0.5196170332090746
 0.4585233824477101
 0.5275404959378994
 0.5130765636244039
 0.5429935342345882
 0.4939934429102746
 0.4571184656689488
 0.5583675553683195
 0.4905408914377302
 0.5319724275970434
 0.4997457456422188
 0.523624744817158
 0.525471786760811
 0.5149543041438933
 0.4701434809418613
 0.5248067759438797
 0.5116158319015036
 0.4534135874584674
 0.5141034464239239
 0.525437467802035
 0.4812079460310672
 0.5029536178930352
 0.5270977408235004
 0.4767347743837252
 0.5379191905046944
 0.476635948920472
 0.4678002682714055
 0.4712471319053538
 0.526499864536048
 0.4968677255684808
 0.5214957574177894
 0.4723344851027725
 0.4493801686373297
 0.5099064139476782
 0.4849914084816179
 0.4996979531094394
 0.4686106839463025
 0.5065283562531415
 0.559316573044659
 0.4908732334885804
 0.5170404503349624
 0.499189148793774
 0.5129116259804933
 0.5102752505728857
 0.515421286585828
 0.4461907321276741
 0.4845302813048437
 0.502525452957306
 0.4739351281469856
 0.5474561720085716
 0.4925991641505147
 0.4645344194633041
 0.4670111260629631
 0.5273954718196658
 0.544585486589053
 0.5214173856344042
 0.5138890205250365
 0.4404018016579441
 0.459178900054224
 0.4595893651885344
 0.4999327879698013
 0.5089315640165248
 0.506492997105052


# name: PF
# type: matrix
# ndims: 3
 100 5 2
 1.396891082327583
 0.4272182499846086
 0.2298800353141828
 0.9418322212012549
 0.5965924634820743
 0.5567795438561824
 0.7188169873394245
 0.7188938779301071
 0.7189565420282563
 0.7190045526821532
 0.7190393182416424
 0.7190823908351656
 0.7190721704293082
 0.7188039572243742
 0.7190431436789739
 0.7190917081483085
 0.7191014229933612
 0.719124931724198
 0.7191258791407725
 0.7191257681207877
 0.7191249828893709
 0.7191258304197812
 0.7191259292962363
 0.7191260750200235
 0.7191259024357918
 0.7191261131512316
 0.719126154201762
 0.7191261422027786
 0.7191261574078398
 0.7191261497883652
 0.7191261714076812
 0.7191261711652306
 0.7191261778843127
 0.7191261781359863
 0.7191261782097403
 0.719126178201434
 0.719126178228896
 0.7191261781695579
 0.7191261781700568
 0.7191261782315674
 0.7191261782291263
 0.7191261782300311
 0.7191261782349324
 0.7191261782350782
 0.719126178235131
 0.7191261782350137
 0.7191261782350115
 0.7191261782350123
 0.7191261782350138
 0.7191261782350142
 0.7191261782350143
 0.7191261782350143
 0.7191261782350145
 0.7191261782350136
 0.7191261782350142
 0.7191261782350143
 0.7191261782350143
 0.7191261782350143
 0.7191261782350143
 0.7191261782350143
 0.7191261782350143
 0.7191261782350143
 0.7191261782350143
 0.7191261782350143
 0.7191261782350143
 0.7191261782350143
 0.7191261782350143
 0.7191261782350143
 0.7191261782350143
 0.7191261782350143
 0.7191261782350143
 0.7191261782350143
 0.7191261782350143
 0.7191261782350143
 0.7191261782350143
 0.7191261782350143
 0.7191261782350143
 0.7191261782350143
 0.7191261782350143
 0.7191261782350143
 0.7191261782350143
 0.7191261782350143
 0.7191261782350143
 0.7191261782350143
 0.7191261782350143
 0.7191261782350143
 0.7191261782350143
 0.7191261782350143
 0.7191261782350143
 0.7191261782350143
 0.7191261782350143
 0.7191261782350143
 0.7191261782350143
 0.7191261782350143
 0.7191261782350143
 0.7191261782350143
 0.7191261782350143
 0.7191261782350143
 0.7191261782350143
 0.7191261782350143
 0.7526694578596076
 0.3430044273917443
 0.3114743363082213
 0.2298692636829077
 0.422426736597319
 0.426609654854856
 0.5224378801675726
 0.2445573683300426
 0.6544429652424695
 0.6581255382052349
 0.6659070640204138
 0.6715038508217106
 0.6718105926454738
 0.6718511330717172
 0.6718854927027238
 0.6718608541834451
 0.6718967699066398
 0.671896793808155
 0.671900024730018
 0.6719004086006461
 0.6718978581033364
 0.6718988702585824
 0.6719003028444137
 0.6719007024918756
 0.6719008388643746
 0.6719009082118075
 0.6719009285355915
 0.6719009320525364
 0.6719009333562118
 0.6719009338453172
 0.6719009333732935
 0.6719009333419117
 0.6719009328636842
 0.6719009327925015
 0.6719009332923453
 0.6719009340517472
 0.6719009344260185
 0.6719009345117608
 0.6719009345092866
 0.6719009345557094
 0.671900934559845
 0.6719009345677949
 0.6719009345684614
 0.6719009345684287
 0.6719009345698149
 0.6719009345701803
 0.6719009345700965
 0.671900934570148
 0.6719009345703746
 0.6719009345703035
 0.671900934570248
 0.671900934570353
 0.6719009345703937
 0.6719009345703673
 0.6719009345703457
 0.6719009345703257
 0.6719009345704476
 0.6719009345704468
 0.6719009345704603
 0.6719009345703706
 0.671900934570366
 0.671900934570376
 0.6719009345703729
 0.6719009345703717
 0.6719009345702562
 0.671900934570379
 0.6719009345704063
 0.6719009345703707
 0.6719009345703801
 0.6719009345703766
 0.6719009345703796
 0.67190093457047
 0.6719009345703514
 0.6719009345703753
 0.671900934570441
 0.6719009345703818
 0.6719009345702742
 0.6719009345703549
 0.6719009345705506
 0.6719009345702824
 0.6719009345703348
 0.6719009345703778
 0.6719009345703755
 0.6719009345703384
 0.6719009345703649
 0.6719009345703767
 0.6719009345703401
 0.6719009345703186
 0.6719009345703785
 0.6719009345703792
 0.6719009345702831
 0.6719009345703815
 0.6719009345703786
 0.6719009345704352
 0.671900934570136
 0.6719009345703637
 0.6719009345702829
 0.6719009345703864
 0.6719009345703562
 0.6719009345703562
 0.2692839701783122
 0.2605922051092837
 0.2723255040570102
 0.5807072339677102
 0.1864718762437375
 0.226839366390399
 0.2303883031391958
 0.1804356536028823
 0.3378640609595996
 0.3348997806772649
 0.3514507001337199
 0.3453357590784805
 0.3777470942979881
 0.3778953676066598
 0.3996967326665332
 0.4014764310990945
 0.4005430264067598
 0.4014239751928321
 0.4016737986573475
 0.4007845301316718
 0.4010857170213423
 0.4005792109301856
 0.4011565772204699
 0.4017840755748088
 0.4002973518511457
 0.4016178621556488
 0.4026984400350131
 0.4010454622804178
 0.4011217381870709
 0.4012896949508544
 0.4005384252020883
 0.4005191228223169
 0.4018163628564219
 0.4015603989851162
 0.4012313419544825
 0.4005608509888795
 0.4009813172204727
 0.4012775334160303
 0.4011359682561591
 0.4017728875938688
 0.4008342013814222
 0.4006703445066718
 0.4003139635474073
 0.4005603359398728
 0.4011040573452072
 0.4017057609394629
 0.4008442201251551
 0.4010361141835804
 0.4004415576297676
 0.4008255649655345
 0.4014205692242661
 0.4015963564587077
 0.401027716806486
 0.4014613907037518
 0.4010859735573289
 0.4010018432326581
 0.4006130330021658
 0.4013680283527646
 0.4021798562673984
 0.401360558417088
 0.4017998069532324
 0.4008626633554269
 0.3999366399014586
 0.4007360874761225
 0.4015895726717164
 0.4004347311832981
 0.4014195662378518
 0.4012216140123787
 0.4012950423249173
 0.4006233651919131
 0.4017308259115948
 0.4009843037420399
 0.4008887924958554
 0.4015581709315232
 0.4010799857088854
 0.4003839970254024
 0.4016162279173112
 0.4020145679661261
 0.4012840749312549
 0.401133482177741
 0.4008665907939098
 0.4013191334978333
 0.4010867672262132
 0.4012287092997712
 0.4014519059794447
 0.4003889743827446
 0.4011852488448182
 0.4020441872879708
 0.4011689703972788
 0.4015209432073378
 0.401359517762128
 0.4011566530387246
 0.4006456538737606
 0.4017249942502692
 0.4007348766082635
 0.4012747180119279
 0.4009599300657748
 0.4019120275974102
 0.4018199033782962
 0.4016405879681472
 0.1025796265931285
 0.128118346299791
 0.03901720421423532
 0.04314790211660182
 0.2176928822683816
 0.1721020045763819
 0.1688527669161954
 0.1549284864332899
 0.1077492292849655
 0.1545018434828971
 0.1716092233354383
 0.1558103624683704
 0.1718692809855211
 0.171893539740941
 0.1718875241715272
 0.171897098797358
 0.1718998927114052
 0.1719001868892533
 0.1570320931865192
 0.1719007713787899
 0.1719008797587588
 0.1589350950768804
 0.1719008843222574
 0.1603148062795656
 0.1719008849990189
 0.1719008850287666
 0.1719008848012673
 0.1719008847933947
 0.171900884799564
 0.171900884798643
 0.1719008844503025
 0.1719008835928233
 0.1719008833024227
 0.1719008847416882
 0.1719008847613043
 0.1719011492573849
 0.1621445845584752
 0.1719008845937544
 0.1719008847629725
 0.1719008848016
 0.1719008847957718
 0.1719116530121007
 0.1719008848150992
 0.171900884815041
 0.1596306622865658
 0.1719008848164642
 0.1681442592118708
 0.1719008848164705
 0.1630431892462489
 0.1719008848165808
 0.1719092498853433
 0.1719008848164837
 0.1719008848165446
 0.1719008848164837
 0.1719008848164837
 0.161399230165976
 0.1719008848186785
 0.1719008848164837
 0.1719008848164837
 0.1719009042411434
 0.1719008848164837
 0.1719008848164837
 0.1719008848164837
 0.1710156425381753
 0.1719008848164837
 0.1719008848164837
 0.1719011779616868
 0.164357340647577
 0.1719008848164837
 0.1685525223269985
 0.1719021458426028
 0.1719008848164837
 0.1719010430088078
 0.1719008848164884
 0.1581106525403237
 0.1639037889748527
 0.1719008848164837
 0.1691557455678486
 0.162700685170289
 0.1676812426458325
 0.1719008848164837
 0.1719008848164837
 0.1719008848164837
 0.1719016496853671
 0.1719008848164837
 0.1719008848164837
 0.1719031521277253
 0.171900884962721
 0.1719010414754511
 0.1687258413400946
 0.1719008848164837
 0.1719008848164837
 0.1719008848164858
 0.1719008848164845
 0.1719021771252708
 0.1719008848164837
 0.1719008848164841
 0.156918093812991
 0.171900884820516
 0.1719008848164837
 0.003416839901447736
 0.0001366422199223696
 0.001428214813226744
 0.001732122379898418
 0.001469402126780117
 0.002833358159463937
 0.05558754076295787
 0.0124742717669247
 0.001651997718701681
 0.0006626205418863761
 0.0001305366479972059
 0.003954640881410018
 0.0003855381727482722
 0.0002060857816121257
 0.0001134230216224795
 0.0008220755057854641
 0.0006819391327509429
 0.0001378133311266882
 4.157297059998203e-05
 0.0001574634950188333
 5.803024410922474e-06
 1.691262941576777e-06
 1.868095125508954e-06
 3.836577189145554e-08
 5.12252252612283e-08
 1.10728074822217e-08
 8.80573587658251e-09
 2.381817809172029e-08
 1.772717022588584e-08
 1.276078940865705e-08
 1.41436039356041e-09
 3.159321065177023e-09
 1.166154109041861e-10
 1.077884777961335e-10
 3.826073646275019e-10
 2.754718762126851e-10
 3.050863066952209e-11
 2.77238331033644e-10
 2.885007944347651e-11
 1.692483887413831e-10
 1.501518701041427e-11
 1.447246879629493e-11
 1.247359463982245e-11
 2.741576388652633e-11
 1.257506794007102e-12
 1.135983668243412e-12
 1.214312071035062e-12
 6.874544336565869e-13
 2.489649111869774e-13
 1.597261385655191e-12
 2.348880638602946e-13
 1.288223000495137e-13
 1.814616165662919e-13
 2.080891882416669e-13
 8.687798744300146e-14
 4.417234807096992e-14
 1.566585403067755e-14
 3.56702514747731e-15
 8.281136193444283e-15
 8.268125767374457e-15
 1.154935522218459e-14
 1.3537782006523e-14
 1.15480541795776e-14
 6.418260020679689e-15
 5.364198668589282e-15
 8.307590726452929e-15
 8.271161533457416e-15
 8.325371642081691e-15
 8.050417971139368e-15
 6.421512627197146e-15
 6.049414441600121e-15
 8.328407408164651e-15
 8.033504417248594e-15
 8.064729439816176e-15
 7.824470238393388e-15
 5.432720245890366e-15
 2.82803294671119e-15
 4.119317734141426e-15
 6.034235611185323e-15
 4.270455516985905e-15
 8.285906683003219e-15
 2.5748175293272e-15
 6.492202608843201e-15
 6.110129763259309e-15
 6.070014282877345e-15
 2.305718550116298e-15
 8.299350789942039e-15
 8.04347907723546e-15
 3.423910460709223e-15
 8.312361216011865e-15
 5.405398351143731e-15
 8.331009493378616e-15
 6.032067206840352e-15
 3.043572338601308e-15
 6.436040936308451e-15
 8.053020056353333e-15
 8.288942449086178e-15
 8.026565523344686e-15
 8.308458088190918e-15
 8.291544534300144e-15
 1.398134972753462
 0.8849085793599628
 0.8109649021034937
 0.5888405146578928
 0.298029606059004
 0.2449666667536926
 0.2188297725562883
 1.14758368145695
 1.14758368145695
 0.7191261782350143
 0.7191261782350143
 0.6774035178303595
 0.7191261782350143
 0.7191261782350143
 0.7191261782350143
 0.7191261782350143
 0.7191261782350143
 0.7191261782350143
 0.7191261782350143
 0.7191261782350143
 0.7191261782350143
 0.7191261782350143
 0.7191261782350143
 0.7191261782350143
 0.7191261782350143
 0.7191261782350143
 0.7191261782350143
 0.7191261782350143
 0.7191261782350143
 0.7191261782350143
 0.7191261782350143
 0.7191261782350143
 0.7191261782350143
 0.7191261782350143
 0.7191261782350143
 0.7191261782350143
 0.7191261782350143
 0.7191261782350143
 0.7191261782350143
 0.7191261782350143
 0.7191261782350143
 0.7191261782350143
 0.7191261782350143
 0.7191261782350143
 0.7191261782350143
 0.7191261782350143
 0.7191261782350143
 0.7191261782350143
 0.7191261782350143
 0.7191261782350143
 0.7191261782350143
 0.7191261782350143
 0.7191261782350143
 0.7191261782350143
 0.7191261782350143
 0.7191261782350143
 0.7191261782350143
 0.7191261782350143
 0.7191261782350143
 0.7191261782350143
 0.7191261782350143
 0.7191261782350143
 0.7191261782350143
 0.7191261782350143
 0.7191261782350143
 0.7191261782350143
 0.7191261782350143
 0.7191261782350143
 0.7191261782350143
 0.7191261782350143
 0.7191261782350143
 0.7191261782350143
 0.7191261782350143
 0.7191261782350143
 0.7191261782350143
 0.7191261782350143
 0.7191261782350143
 0.7191261782350143
 0.7191261782350143
 0.7191261782350143
 0.7191261782350143
 0.7191261782350143
 0.7191261782350143
 0.7191261782350143
 0.7191261782350143
 0.7191261782350143
 0.7191261782350143
 0.7191261782350143
 0.7191261782350143
 0.7191261782350143
 0.7191261782350143
 0.7191261782350143
 0.7191261782350143
 0.7191261782350143
 0.7191261782350143
 0.7191261782350143
 0.7191261782350143
 0.7191261782350143
 0.7191261782350143
 0.7191261782350143
 1.398134972753462
 1.167998742208753
 0.6349366530802999
 0.7904993856174369
 1.108015656310884
 1.400614162818232
 0.6255571158726065
 0.7715656287943656
 1.400614162818232
 0.9550461337689027
 0.1833452311266857
 0.6704768440430491
 0.6769391103788148
 0.6773352989200989
 0.6795685039102104
 0.6722749525542184
 0.672297110189562
 0.6719200287828798
 0.6719051478091845
 0.6719016861522144
 0.6719022886808235
 0.6719014987092613
 0.6719014053802226
 0.6719009577330866
 0.6719009435264123
 0.6719009723392193
 0.671901390766007
 0.6719012669938794
 0.6719010202327911
 0.6719009981608927
 0.6719010048291099
 0.6719010031412431
 0.6719009507012645
 0.6719009370044216
 0.6719009433200704
 0.6719009448134772
 0.6719009420115417
 0.6719009451095344
 0.6719009387929813
 0.6719009362318904
 0.6719009349785856
 0.6719009346713846
 0.671900934782391
 0.6719009348723444
 0.6719009346909114
 0.6719009349295053
 0.6719009349473486
 0.6719009347228064
 0.6719009346316982
 0.6719009346741001
 0.6719009346118805
 0.6719009345867059
 0.6719009345764217
 0.6719009345830739
 0.6719009346256515
 0.671900934610697
 0.6719009345798732
 0.6719009345886419
 0.6719009345836878
 0.6719009345842644
 0.6719009345848568
 0.6719009345855109
 0.6719009345739455
 0.6719009345753402
 0.6719009345705163
 0.6719009345706657
 0.6719009345705067
 0.6719009345705285
 0.6719009345704712
 0.6719009345704814
 0.6719009345704043
 0.6719009345703517
 0.6719009345704796
 0.6719009345703315
 0.6719009345703808
 0.67190093457033
 0.6719009345703761
 0.6719009345703437
 0.6719009345704015
 0.6719009345703788
 0.6719009345702871
 0.6719009345703527
 0.6719009345703806
 0.6719009345703562
 0.6719009345703784
 0.6719009345703487
 0.6719009345703773
 0.6719009345702478
 0.6719009345704234
 0.671900934570325
 0.6719009345703894
 0.6719009345703711
 0.6719009345703721
 0.6719009345703747
 0.6719009345703463
 0.6719009345703205
 0.6719009345700819
 0.6719009345703257
 0.6719009345703577
 0.6719009345703847
 1.412159662342035
 0.6617385328353312
 0.7181554248601328
 0.6349366530802999
 0.705339055577741
 0.6349366530802999
 0.6349366530802999
 0.6349366530802999
 0.6489193328085987
 1.216064541786186
 0.3365291953378855
 0.09839507818158146
 0.09926137960966372
 0.09647553878819638
 0.4514575582425857
 0.405653230465711
 0.4030592169101896
 0.4024389633159607
 0.4028283023403743
 0.401764388720689
 0.4035100026425584
 0.4017474292813892
 0.4008435180229126
 0.401794991103916
 0.4011238452805049
 0.4007211057404962
 0.402145801584065
 0.4011545021896641
 0.4008353078880595
 0.400827718397114
 0.4022522207011872
 0.4016719498343359
 0.4014319503836036
 0.4016280905673344
 0.4013018014916985
 0.4011994501718213
 0.4016754302133119
 0.4001348100412244
 0.401126554842367
 0.4012206453132507
 0.4021676944078418
 0.4007294111119974
 0.4008171784725684
 0.4007332216019923
 0.4017420657741627
 0.4009788192166572
 0.4018075826105619
 0.4025854029296466
 0.4007337376516141
 0.4018468982206324
 0.400867778214177
 0.4006965385293944
 0.4008927678550266
 0.4017574991159557
 0.4010920558827684
 0.4007864499726758
 0.4006001951215407
 0.4015517538974772
 0.4022740168028496
 0.4012899729041404
 0.4009590063558662
 0.4018078589572009
 0.4014861032067645
 0.4010227938848141
 0.4012136264982263
 0.4004700269044486
 0.4000559518781462
 0.4011300371782949
 0.4013308024674579
 0.4016665396101688
 0.4010624900640605
 0.4024420736288516
 0.4016696352663502
 0.4019774699772616
 0.4014838864056498
 0.4010566004052245
 0.4012009474235885
 0.4009364382695606
 0.4012419844621538
 0.4006713569731631
 0.4021249932742397
 0.4006353886451048
 0.40076627410042
 0.4011678355169929
 0.4008541553904855
 0.4017675937269527
 0.4015322630689038
 0.4009424334120175
 0.4014535269122493
 0.4008770561836967
 0.400906461118361
 0.4028292392544132
 0.4007403716932839
 0.4008650102044382
 0.4013652901021899
 0.4014237769376049
 0.4011097528995878
 0.4008155589149937
 0.4015345029522537
 0.4011404115146988
 1.012218320153276
 0.6092402101227353
 0.2401505124259953
 0.1913666761509412
 0.1582955276861389
 0.1636780137159758
 0.2388826924422099
 0.2327339629367585
 0.1563757553914815
 0.1596824273312727
 0.1696471261878758
 0.1714987327624014
 0.1719017168965111
 0.171882272412712
 0.1719024512340846
 0.1719004435728709
 0.171904827400096
 0.1704761396257575
 0.171901347947568
 0.164082086711335
 0.1719009288278027
 0.1719009020123494
 0.1541027116349388
 0.1719008919311061
 0.171900899370087
 0.1719008948246839
 0.1622451244331462
 0.1588163611516787
 0.1719008846714115
 0.1719016650933003
 0.1719172547037303
 0.1719008848184954
 0.1719067804552942
 0.1719012761435003
 0.1719008920307089
 0.1719008849574252
 0.1719008848164446
 0.1636703111544056
 0.171900884816486
 0.1719008848164906
 0.1719009562052825
 0.1719008848164851
 0.1719008848164847
 0.1719008848164845
 0.1719008848165379
 0.171900884816484
 0.1719008848164838
 0.1719008848164839
 0.1575557234478724
 0.1719008848164838
 0.1719008890591974
 0.171900884816492
 0.1559244125492504
 0.1719008848164837
 0.1719009042960514
 0.1719008848165898
 0.1641610164858697
 0.1719008848165981
 0.1719008848164837
 0.17190088481655
 0.1719008848287432
 0.1719008848164837
 0.1609390044579774
 0.1719008848164837
 0.1719039108789114
 0.1719008848164837
 0.1719008848164837
 0.1719009002792309
 0.1719008848164837
 0.169846920198744
 0.1719008848164837
 0.1719008848164837
 0.1719008848164868
 0.1642450235102287
 0.1714746182373382
 0.1719159982833949
 0.1719008967765395
 0.1719008848164837
 0.1719008848164837
 0.1719008848164837
 0.1719008848164837
 0.1719008848164837
 0.1719008848164837
 0.1719008848164837
 0.1719008848164837
 0.1719008849627774
 0.1719008848702177
 0.1719008848164837
 0.1719008848164837
 0.1719008848164837
 0.1709648649454526
 0.1719008853706626
 0.1719008848164837
 0.1719008848164837
 0.1616798191596745
 0.1702016180682786
 0.1719008848164906
 0.1719008850921768
 0.1719008848164837
 0.1697184209593053
 0.2505117476365923
 0.3927555908168603
 0.3497076957205834
 0.0831838165068539
 0.5538552833939013
 0.194440576286639
 0.08098603173343921
 0.3861526447075968
 0.1253267192904804
 0.129598068430448
 0.1339483540047753
 0.1675616308749054
 0.03577138933872445
 0.006707567334610681
 0.0002879110728946791
 0.0003234548460132602
 0.001263005453442638
 0.0004641173491107351
 0.0001445633800743085
 1.73071632909071e-05
 2.347338639445591e-05
 2.848908598715319e-06
 1.091574939503497e-06
 7.63886426796527e-07
 5.081850835064392e-08
 4.982350975350075e-06
 4.908595012242251e-07
 3.069565432910204e-08
 4.392718503027672e-08
 7.243193387521801e-09
 2.378519511556099e-09
 1.661033766260644e-09
 1.828791397831542e-09
 2.628334458496667e-09
 2.131510229604061e-09
 4.453199939878638e-10
 4.77474328304528e-10
 3.225953605807963e-10
 2.012576572410496e-10
 5.303003565784725e-11
 4.71866622078071e-09
 3.696971069555577e-09
 6.407598846045609e-10
 1.337532530478608e-10
 5.606777347087755e-11
 2.232007937849612e-11
 1.041091594444071e-11
 1.064765810243617e-11
 1.081745370362652e-12
 3.644205922269383e-12
 6.199585116106743e-13
 3.487839357607658e-13
 2.031656093359757e-13
 8.035195772637671e-14
 1.149705330938389e-13
 9.770743242265567e-14
 9.96650678652955e-14
 2.888835004544177e-14
 1.199496231507613e-14
 3.834346035125336e-14
 3.693659961223617e-15
 8.154501379697976e-15
 8.105061760632637e-15
 6.312441888645104e-15
 4.269533945139292e-15
 6.104925592831378e-15
 8.319733790784767e-15
 8.295447662121092e-15
 8.280268831706294e-15
 8.079908270230973e-15
 6.071098485049831e-15
 8.061259992864223e-15
 5.648693318649478e-15
 8.066464163292153e-15
 5.643489148221548e-15
 3.37403716077489e-15
 4.02325742165921e-15
 8.309325449928906e-15
 8.2798351508373e-15
 6.434956734135966e-15
 8.313228577749854e-15
 4.119968255444917e-15
 3.865831266214315e-15
 7.217317021801506e-15
 6.441245106736382e-15
 8.295013981252097e-15
 8.050851652008362e-15
 5.678183617741084e-15
 5.0337338464157e-15
 8.314095939487842e-15
 7.840950111415168e-15
 4.116065127623969e-15
 8.290677172562155e-15
 6.425415755018093e-15
 4.132111319776754e-15
 6.246305556123488e-15
 8.324937961212697e-15
 4.875006648363822e-15
 4.136014447597702e-15
 6.442979830212359e-15


# name: PV
# type: matrix
# ndims: 3
 100 5 2
 0.5221408110181223
 0.5890536600463044
 0.6526681058083109
 0.589708159362077
 0.6575876850946992
 0.6637852271684329
 0.6800518005908273
 0.680075242394238
 0.6800915273935358
 0.6801021786566827
 0.6801092463746108
 0.6801181625588069
 0.6801167426098664
 0.6800757071012828
 0.680112402543035
 0.6801198954388012
 0.6801213901763978
 0.680124990856569
 0.6801251364446044
 0.680125119845665
 0.6801249989799958
 0.6801251283647267
 0.6801251441286399
 0.6801251671348263
 0.6801251400026261
 0.6801251728818466
 0.6801251791016467
 0.6801251772073367
 0.6801251797892858
 0.6801251786484385
 0.6801251819622215
 0.6801251819342701
 0.6801251829622209
 0.6801251830001486
 0.6801251830093552
 0.6801251830089829
 0.6801251830134917
 0.6801251830012501
 0.6801251830057474
 0.6801251830154563
 0.6801251830151053
 0.6801251830142513
 0.6801251830156523
 0.680125183015972
 0.6801251830160447
 0.6801251830161245
 0.6801251830161273
 0.6801251830161277
 0.6801251830161279
 0.6801251830161279
 0.6801251830161279
 0.6801251830161279
 0.6801251830161279
 0.6801251830161278
 0.6801251830161279
 0.6801251830161279
 0.6801251830161279
 0.6801251830161279
 0.6801251830161279
 0.6801251830161279
 0.6801251830161279
 0.6801251830161279
 0.6801251830161279
 0.6801251830161279
 0.6801251830161279
 0.6801251830161279
 0.6801251830161279
 0.6801251830161279
 0.6801251830161279
 0.6801251830161279
 0.6801251830161279
 0.6801251830161279
 0.6801251830161279
 0.6801251830161279
 0.6801251830161279
 0.6801251830161279
 0.6801251830161279
 0.6801251830161279
 0.6801251830161279
 0.6801251830161279
 0.6801251830161279
 0.6801251830161279
 0.6801251830161279
 0.6801251830161279
 0.6801251830161279
 0.6801251830161279
 0.6801251830161279
 0.6801251830161279
 0.6801251830161279
 0.6801251830161279
 0.6801251830161279
 0.6801251830161279
 0.6801251830161279
 0.6801251830161279
 0.6801251830161279
 0.6801251830161279
 0.6801251830161279
 0.6801251830161279
 0.6801251830161279
 0.6801251830161279
 0.2008349465017075
 0.3626139296643876
 0.3806632503945505
 0.4320453076619135
 0.3367015700659343
 0.3351764760246596
 0.2927619602088327
 0.4328672119984399
 0.3459017858202953
 0.345017609022117
 0.3431494857074258
 0.3418063726801746
 0.3417327259011644
 0.341723055688711
 0.3417148081462193
 0.3417207334097666
 0.3417121102359276
 0.3417121145228423
 0.3417113357808439
 0.3417112469217359
 0.3417118540733399
 0.3417116150272501
 0.3417112731794479
 0.3417111773674962
 0.3417111447437779
 0.3417111282941815
 0.3417111234367129
 0.3417111225777743
 0.3417111222778627
 0.3417111221706147
 0.3417111222609224
 0.3417111222663756
 0.3417111223611077
 0.3417111223751774
 0.3417111222760851
 0.3417111221255386
 0.3417111220513422
 0.3417111220343423
 0.3417111220348329
 0.3417111220256262
 0.3417111220248057
 0.341711122023232
 0.3417111220230996
 0.3417111220231041
 0.3417111220228292
 0.3417111220227584
 0.3417111220227761
 0.3417111220227632
 0.3417111220227161
 0.3417111220227338
 0.3417111220227482
 0.341711122022723
 0.3417111220227128
 0.3417111220227195
 0.3417111220227254
 0.3417111220227302
 0.3417111220227007
 0.3417111220227009
 0.3417111220226978
 0.3417111220227193
 0.3417111220227205
 0.341711122022718
 0.3417111220227188
 0.3417111220227191
 0.341711122022747
 0.3417111220227173
 0.3417111220227108
 0.3417111220227194
 0.341711122022717
 0.3417111220227179
 0.3417111220227171
 0.3417111220226954
 0.3417111220227241
 0.3417111220227182
 0.3417111220227025
 0.3417111220227166
 0.3417111220227427
 0.3417111220227232
 0.3417111220226758
 0.3417111220227407
 0.341711122022728
 0.3417111220227176
 0.3417111220227182
 0.3417111220227271
 0.3417111220227208
 0.3417111220227179
 0.3417111220227267
 0.3417111220227319
 0.3417111220227175
 0.3417111220227173
 0.3417111220227405
 0.3417111220227167
 0.3417111220227174
 0.3417111220227038
 0.3417111220227761
 0.341711122022721
 0.3417111220227406
 0.3417111220227156
 0.3417111220227229
 0.3417111220227229
 0.11813124128271
 0.1327436239963257
 0.1716096288585383
 0.04485535345851571
 0.2301273945831686
 0.2146550290448749
 0.2129597014835348
 0.2365919285204376
 0.1620959988200965
 0.1634991102222418
 0.1556645104085385
 0.1585590182190798
 0.1432160908874101
 0.1431451771509752
 0.1328249632892509
 0.1319819074971813
 0.1324245278962262
 0.1320069422382927
 0.1318885224545644
 0.1323100570581142
 0.1321672867062629
 0.1324073814557949
 0.1321336976005478
 0.1318362481085337
 0.1325409913032869
 0.1319150363927932
 0.1314028185261737
 0.1321863691616139
 0.1321502127281516
 0.1320705973504404
 0.1324267171030936
 0.13243586648351
 0.1318209443866386
 0.1319422774558307
 0.1320982583267302
 0.1324160869560314
 0.1322167759912891
 0.1320763624900697
 0.132143467734218
 0.1318415528628315
 0.1322865123900183
 0.1323641844344857
 0.1325331174614469
 0.1324163311045485
 0.1321585942634478
 0.131873372489534
 0.1322817632680083
 0.1321908009331398
 0.1324726348404831
 0.1322906062560978
 0.1320085601263361
 0.1319252328082202
 0.1321947814893407
 0.1319892097769584
 0.1321671664078191
 0.1322070461769608
 0.1323913514473007
 0.1320334657455239
 0.1316486400605445
 0.1320370066721941
 0.1318287924487714
 0.1322730207395825
 0.1327119778184876
 0.1323330207082671
 0.1319284484841608
 0.1324758707380812
 0.1320090355657131
 0.1321028696152547
 0.1320680628536735
 0.1323864537443226
 0.1318614910984734
 0.1322153603114846
 0.1322606349073365
 0.1319433336537412
 0.1321700047899906
 0.1324999199321433
 0.1319158132655886
 0.1317269906353525
 0.132073261658374
 0.132144646195022
 0.1322711590405978
 0.1320566430663612
 0.1321667901899456
 0.1320995062807576
 0.1319937057612234
 0.1324975605467193
 0.1321201075671207
 0.1317129503743414
 0.1321278239373167
 0.1319609804779038
 0.1320374999673256
 0.1321336626573919
 0.1323758883805248
 0.1318642554442463
 0.1323335946883495
 0.1320776970600452
 0.1322269140120844
 0.131775597201988
 0.1318192662666811
 0.1319042660237654
 0.05159009433124297
 0.05180542777343233
 0.1291042074254479
 0.1261163033611353
 -0.005073396516818429
 0.03423820108854625
 0.03654824827683642
 0.04650171839945774
 0.0802000003550303
 0.04684863409365178
 0.0346122186928102
 0.04586809669421031
 0.03441892534792534
 0.03440088842644509
 0.03440536127386698
 0.03439824277737635
 0.03439616611738755
 0.03439594747732955
 0.04499175069765425
 0.03439551289639164
 0.03439543232800443
 0.04363523246302034
 0.03439542894070927
 0.04265174695916799
 0.03439542843732152
 0.03439542841552803
 0.03439542858567876
 0.03439542859157924
 0.03439542858699662
 0.03439542858768313
 0.03439542884666313
 0.03439542948417065
 0.03439542970007395
 0.03439542863002734
 0.03439542861544309
 0.03439523100431241
 0.04134744489272291
 0.03439542874001128
 0.03439542861420322
 0.03439542858548489
 0.03439542858981801
 0.03438738340250336
 0.03439542857544867
 0.03439542857549194
 0.04313941830787442
 0.03439542857443387
 0.03707075830421702
 0.03439542857442915
 0.04070690170492239
 0.0343954285743468
 0.03438917883497533
 0.03439542857441938
 0.03439542857437389
 0.03439542857441938
 0.03439542857441938
 0.04187874820007921
 0.03439542857277958
 0.03439542857441938
 0.03439542857441938
 0.0343954140617998
 0.03439542857441938
 0.03439542857441938
 0.03439542857441938
 0.03502397956893127
 0.03439542857441938
 0.03439542857441938
 0.034395209558752
 0.03977014863592479
 0.03439542857441938
 0.03677974029391148
 0.03439448643218374
 0.03439542857441938
 0.03439531038521801
 0.03439542857441585
 0.04422291127014222
 0.04009344922438364
 0.03439542857441938
 0.03634975085617556
 0.04095104537358583
 0.03740080565553008
 0.03439542857441938
 0.03439542857441938
 0.03439542857441938
 0.03439485712290949
 0.03439542857441938
 0.03439542857441938
 0.03439373461293063
 0.034395428465162
 0.03439531153082484
 0.03665619507890105
 0.03439542857441938
 0.03439542857441938
 0.03439542857441782
 0.03439542857441871
 0.03439446306016761
 0.03439542857441938
 0.03439542857441905
 0.04507299068005924
 0.03439542857140668
 0.03439542857441938
 -0.003416839901447736
 -0.0001366422199223696
 -0.001428214813226744
 -0.001732122379898418
 -0.001469402126780117
 -0.002833358159463937
 -0.05558754076295787
 -0.0124742717669247
 -0.001651997718701681
 -0.0006626205418863761
 -0.0001305366479972059
 -0.003954640881410018
 -0.0003855381727482722
 -0.0002060857816121257
 -0.0001134230216224795
 -0.0008220755057854641
 -0.0006819391327509429
 -0.0001378133311266882
 -4.157297059998203e-05
 -0.0001574634950188333
 -5.803024410922474e-06
 -1.691262941576777e-06
 -1.868095125508954e-06
 -3.836577189145554e-08
 -5.12252252612283e-08
 -1.10728074822217e-08
 -8.80573587658251e-09
 -2.381817809172029e-08
 -1.772717022588584e-08
 -1.276078940865705e-08
 -1.41436039356041e-09
 -3.159321065177023e-09
 -1.166154109041861e-10
 -1.077884777961335e-10
 -3.826073646275019e-10
 -2.754718762126851e-10
 -3.050863066952209e-11
 -2.77238331033644e-10
 -2.885007944347651e-11
 -1.692483887413831e-10
 -1.501518701041427e-11
 -1.447246879629493e-11
 -1.247359463982245e-11
 -2.741576388652633e-11
 -1.257506794007102e-12
 -1.135983668243412e-12
 -1.214312071035062e-12
 -6.874544336565869e-13
 -2.489649111869774e-13
 -1.597261385655191e-12
 -2.348880638602946e-13
 -1.288223000495137e-13
 -1.814616165662919e-13
 -2.080891882416669e-13
 -8.687798744300146e-14
 -4.417234807096992e-14
 -1.566585403067755e-14
 -3.56702514747731e-15
 -8.281136193444283e-15
 -8.268125767374457e-15
 -1.154935522218459e-14
 -1.3537782006523e-14
 -1.15480541795776e-14
 -6.418260020679689e-15
 -5.364198668589282e-15
 -8.307590726452929e-15
 -8.271161533457416e-15
 -8.325371642081691e-15
 -8.050417971139368e-15
 -6.421512627197146e-15
 -6.049414441600121e-15
 -8.328407408164651e-15
 -8.033504417248594e-15
 -8.064729439816176e-15
 -7.824470238393388e-15
 -5.432720245890366e-15
 -2.82803294671119e-15
 -4.119317734141426e-15
 -6.034235611185323e-15
 -4.270455516985905e-15
 -8.285906683003219e-15
 -2.5748175293272e-15
 -6.492202608843201e-15
 -6.110129763259309e-15
 -6.070014282877345e-15
 -2.305718550116298e-15
 -8.299350789942039e-15
 -8.04347907723546e-15
 -3.423910460709223e-15
 -8.312361216011865e-15
 -5.405398351143731e-15
 -8.331009493378616e-15
 -6.032067206840352e-15
 -3.043572338601308e-15
 -6.436040936308451e-15
 -8.053020056353333e-15
 -8.288942449086178e-15
 -8.026565523344686e-15
 -8.308458088190918e-15
 -8.291544534300144e-15
 0.5221621681395672
 0.5381098632308239
 0.4252740833377858
 0.4746367017366229
 0.5099242128006705
 0.5135581114578798
 0.582637706301341
 0.6560113187284327
 0.6560113187284327
 0.6801251830161279
 0.6801251830161279
 0.6745535966125233
 0.6801251830161279
 0.6801251830161279
 0.6801251830161279
 0.6801251830161279
 0.6801251830161279
 0.6801251830161279
 0.6801251830161279
 0.6801251830161279
 0.6801251830161279
 0.6801251830161279
 0.6801251830161279
 0.6801251830161279
 0.6801251830161279
 0.6801251830161279
 0.6801251830161279
 0.6801251830161279
 0.6801251830161279
 0.6801251830161279
 0.6801251830161279
 0.6801251830161279
 0.6801251830161279
 0.6801251830161279
 0.6801251830161279
 0.6801251830161279
 0.6801251830161279
 0.6801251830161279
 0.6801251830161279
 0.6801251830161279
 0.6801251830161279
 0.6801251830161279
 0.6801251830161279
 0.6801251830161279
 0.6801251830161279
 0.6801251830161279
 0.6801251830161279
 0.6801251830161279
 0.6801251830161279
 0.6801251830161279
 0.6801251830161279
 0.6801251830161279
 0.6801251830161279
 0.6801251830161279
 0.6801251830161279
 0.6801251830161279
 0.6801251830161279
 0.6801251830161279
 0.6801251830161279
 0.6801251830161279
 0.6801251830161279
 0.6801251830161279
 0.6801251830161279
 0.6801251830161279
 0.6801251830161279
 0.6801251830161279
 0.6801251830161279
 0.6801251830161279
 0.6801251830161279
 0.6801251830161279
 0.6801251830161279
 0.6801251830161279
 0.6801251830161279
 0.6801251830161279
 0.6801251830161279
 0.6801251830161279
 0.6801251830161279
 0.6801251830161279
 0.6801251830161279
 0.6801251830161279
 0.6801251830161279
 0.6801251830161279
 0.6801251830161279
 0.6801251830161279
 0.6801251830161279
 0.6801251830161279
 0.6801251830161279
 0.6801251830161279
 0.6801251830161279
 0.6801251830161279
 0.6801251830161279
 0.6801251830161279
 0.6801251830161279
 0.6801251830161279
 0.6801251830161279
 0.6801251830161279
 0.6801251830161279
 0.6801251830161279
 0.6801251830161279
 0.6801251830161279
 0.04208788291630977
 0.1352770618505832
 0.2903991570825907
 0.2659843597817523
 0.127634703895646
 0.03741937512194282
 0.1783974954673834
 0.2276092513005075
 0.03741937512194282
 0.154454314972358
 0.4362106627334596
 0.3400587933552758
 0.3404950551534726
 0.3403994269385494
 0.3398603971976341
 0.341620845125693
 0.3416154969268077
 0.3417065132436473
 0.3417101050712813
 0.3417109406130556
 0.3417107951804412
 0.3417109858562495
 0.3417110083831235
 0.3417111164319238
 0.3417111198609953
 0.3417111129064345
 0.3417110119105636
 0.3417110417855003
 0.3417111013463406
 0.3417111066738452
 0.3417111050643344
 0.3417111054717356
 0.3417111181291979
 0.3417111214352113
 0.3417111199108002
 0.341711119550336
 0.3417111202266405
 0.3417111194788764
 0.3417111210035059
 0.3417111216216774
 0.3417111219241883
 0.3417111219983375
 0.3417111219715439
 0.3417111219498319
 0.3417111219936244
 0.3417111219360349
 0.341711121931728
 0.341711121985926
 0.3417111220079168
 0.3417111219976822
 0.3417111220127002
 0.3417111220187765
 0.3417111220212587
 0.3417111220196531
 0.3417111220093761
 0.3417111220129859
 0.3417111220204257
 0.3417111220183093
 0.341711122019505
 0.3417111220193659
 0.341711122019223
 0.3417111220190649
 0.3417111220218564
 0.3417111220215198
 0.3417111220226842
 0.3417111220226482
 0.3417111220226866
 0.3417111220226813
 0.341711122022695
 0.3417111220226927
 0.3417111220227113
 0.341711122022724
 0.3417111220226932
 0.3417111220227289
 0.3417111220227169
 0.3417111220227292
 0.341711122022718
 0.3417111220227258
 0.3417111220227118
 0.3417111220227174
 0.3417111220227396
 0.3417111220227238
 0.3417111220227169
 0.3417111220227229
 0.3417111220227175
 0.3417111220227248
 0.3417111220227178
 0.3417111220227489
 0.3417111220227068
 0.3417111220227302
 0.3417111220227148
 0.3417111220227192
 0.341711122022719
 0.3417111220227184
 0.3417111220227254
 0.3417111220227314
 0.341711122022789
 0.3417111220227303
 0.3417111220227225
 0.341711122022716
 -0.4427393232732696
 -0.03574866358881579
 -0.05409903898015422
 -0.01804611297170616
 -0.05509304788342234
 -0.01804611297170616
 -0.01804611297170616
 -0.01804611297170616
 -0.03922135248396053
 -0.3581093619980614
 0.08953726565555403
 0.2719440642757919
 0.2715158974104566
 0.2728927908255942
 0.1073900869755136
 0.1299968424930511
 0.1312296310871031
 0.1315249360050794
 0.1313401634114935
 0.1318453188927196
 0.1310178451184645
 0.1318533344200438
 0.1322820285574388
 0.1318310049655015
 0.1321491637370084
 0.1323401083352909
 0.1316647203583242
 0.1321345648031055
 0.1322859596711667
 0.1322895462192787
 0.1316142967447528
 0.1318893831686238
 0.132003160572619
 0.1319101888050586
 0.1320648584913332
 0.1321133755375136
 0.1318877496984007
 0.1326180403958353
 0.1321479298612981
 0.1321033287609946
 0.1316544050684027
 0.132336185462561
 0.132294581652475
 0.1323343792002499
 0.131856163136714
 0.1322179601063396
 0.1318251066023226
 0.1314564013242934
 0.1323341345806929
 0.1318064700711135
 0.1322705961751664
 0.1323517678469198
 0.1322587504927761
 0.1318488473670069
 0.1321642832413065
 0.1323091476904943
 0.1323974369071838
 0.1319463754800663
 0.1316040057336142
 0.1320704658793489
 0.1322273518724877
 0.1318249756079276
 0.1319774954644463
 0.132197115070971
 0.132106655886396
 0.1324591397291767
 0.1326554211119153
 0.1321462792064617
 0.1320511116980158
 0.1318919643299737
 0.1321782981405672
 0.1315243428124261
 0.1318904969155267
 0.1317445759618962
 0.1319785462807491
 0.1321810899785356
 0.1321126660684735
 0.1322380496806252
 0.1320932135389524
 0.1323637045018291
 0.1316746464204419
 0.1323807543423595
 0.1323187115324392
 0.1321283618974872
 0.132277053716741
 0.1318440622820022
 0.1319556145950578
 0.1322352078409189
 0.1319929374006317
 0.13226619819764
 0.1322522595612368
 0.1313408171238265
 0.1323309898877274
 0.1322719082774929
 0.1320347637412385
 0.1320070395941684
 0.1321558944356341
 0.1322953493614846
 0.1319545528372285
 0.1321413615249668
 -0.6228939371682841
 -0.3200598290687739
 -0.02947625701666418
 0.004295652932944621
 0.04456031048211789
 0.04027323366802892
 -0.01663422340499343
 -0.04612575684843837
 0.04574109201621103
 0.04352412517837667
 0.03607926458759983
 0.03469588582074684
 0.03439480690788502
 0.03440933433849047
 0.03439425826703391
 0.03439575823788749
 0.03439248297758965
 0.03540848140649502
 0.03439508255830712
 0.03996635018409793
 0.03439539569252906
 0.03439541572698418
 0.04707985055059941
 0.03439542325891784
 0.03439541770108046
 0.0343954210970579
 0.04127577797846063
 0.04371986822081508
 0.03439542868280621
 0.03439484561128059
 0.03438319824712183
 0.03439542857291639
 0.03439102380417297
 0.03439513620481283
 0.0343954231845022
 0.03439542846911864
 0.03439542857444855
 0.04025987682521051
 0.03439542857441763
 0.03439542857441419
 0.03439537523817085
 0.03439542857441832
 0.03439542857441857
 0.03439542857441877
 0.03439542857437888
 0.03439542857441913
 0.03439542857441927
 0.03439542857441921
 0.04461847568525057
 0.0343954285744193
 0.03439542540458829
 0.03439542857441319
 0.04578130630674439
 0.03439542857441938
 0.03439541402077673
 0.03439542857434008
 0.03991009237514073
 0.03439542857433389
 0.03439542857441938
 0.03439542857436984
 0.03439542856525998
 0.03439542857441938
 0.04220680617267068
 0.03439542857441938
 0.03439316773209616
 0.03439542857441938
 0.03439542857441938
 0.03439541702183765
 0.03439542857441938
 0.03585706793086721
 0.03439542857441938
 0.03439542857441938
 0.03439542857441705
 0.0398502105093175
 0.03469681262732044
 0.03438413694826825
 0.03439541963878071
 0.03439542857441938
 0.03439542857441938
 0.03439542857441938
 0.03439542857441938
 0.03439542857441938
 0.03439542857441938
 0.03439542857441938
 0.03439542857441938
 0.03439542846511989
 0.03439542853427346
 0.03439542857441938
 0.03439542857441938
 0.03439542857441938
 0.03506017483971308
 0.03439542816037927
 0.03439542857441938
 0.03439542857441938
 0.04167873882466901
 0.03560423228535659
 0.03439542857441419
 0.03439542836844256
 0.03439542857441938
 0.03594866472617284
 -0.2505117476365923
 -0.3927555908168603
 -0.3497076957205834
 -0.0831838165068539
 -0.5538552833939013
 -0.194440576286639
 -0.08098603173343921
 -0.3861526447075968
 -0.1253267192904804
 -0.129598068430448
 -0.1339483540047753
 -0.1675616308749054
 -0.03577138933872445
 -0.006707567334610681
 -0.0002879110728946791
 -0.0003234548460132602
 -0.001263005453442638
 -0.0004641173491107351
 -0.0001445633800743085
 -1.73071632909071e-05
 -2.347338639445591e-05
 -2.848908598715319e-06
 -1.091574939503497e-06
 -7.63886426796527e-07
 -5.081850835064392e-08
 -4.982350975350075e-06
 -4.908595012242251e-07
 -3.069565432910204e-08
 -4.392718503027672e-08
 -7.243193387521801e-09
 -2.378519511556099e-09
 -1.661033766260644e-09
 -1.828791397831542e-09
 -2.628334458496667e-09
 -2.131510229604061e-09
 -4.453199939878638e-10
 -4.77474328304528e-10
 -3.225953605807963e-10
 -2.012576572410496e-10
 -5.303003565784725e-11
 -4.71866622078071e-09
 -3.696971069555577e-09
 -6.407598846045609e-10
 -1.337532530478608e-10
 -5.606777347087755e-11
 -2.232007937849612e-11
 -1.041091594444071e-11
 -1.064765810243617e-11
 -1.081745370362652e-12
 -3.644205922269383e-12
 -6.199585116106743e-13
 -3.487839357607658e-13
 -2.031656093359757e-13
 -8.035195772637671e-14
 -1.149705330938389e-13
 -9.770743242265567e-14
 -9.96650678652955e-14
 -2.888835004544177e-14
 -1.199496231507613e-14
 -3.834346035125336e-14
 -3.693659961223617e-15
 -8.154501379697976e-15
 -8.105061760632637e-15
 -6.312441888645104e-15
 -4.269533945139292e-15
 -6.104925592831378e-15
 -8.319733790784767e-15
 -8.295447662121092e-15
 -8.280268831706294e-15
 -8.079908270230973e-15
 -6.071098485049831e-15
 -8.061259992864223e-15
 -5.648693318649478e-15
 -8.066464163292153e-15
 -5.643489148221548e-15
 -3.37403716077489e-15
 -4.02325742165921e-15
 -8.309325449928906e-15
 -8.2798351508373e-15
 -6.434956734135966e-15
 -8.313228577749854e-15
 -4.119968255444917e-15
 -3.865831266214315e-15
 -7.217317021801506e-15
 -6.441245106736382e-15
 -8.295013981252097e-15
 -8.050851652008362e-15
 -5.678183617741084e-15
 -5.0337338464157e-15
 -8.314095939487842e-15
 -7.840950111415168e-15
 -4.116065127623969e-15
 -8.290677172562155e-15
 -6.425415755018093e-15
 -4.132111319776754e-15
 -6.246305556123488e-15
 -8.324937961212697e-15
 -4.875006648363822e-15
 -4.136014447597702e-15
 -6.442979830212359e-15


