# Created by Octave 4.0.0, Fri Apr 20 17:17:17 2018 CEST <olethros@olethros-OptiPlex-9010>
# name: PU
# type: matrix
# ndims: 3
 100 5 2
 0.6570114333786002
 0.6574878718018869
 0.6574797841481556
 0.6570621383824453
 0.6575585656263858
 0.6200157618757755
 0.7152487458711461
 0.7152708633871719
 0.7151766273530209
 0.6715711670665984
 0.7152034371784611
 0.7152994119049217
 0.7152529913084223
 0.7152891999940737
 0.715310460238489
 0.7156860808728625
 0.7155914950833983
 0.7157274683583722
 0.7156441091677972
 0.7157493672596236
 0.7156469591116108
 0.7154832262657036
 0.7156364405570571
 0.7157493872181162
 0.7156672687703147
 0.715688507443812
 0.7155840963833462
 0.7156136067204329
 0.7154286116489114
 0.7156425834927533
 0.7155295222670948
 0.7155926307988005
 0.7154692166947161
 0.7155674494765226
 0.7156569331935193
 0.7155472487649498
 0.7155930048160725
 0.7157020455301726
 0.7156002175259492
 0.7155566718190477
 0.7155941055394391
 0.7156248881140953
 0.7157493880555192
 0.7155919191642338
 0.7155156229750517
 0.7157057812826217
 0.7157493880555216
 0.7157493880555238
 0.7156402772784058
 0.7157065655791024
 0.715659550555142
 0.715593455035977
 0.7156927671018262
 0.7157154757249641
 0.7156433857089615
 0.7155245806193467
 0.7154586939239724
 0.7154278142512462
 0.7154264955446237
 0.7156539288888297
 0.7155956331626233
 0.7157163742015324
 0.7156301702289425
 0.7156112368045633
 0.7157058032136998
 0.7155292653412817
 0.7155660708252087
 0.7156219444864109
 0.715531511332405
 0.7157493880555261
 0.7156153781485962
 0.7157147486132581
 0.7154325963352286
 0.7157493880555261
 0.7154260060070756
 0.7156837736095707
 0.7156707008083383
 0.7156834948893475
 0.7156288451967249
 0.7156017520264635
 0.7154789636098432
 0.7154911030617943
 0.715633767522343
 0.7154380001008348
 0.7157322513142572
 0.7156761622756473
 0.7157493880555261
 0.7154588419978676
 0.7154831959133334
 0.7154610481681107
 0.715434721711806
 0.7155096042478053
 0.7154167093405447
 0.7157493880555261
 0.7156901083797873
 0.7155789210086049
 0.7157353982271035
 0.7156285693737552
 0.7155772941012626
 0.7155308630788562
 0.658285289577195
 0.6530897253831101
 0.6570986911821797
 0.6512892499688295
 0.7152883561259322
 0.7154313892338284
 0.712444017102653
 0.7151973689018331
 0.6681102886044071
 0.7153460115063133
 0.7155288211853585
 0.7155523306361898
 0.715552577687397
 0.7155450711968504
 0.7155601335609127
 0.7155667575786084
 0.7155675593552204
 0.7155679053761317
 0.7155680021110383
 0.7155680078761408
 0.7155677406271165
 0.7155673746782892
 0.7155677500963902
 0.7155680313449995
 0.7155680347475055
 0.7155680767737369
 0.7155680847998103
 0.7155680867474996
 0.7155680873087034
 0.7155680876241882
 0.7155680877915265
 0.7155680877010402
 0.7155680877053694
 0.7155680876888935
 0.7155680878646707
 0.7155680877977191
 0.7155680879285758
 0.7155680877181223
 0.7155680878108228
 0.7155680877603087
 0.7155680878414532
 0.7155680877851207
 0.7155680878589501
 0.7155680877479967
 0.71556808799561
 0.7155680877196404
 0.7155680877767077
 0.7155680877230668
 0.7155680878311788
 0.715568087745472
 0.7155680877705873
 0.7155680877889274
 0.7155680877559942
 0.7155680878913898
 0.7155680877366821
 0.715568087780588
 0.715568087767146
 0.7155680877913507
 0.7155680878791593
 0.7155680878002302
 0.7155680879114047
 0.7155680877541191
 0.7155680878018597
 0.7155680877254371
 0.7155680877395706
 0.7155680877476289
 0.715568087684366
 0.7155680877761631
 0.7155680878041117
 0.71556808773828
 0.7155680877059198
 0.715568087701616
 0.7155680877415624
 0.7155680877197641
 0.715568087709582
 0.7155680878084949
 0.715568087705438
 0.7155680876976538
 0.7155680877453157
 0.7155680877194495
 0.7155680877024574
 0.7155680877627109
 0.7155680877316882
 0.7155680877037179
 0.7155680877075712
 0.7155680877190225
 0.7155680877018155
 0.7155680877685082
 0.7155680877288532
 0.7155680878105778
 0.7155680877251516
 0.7155680877548427
 0.7155680877605728
 0.7155680877314246
 0.7155680877377792
 0.7155680877586568
 0.7155680877446431
 0.7155680877316717
 0.7155680878332287
 0.7155680877394761
 0.6362333130454925
 0.6660880782653679
 0.6369634905345041
 0.6614184017801489
 0.7139588774743723
 0.7145296056386875
 0.7153854003891982
 0.6880337507058105
 0.7154040653247626
 0.7154604879953593
 0.7154585051317794
 0.7155475216861094
 0.7155644613367185
 0.7155634666906717
 0.7155624734646883
 0.7155583261678067
 0.7155452313495287
 0.7155616639002641
 0.7155638739629354
 0.7155638938218485
 0.7155640107593392
 0.7155648394886566
 0.7155649939338842
 0.7155649948205323
 0.7155649708373828
 0.7155649720512542
 0.7155650077875095
 0.7155650033975106
 0.7155650184466299
 0.7155650222527957
 0.7155650218725329
 0.7155650220090288
 0.7155650219462069
 0.7155650203918926
 0.7155650219600794
 0.7155650222868046
 0.715565022371546
 0.7155650223734874
 0.7155650223739575
 0.7155650223739255
 0.7155650223739843
 0.7155650223739873
 0.7155650223739874
 0.7155650223739894
 0.7155650223739903
 0.7155650223739903
 0.7155650223739892
 0.7155650223739866
 0.7155650223739894
 0.7155650223739916
 0.7155650223739913
 0.7155650223739919
 0.7155650223739917
 0.715565022373992
 0.7155650223739918
 0.7155650223739919
 0.7155650223739918
 0.715565022373992
 0.715565022373992
 0.7155650223739918
 0.7155650223739919
 0.715565022373992
 0.7155650223739921
 0.7155650223739919
 0.7155650223739919
 0.7155650223739919
 0.715565022373992
 0.7155650223739922
 0.715565022373992
 0.715565022373992
 0.715565022373992
 0.715565022373992
 0.715565022373992
 0.715565022373992
 0.7155650223739919
 0.7155650223739924
 0.715565022373992
 0.7155650223739923
 0.715565022373992
 0.715565022373992
 0.7155650223739933
 0.715565022373992
 0.715565022373992
 0.715565022373992
 0.715565022373992
 0.715565022373992
 0.7155650223739918
 0.7155650223739921
 0.715565022373992
 0.7155650223739923
 0.715565022373992
 0.715565022373992
 0.7155650223739924
 0.715565022373992
 0.7155650223739919
 0.715565022373992
 0.7155650223739938
 0.7155650223739924
 0.7155650223739921
 0.7155650223739918
 0.6255362764519216
 0.5987606405192925
 0.5967970095775549
 0.5620048540158515
 0.6061068638422696
 0.6106649457877926
 0.6279186957923115
 0.7037006242230134
 0.7155179070590735
 0.7155382691420543
 0.715559474152151
 0.7155635842029175
 0.7155611400278649
 0.715563938809256
 0.7155635068104372
 0.7155639160834908
 0.71556379620055
 0.7155637137018018
 0.7155639485869534
 0.715563995194772
 0.71556399019074
 0.7155639995361651
 0.7155640003890611
 0.7155640003968199
 0.7155639997579645
 0.7155639991670241
 0.715564000330137
 0.7155640004284615
 0.7155640005694194
 0.7155640005840109
 0.715564000575141
 0.7155640005660596
 0.7155640005848964
 0.7155640005870304
 0.7155640005874994
 0.7155640005878546
 0.7155640005878728
 0.7155640005878814
 0.7155640005878819
 0.7155640005878797
 0.7155640005878789
 0.7155640005878832
 0.7155640005878835
 0.7155640005878835
 0.7155640005878835
 0.7155640005878827
 0.7155640005878826
 0.7155640005878834
 0.7155640005878829
 0.7155640005878831
 0.7155640005878823
 0.7155640005878836
 0.7155640005878836
 0.7155640005878836
 0.7155640005878836
 0.7155640005878836
 0.7155640005878836
 0.7155640005878836
 0.7155640005878836
 0.7155640005878836
 0.7155640005878836
 0.7155640005878836
 0.7155640005878836
 0.7155640005878836
 0.7155640005878836
 0.7155640005878836
 0.7155640005878836
 0.7155640005878836
 0.7155640005878836
 0.7155640005878836
 0.7155640005878836
 0.7155640005878836
 0.7155640005878836
 0.7155640005878836
 0.7155640005878836
 0.7155640005878836
 0.7155640005878836
 0.7155640005878836
 0.7155640005878836
 0.7155640005878836
 0.7155640005878836
 0.7155640005878836
 0.7155640005878836
 0.7155640005878836
 0.7155640005878836
 0.7155640005878836
 0.7155640005878836
 0.7155640005878836
 0.7155640005878836
 0.7155640005878836
 0.7155640005878836
 0.7155640005878836
 0.7155640005878836
 0.7155640005878836
 0.7155640005878836
 0.7155640005878836
 0.7155640005878836
 0.7155640005878836
 0.7155640005878836
 0.7155640005878836
 0.5103679601593274
 0.5242323277494905
 0.4685924754503341
 0.4924756227377413
 0.4690306764908577
 0.4636277487952166
 0.538740639808421
 0.5174101086227614
 0.5390974848282796
 0.4693671253130583
 0.437749316922752
 0.5154704294613844
 0.4331066230010157
 0.5042731543335248
 0.3765994249220421
 0.4273920517994959
 0.5683855164465316
 0.4618056308795217
 0.5204252097165498
 0.4968027510850142
 0.6083253632603794
 0.5419076402107508
 0.464580718979507
 0.4607017173848603
 0.3903602407100578
 0.5715013817820163
 0.5073630220127918
 0.5484992214497634
 0.4724640363958614
 0.4923322469807988
 0.4948249505472565
 0.4283185917109237
 0.4549975385230279
 0.4903765001902965
 0.5197617140805932
 0.5645977242303287
 0.4493060483151419
 0.4873411233850533
 0.5393221381857941
 0.4881310979723453
 0.4591475595306491
 0.5204038686362131
 0.5443047447910017
 0.552397320355891
 0.5045861149028333
 0.4341765870726644
 0.4461038406857248
 0.5198401632057511
 0.4884434340132729
 0.5189222622984222
 0.5405737935122871
 0.5060241709602149
 0.5140608828737846
 0.4554842041548511
 0.5189844514380775
 0.4488581115192429
 0.4961206906587861
 0.5047154475040838
 0.4626303654036221
 0.532776747261115
 0.5088524842081549
 0.4316625732846538
 0.51951997512662
 0.4972932207227869
 0.5141386579050461
 0.6206894182411153
 0.4476300038176935
 0.4467061148322011
 0.546642083899216
 0.4875578307629037
 0.5654129741626071
 0.4422800856407128
 0.4876612327370487
 0.5070378028402774
 0.5146743548618467
 0.5390072705122471
 0.4474157991559635
 0.4962360629597765
 0.4576050221403455
 0.4165327022440963
 0.5274041129017044
 0.4379991270146496
 0.5370825656754155
 0.4716106131425912
 0.5252081655599423
 0.5637948561663148
 0.4627983188596861
 0.4632178507815256
 0.4662383009214155
 0.5272702828682959
 0.4936404909700697
 0.4349614217277947
 0.5537748460483665
 0.571124282585863
 0.5444645071938806
 0.4258156647949976
 0.5211803098536648
 0.5319014834297165
 0.414351619999144
 0.5432843955454931
 0.6571916705584107
 0.7153142340185767
 0.7091328028310803
 0.7108247968369548
 0.7157493880555261
 0.7157493880555261
 0.7157493880555261
 0.7157493880555261
 0.7156264044449726
 0.7155638414323822
 0.7155899934663263
 0.7155203671945838
 0.7157493880555261
 0.7156114240227165
 0.7155810403072831
 0.7156577666773756
 0.7156295857529112
 0.7157493880555261
 0.7156515360818898
 0.7156792259133831
 0.7156237231948803
 0.7154777024103764
 0.7156877290243543
 0.7155929228079148
 0.7155219460339761
 0.7154113497966097
 0.7157240058838514
 0.7155486611029533
 0.7154315205929542
 0.7156639982348856
 0.7157493880555261
 0.7156321677732513
 0.7154631118238439
 0.7157137944018496
 0.7157493880555261
 0.7154387258372789
 0.7157158197147675
 0.7155968775586073
 0.7157493880555261
 0.7156759002905806
 0.715515929137243
 0.7154607316241605
 0.7157397488815607
 0.7155950769488342
 0.7154603112375064
 0.7155546528222828
 0.7157493880555261
 0.7155376452179513
 0.7157093476212718
 0.7154340348797021
 0.7154185887079776
 0.7157493880555261
 0.7156189911027379
 0.7157493880555261
 0.7157184019559
 0.715677292199014
 0.7157493880555261
 0.7154520332957235
 0.7156226644717943
 0.7156639481131356
 0.7156707638807287
 0.7156537073614126
 0.7157493880555261
 0.7157493880555261
 0.7156184607834545
 0.7156582710340793
 0.715495248651725
 0.7157493880555261
 0.7156362902892403
 0.7155781925458471
 0.7156215083551614
 0.715600322891927
 0.7156558065253331
 0.7157079736550735
 0.7157480405130434
 0.7156622599523359
 0.7155817761140166
 0.7157493880555261
 0.7155878183452894
 0.7156976847657737
 0.7157015414551391
 0.715708172206389
 0.7157493880555261
 0.7155985827513558
 0.7155433443784234
 0.7157493880555261
 0.7156025788072833
 0.7157013976484823
 0.7157493880555261
 0.7156097851954228
 0.7157493880555261
 0.7156169070533531
 0.7157493880555261
 0.7155460235116133
 0.7157239888688542
 0.7156669948861217
 0.7155291878035714
 0.7156510104434752
 0.7157493880555261
 0.7157153266820671
 0.6571916705584107
 0.4759462127790191
 0.6953916566764353
 0.65762682459536
 0.713873190024539
 0.7157493880555261
 0.7157493880555261
 0.7157493880555261
 0.7153616155648044
 0.6677914915893617
 0.7156118517187354
 0.715657771496256
 0.7155860952178807
 0.7155421741737877
 0.7155174519793377
 0.7155600907476175
 0.7155643417254818
 0.7155696952630624
 0.7155703065436975
 0.7155707713321218
 0.7155691901789438
 0.7155701966263166
 0.7155689110973784
 0.7155695070423533
 0.7155680532908242
 0.7155680979434794
 0.715568094925254
 0.7155681072222289
 0.7155681117992035
 0.71556811022939
 0.7155681142091299
 0.715568094812052
 0.7155680909646709
 0.7155680889389359
 0.7155680888331653
 0.7155680881046398
 0.7155680879380178
 0.7155680878934563
 0.7155680878020476
 0.7155680877587689
 0.7155680877313133
 0.7155680877632036
 0.7155680878212547
 0.7155680876922703
 0.7155680877399901
 0.7155680877301624
 0.7155680878181849
 0.7155680877570281
 0.7155680876629669
 0.7155680877292605
 0.7155680878208013
 0.7155680878403359
 0.7155680878334625
 0.7155680877058687
 0.7155680877296848
 0.7155680877491396
 0.7155680878755556
 0.7155680879249555
 0.7155680879525558
 0.7155680877305177
 0.7155680877266852
 0.7155680876945478
 0.7155680877866202
 0.7155680877513984
 0.7155680876951374
 0.7155680877309955
 0.7155680876971667
 0.7155680877570428
 0.7155680876975949
 0.7155680877255071
 0.7155680877528572
 0.7155680877274497
 0.7155680880280975
 0.715568087708391
 0.7155680877663486
 0.7155680877063192
 0.7155680877244155
 0.7155680877423064
 0.7155680877329598
 0.7155680876953492
 0.7155680877033519
 0.7155680878389394
 0.7155680877339328
 0.7155680877502818
 0.7155680877626922
 0.7155680876747204
 0.7155680878327122
 0.7155680877732673
 0.7155680877741135
 0.715568087712796
 0.715568087751987
 0.7155680879941062
 0.7155680877284818
 0.715568087864629
 0.7155680877707342
 0.7155680879220738
 0.7155680877238345
 0.7155680877806474
 0.7155680877631697
 0.7155680877048922
 0.6571916705584107
 0.65762682459536
 0.65762682459536
 0.4570774895714181
 0.6572977300391449
 0.65762682459536
 0.65762682459536
 0.65762682459536
 0.6350874764515924
 0.6757636307668967
 0.6338410957557752
 0.4400230660686519
 0.6335206618311986
 0.4400230660686519
 0.6335206618311986
 0.6706562551236521
 0.7155175951317685
 0.7154867335230921
 0.7155580864449096
 0.7155637530538955
 0.7155648124289402
 0.7155647881498427
 0.7155647980780346
 0.7155648090580348
 0.7155650118898308
 0.7155650212556757
 0.7155650221692136
 0.7155650218759422
 0.7155650223208803
 0.7155650221946687
 0.7155650220378764
 0.7155650223216468
 0.7155650220578422
 0.7155650221860077
 0.7155650222623027
 0.7155650223620766
 0.7155650223719618
 0.7155650223736086
 0.7155650223737676
 0.7155650223739705
 0.715565022373978
 0.7155650223739961
 0.7155650223740061
 0.7155650223740445
 0.7155650223740335
 0.7155650223740064
 0.7155650223739916
 0.71556502237399
 0.7155650223739916
 0.7155650223739918
 0.7155650223739896
 0.7155650223739874
 0.7155650223739842
 0.7155650223739847
 0.7155650223739852
 0.7155650223739798
 0.7155650223739899
 0.7155650223739918
 0.715565022373992
 0.7155650223739918
 0.7155650223739929
 0.7155650223739919
 0.7155650223739919
 0.7155650223739918
 0.7155650223739918
 0.7155650223739918
 0.7155650223739914
 0.71556502237399
 0.7155650223739889
 0.7155650223739919
 0.7155650223739921
 0.7155650223739919
 0.715565022373992
 0.715565022373992
 0.715565022373992
 0.7155650223739918
 0.715565022373992
 0.715565022373992
 0.7155650223739919
 0.715565022373992
 0.7155650223739919
 0.715565022373992
 0.715565022373992
 0.715565022373992
 0.715565022373992
 0.715565022373992
 0.715565022373992
 0.715565022373992
 0.7155650223739918
 0.715565022373992
 0.7155650223739923
 0.715565022373992
 0.715565022373992
 0.7155650223739936
 0.715565022373992
 0.715565022373992
 0.715565022373992
 0.7155650223739923
 0.715565022373992
 0.715565022373992
 0.6736970084654226
 0.6266937411122029
 0.65762682459536
 0.6999096437533312
 0.6605202989984074
 0.6874165583015007
 0.6878048845438084
 0.7078934341451673
 0.6947123611530412
 0.715590078189932
 0.7155573396685003
 0.7153552181434568
 0.7155602100912644
 0.7155659664358673
 0.7155645755439514
 0.715563450807055
 0.7155640833452314
 0.7155638856732333
 0.7155638926388088
 0.7155640228341216
 0.7155637551893225
 0.7155629493484312
 0.7155635892625174
 0.7155638267459354
 0.7155639194538486
 0.7155638704971881
 0.7155639787854442
 0.7155639903421931
 0.7155639969985761
 0.7155639996456775
 0.7155640002166709
 0.7155640004903524
 0.7155640005539183
 0.715564000533315
 0.7155640004095609
 0.7155640005042085
 0.7155640005605284
 0.7155640005858912
 0.7155640005846933
 0.7155640005832964
 0.7155640005871207
 0.7155640005862539
 0.7155640005852646
 0.7155640005876115
 0.715564000588822
 0.715564000588145
 0.7155640005887165
 0.7155640005884134
 0.7155640005889334
 0.7155640005893027
 0.7155640005904877
 0.7155640005922165
 0.7155640005882211
 0.7155640005882977
 0.7155640005886428
 0.7155640005879413
 0.7155640005879281
 0.7155640005879578
 0.7155640005879149
 0.7155640005878903
 0.7155640005878927
 0.7155640005878958
 0.7155640005878846
 0.7155640005878838
 0.7155640005878836
 0.7155640005878836
 0.7155640005878836
 0.7155640005878837
 0.7155640005878836
 0.7155640005878836
 0.7155640005878836
 0.7155640005878836
 0.7155640005878836
 0.7155640005878836
 0.7155640005878836
 0.7155640005878836
 0.7155640005878836
 0.7155640005878836
 0.7155640005878836
 0.7155640005878836
 0.7155640005878836
 0.7155640005878836
 0.7155640005878836
 0.7155640005878836
 0.7155640005878836
 0.7155640005878836
 0.7155640005878836
 0.7155640005878836
 0.7155640005878836
 0.7155640005878836
 0.7155640005878836
 0.7155640005878836
 0.7155640005878836
 0.7155640005878836
 0.7155640005878836
 0.7155640005878836
 0.7155640005878836
 0.7155640005878836
 0.7155640005878836
 0.7155640005878836
 0.5731950980970115
 0.4604970676614246
 0.5350524180368575
 0.5036949030017924
 0.5325179180520171
 0.4849793520690567
 0.475430698743336
 0.4411520103598235
 0.559798228310237
 0.5004098430152376
 0.4910697285216555
 0.5318599955507913
 0.5286258090080939
 0.4731430099713029
 0.4222709933213216
 0.5546982782862033
 0.4416380929604715
 0.4822707987415761
 0.4396598702956724
 0.5246447413408105
 0.4767544535893843
 0.5150690857323178
 0.4828832423831053
 0.4326019817795103
 0.4868890066987646
 0.5356522680692584
 0.4670652552701686
 0.4533488879043054
 0.5568374635098493
 0.5462395410896013
 0.492339922385766
 0.4734640956943661
 0.4250170007243471
 0.5752451545576701
 0.5614894411861603
 0.5274845938963716
 0.5957135597023484
 0.4771028726819245
 0.5977074283412228
 0.5064912302732109
 0.4991484672987916
 0.4825480221599143
 0.4780688836091009
 0.5436906681849079
 0.4511569498517292
 0.5050951412055196
 0.464036516858497
 0.5056814089412272
 0.4795487025396635
 0.4378676173039286
 0.4313774864013725
 0.4832298259642605
 0.4176889455728199
 0.5392742012047264
 0.5176160279683586
 0.4880385267495448
 0.4631992246960231
 0.5062544678530801
 0.5076903974206046
 0.499487042725367
 0.493744983897709
 0.6090363035128981
 0.552955062715624
 0.51213929983675
 0.411687816519904
 0.4487547401873197
 0.4428101844864175
 0.4588348400265451
 0.4677736973670934
 0.5217878215056413
 0.4088673786601799
 0.4838531332586241
 0.5960034001064182
 0.5648332246156915
 0.4535659517123924
 0.4929532917069174
 0.5729189413064786
 0.4306042586654392
 0.4457514878434783
 0.495372121111219
 0.5445160436340203
 0.5650231186886633
 0.504515401825933
 0.5664920136282591
 0.5096593875236972
 0.5674015793390985
 0.5167094699354041
 0.4719175843279946
 0.4982151391636438
 0.4835351058854857
 0.5053982230877415
 0.4451301498257959
 0.5260086120641354
 0.4590064487848982
 0.4824494829209026
 0.4452879822886827
 0.4968136980831798
 0.5004888501679252
 0.5382209457457527
 0.52192114173481


# name: PF
# type: matrix
# ndims: 3
 100 5 2
 0.270612653713208
 0.654287766342468
 0.6546073814061686
 0.2706712490648435
 0.6541690426914456
 0.0005958095424299472
 0.532458701378227
 0.5325358408576666
 0.5322614676604149
 0.9036038706848742
 0.53236405181961
 0.5325902822408548
 0.5324515476812304
 0.5325515823317485
 0.5326150246642178
 0.3188787979391881
 0.1721418572092752
 0.3799277778788241
 0.2518310829779257
 0.4131042265213627
 0.2561038518976733
 0.2515334460890415
 0.2399750890502384
 0.4131044471027541
 0.2872291294548494
 0.3197844933634096
 0.1597383400945373
 0.2049730123723387
 0.3423794623832096
 0.2493898848202127
 0.1745337028733652
 0.1728203165841544
 0.2748406588456603
 0.1342212175042464
 0.2713856794966795
 0.1450490386808624
 0.1733935142380429
 0.3405357957809983
 0.1844494649067376
 0.1293755686976779
 0.1750807498423221
 0.2222655998910532
 0.4131044473749741
 0.1717293801526275
 0.1976525773598772
 0.3462621164641423
 0.4131044473750244
 0.4131044473750444
 0.2458547706592428
 0.3474643197250767
 0.2753976754755217
 0.1740836302008346
 0.3263134222177667
 0.3611221732766486
 0.2506195062666424
 0.1827532258354619
 0.2923433149088169
 0.3437058254340801
 0.3458992451433101
 0.2667805443521975
 0.1774223560997069
 0.3624993966777971
 0.2303622519491002
 0.2013402873895787
 0.3462957333523035
 0.1749610746094006
 0.132107937980687
 0.2177534811612515
 0.1712252920530207
 0.4131044473750545
 0.2076883170615366
 0.3600076252824828
 0.3357517308081265
 0.4131044473750545
 0.3467134985096586
 0.3125278117397011
 0.2924892615828234
 0.3121005774327571
 0.2283311857620984
 0.1868016129081064
 0.2586285160795743
 0.2384368277110039
 0.2358763374884965
 0.3267635860734526
 0.3868365157103192
 0.300860832805909
 0.4131044473750545
 0.2920970219165566
 0.2515888775933867
 0.2884274738829247
 0.3322165677968426
 0.2076635947937947
 0.3621767495867949
 0.4131044473750545
 0.3222380190977658
 0.1518052499743213
 0.391660238628432
 0.2279083924897916
 0.1493114566548761
 0.172303539546797
 0.2672275720127915
 0.2408016268924712
 0.2702472551186472
 0.1809938047239462
 0.4052337851393735
 0.2562660166524627
 0.3704270548819146
 0.5323657931476122
 0.4054759306840582
 0.4140840836098983
 0.1644642684159481
 0.1319030803030076
 0.1304329199745219
 0.1416286419616746
 0.1250778812995481
 0.1335050704402305
 0.1345338835291021
 0.1349665975267747
 0.1350898437255901
 0.1350986248535765
 0.1347554438939263
 0.1342840778422374
 0.1347670973923991
 0.135127172601148
 0.1351319052659906
 0.1351855012791209
 0.1351957751919919
 0.1351982838298803
 0.1351989975058612
 0.1351994021604193
 0.1351996351220918
 0.1351994936255557
 0.1351994990044051
 0.1351994731576005
 0.1351997425476392
 0.135199639919689
 0.1351998405012627
 0.1351995179138075
 0.1351996599990284
 0.1351995825677725
 0.1351997069498194
 0.1351996206009668
 0.1351997337692721
 0.1351995636950375
 0.1351999432471539
 0.1351995202291167
 0.1351996077042704
 0.1351995254813055
 0.1351996911998875
 0.1351995598249195
 0.1351995983228991
 0.1351996264352723
 0.1351995759538206
 0.1351997834940073
 0.1351995463515774
 0.1351996136523043
 0.1351995930476924
 0.1351996301498853
 0.1351997647466016
 0.135199643760738
 0.1351998141736352
 0.1351995730794827
 0.135199646258364
 0.1351995291146987
 0.1351995507790497
 0.1351995631312967
 0.1351994661590932
 0.1351996068696459
 0.1351996497103641
 0.1351995488008118
 0.1351994991977999
 0.1351994926006181
 0.1351995538323499
 0.1351995204187928
 0.1351995048112796
 0.1351996564291964
 0.1351994984590045
 0.1351994865271757
 0.135199559585207
 0.1351995199365385
 0.135199493890325
 0.1351995862494482
 0.1351995386966276
 0.1351994958224906
 0.1351995017289046
 0.135199519282152
 0.1351994929063781
 0.1351995951359693
 0.1351995343508635
 0.1351996596219499
 0.1351995286770516
 0.1351995741887058
 0.1351995829720738
 0.1351995382923415
 0.1351995480331418
 0.1351995800351221
 0.1351995585543122
 0.1351995386711928
 0.1351996943421951
 0.1351995506343327
 0.1013615584968516
 0.1876162691010864
 0.07689046616839681
 0.2386968292511533
 0.2293292805735276
 0.230263822291826
 0.2295962708531201
 0.4570144310656304
 0.2946649333752753
 0.1629808901791659
 0.1673641607590206
 0.1253249555327602
 0.1311185959096386
 0.1300980698413791
 0.1300412820415293
 0.1304473355227901
 0.1323270881821971
 0.1310686934822158
 0.1307486364891032
 0.1306922524724017
 0.1306742001504287
 0.1305329530907419
 0.1305058642949024
 0.1305051311172802
 0.1305077985869877
 0.1305063891309038
 0.1304962786891857
 0.130487198444555
 0.1304979099976117
 0.130500752460678
 0.1305004755300417
 0.1305006301966128
 0.1305005132193584
 0.1304993698838576
 0.1305005158893809
 0.1305007607307101
 0.1305008252660517
 0.1305008266354359
 0.1305008270051761
 0.1305008270143351
 0.1305008270086812
 0.1305008270086857
 0.1305008270088635
 0.1305008270090483
 0.1305008270076075
 0.1305008270076587
 0.1305008270067506
 0.1305008270063211
 0.1305008270069767
 0.1305008270083416
 0.1305008270081848
 0.130500827008626
 0.130500827008371
 0.1305008270087168
 0.1305008270085444
 0.1305008270086179
 0.1305008270085153
 0.1305008270092231
 0.1305008270086722
 0.1305008270084535
 0.1305008270086003
 0.1305008270087985
 0.1305008270088553
 0.1305008270084949
 0.1305008270084963
 0.1305008270085992
 0.1305008270088479
 0.1305008270089159
 0.1305008270086495
 0.1305008270087534
 0.1305008270085974
 0.1305008270086694
 0.1305008270086206
 0.1305008270087484
 0.130500827008621
 0.1305008270093126
 0.1305008270086455
 0.1305008270092326
 0.1305008270086436
 0.1305008270087858
 0.1305008270105946
 0.1305008270086314
 0.1305008270085714
 0.1305008270086404
 0.1305008270086617
 0.1305008270087525
 0.1305008270083578
 0.1305008270088818
 0.1305008270087409
 0.1305008270092557
 0.1305008270085842
 0.1305008270086398
 0.1305008270094629
 0.1305008270086325
 0.130500827008598
 0.1305008270086757
 0.1305008270114126
 0.1305008270094931
 0.1305008270088469
 0.1305008270084366
 0.03377427844763772
 0.06994790415269435
 0.08304763967824061
 0.2065380674362038
 0.04688142967247853
 0.05524947783787666
 0.217319227454577
 0.1439379611817334
 0.140222856751696
 0.1383304900059157
 0.1309091980617936
 0.1302849565226009
 0.130860045549874
 0.1298713993752287
 0.1293851730346854
 0.1290295049031918
 0.1289822872016496
 0.1290059973736449
 0.1289477724338099
 0.1289365630432203
 0.1289375339081739
 0.1289351756020337
 0.128934718909696
 0.1289346400036187
 0.1289348303605428
 0.1289349433828197
 0.1289346546911128
 0.1289346337545507
 0.1289345973296691
 0.1289345915603536
 0.1289345935750884
 0.1289345964624256
 0.1289345910356708
 0.1289345899637403
 0.1289345895643505
 0.1289345894759674
 0.1289345894627543
 0.1289345894617956
 0.1289345894607014
 0.1289345894620801
 0.1289345894644221
 0.1289345894586451
 0.1289345894582615
 0.1289345894581849
 0.1289345894581808
 0.1289345894583827
 0.1289345894583867
 0.1289345894581808
 0.1289345894583273
 0.1289345894583195
 0.1289345894584619
 0.1289345894581531
 0.1289345894581531
 0.1289345894581371
 0.1289345894581372
 0.1289345894581452
 0.1289345894581452
 0.1289345894581372
 0.1289345894581372
 0.1289345894581452
 0.1289345894581372
 0.1289345894581372
 0.1289345894581372
 0.1289345894581372
 0.1289345894581372
 0.1289345894581372
 0.1289345894581372
 0.1289345894581372
 0.1289345894581372
 0.1289345894581372
 0.1289345894581452
 0.1289345894581452
 0.1289345894581372
 0.1289345894581372
 0.1289345894581372
 0.1289345894581372
 0.1289345894581372
 0.1289345894581372
 0.1289345894581372
 0.1289345894581372
 0.1289345894581372
 0.1289345894581372
 0.1289345894581372
 0.1289345894581452
 0.1289345894581372
 0.1289345894581372
 0.1289345894581372
 0.1289345894581372
 0.1289345894581372
 0.1289345894581372
 0.1289345894581372
 0.1289345894581372
 0.1289345894581372
 0.1289345894581452
 0.1289345894581452
 0.1289345894581321
 0.1289345894581372
 0.1289345894581372
 0.1289345894581372
 0.1289345894581372
 0.003305793302922654
 0.003024941269862408
 0.006242965551682488
 0.004834572984839055
 0.0008638476773974871
 0.001066170597410524
 0.0003833370672600795
 0.0003431848533354733
 8.060590952298045e-05
 4.911925585472394e-05
 7.565182378961935e-06
 8.535611084898448e-07
 2.973161675655367e-06
 5.442952322780997e-06
 6.677536294679053e-07
 9.566976884485545e-08
 9.402732345682729e-08
 1.196340102906958e-06
 8.526696028757219e-08
 3.391083315540389e-08
 1.05991812934976e-08
 8.599554480320792e-08
 2.146030669142318e-09
 2.637260426013865e-08
 3.47220702016926e-09
 2.90434384181415e-09
 1.129293622156857e-09
 1.321268627493821e-09
 2.918728564393902e-09
 1.934920218840674e-09
 5.701693613774372e-10
 1.927530357548335e-10
 1.206142616339001e-10
 3.235872125806338e-10
 2.626229008567682e-09
 3.749418562085105e-10
 1.751886221160182e-09
 1.702671788283983e-10
 9.233088252291743e-12
 7.806236559937396e-12
 1.593107590291964e-12
 1.003485489148304e-13
 1.470859024854665e-13
 2.570478552232913e-13
 3.41367559220096e-13
 1.203498238566691e-12
 1.111004517551084e-12
 1.455823309126636e-13
 1.101896351940468e-13
 5.927792978699387e-13
 3.555229027840667e-13
 5.536543445927578e-14
 4.641599604671143e-14
 1.156019724390944e-14
 5.402796265929766e-15
 5.728056917675417e-15
 7.164407955784213e-15
 6.781034067593339e-15
 6.904199434387692e-15
 6.793177131925177e-15
 2.045238978176656e-15
 5.274860409576476e-15
 6.961445309094927e-15
 6.250208683944436e-15
 6.768891003261501e-15
 2.861860054492738e-15
 4.96564594998361e-15
 4.932686203940051e-15
 7.048181482893767e-15
 6.146125275385828e-15
 4.881511861398735e-15
 6.882515390937982e-15
 6.919811945671483e-15
 6.739400704169896e-15
 4.683753385137379e-16
 5.725454832461452e-15
 4.915338969180283e-15
 6.76975836499949e-15
 1.672273430841642e-15
 3.659399172573075e-15
 5.436623373711313e-15
 3.255208602670479e-15
 6.698634702484441e-15
 6.853892453584365e-15
 6.862566070964249e-15
 3.938255971336346e-15
 6.656133977323009e-15
 4.940492459581947e-15
 2.095545958979983e-15
 5.271824643493517e-15
 4.940492459581947e-15
 4.551914400963142e-15
 3.385312863368739e-15
 4.217980131837606e-15
 6.868637603130168e-15
 4.745336068534556e-15
 6.741135427645872e-15
 6.657001339060997e-15
 5.736730535055301e-15
 6.84001466577655e-15
 0.2705968353579522
 0.5326251170229244
 0.3950795315601878
 0.3996888652996624
 0.4131044473750545
 0.4131044473750545
 0.4131044473750545
 0.4131044473750545
 0.2245898968418513
 0.1286906290824105
 0.168777587843395
 0.189761463119749
 0.4131044473750545
 0.2016272634008656
 0.1550538018419712
 0.2726632711602254
 0.2294663420320759
 0.4131044473750545
 0.263112747295659
 0.3055569080645778
 0.2204799617558024
 0.2607262834834081
 0.3185908410876374
 0.1732678082101386
 0.187135361618475
 0.3710913399133582
 0.3741975665047273
 0.1426998838306317
 0.3375410251565858
 0.2822152696568067
 0.4131044473750545
 0.2334241734999293
 0.2849949718528981
 0.3585449691286228
 0.4131044473750545
 0.3255564603997657
 0.3616494555937796
 0.1793298196109516
 0.4131044473750545
 0.3004592508645701
 0.1971433343233859
 0.2889539850320103
 0.3983291082918832
 0.1765697677590259
 0.2896532189304607
 0.1327337889871747
 0.4131044473750545
 0.1610227305259115
 0.3517287532266327
 0.3333589834394443
 0.3590507763807231
 0.4131044473750545
 0.2132264080563473
 0.4131044473750545
 0.3656076255017131
 0.3025928277818082
 0.4131044473750545
 0.3034220135587007
 0.2188571056224715
 0.2821384408899191
 0.2925859416467435
 0.2664409776303229
 0.4131044473750545
 0.4131044473750545
 0.2124135119240654
 0.2734363707373798
 0.2315414208738766
 0.4131044473750545
 0.2397433427389894
 0.1506886310302613
 0.2170849604851683
 0.184610974223901
 0.2696586660784406
 0.349622678936301
 0.4110388764887902
 0.2795507556451353
 0.1561816779472479
 0.4131044473750545
 0.165443469070964
 0.3338514283353756
 0.3397631271299828
 0.3499270269045379
 0.4131044473750545
 0.181943612157066
 0.1515432521542331
 0.4131044473750545
 0.1880689379926098
 0.3395426941215874
 0.4131044473750545
 0.1991151986688642
 0.4131044473750545
 0.2100318878166375
 0.4131044473750545
 0.1470870194767875
 0.3741714851876045
 0.2868086651373247
 0.1750900439637856
 0.2623070261997479
 0.4131044473750545
 0.3608937139344666
 0.2705968353579522
 0.7957134619798321
 0.4200740734647622
 0.6551750837964015
 0.4212181393651842
 0.4131044473750545
 0.4131044473750545
 0.4131044473750545
 0.4538148527954625
 0.4588099693059452
 0.2022828541937017
 0.2726706577466556
 0.162802185509019
 0.153489666821495
 0.1946103737637261
 0.1236888259879662
 0.1294574997929901
 0.1376636317012881
 0.1386006288643368
 0.1393130764865118
 0.1368894171116433
 0.1384321427908872
 0.136461628923897
 0.1373751189295976
 0.1351467462636123
 0.1352151917678942
 0.1352105653025983
 0.1352294146327859
 0.1352364304158576
 0.1352340241383312
 0.1352401244543417
 0.1352103917817628
 0.1352044943509481
 0.1352013892175325
 0.1352012270877572
 0.1352001103726956
 0.1351998549675147
 0.1351997866615255
 0.1351996465464936
 0.135199580206962
 0.1351995381219298
 0.1351995870045467
 0.1351996759880284
 0.1351994782752474
 0.1351995514221916
 0.1351995363578713
 0.1351996712823761
 0.1351995775386902
 0.1351994333575865
 0.1351995349753973
 0.1351996752929483
 0.1351997052363945
 0.1351996947004044
 0.1351994991192649
 0.1351995356257863
 0.1351995654468368
 0.1351997592227356
 0.1351998349450701
 0.1351998772517906
 0.1351995369024487
 0.1351995310278037
 0.1351994817661919
 0.1351996228986393
 0.1351995689092026
 0.1351994826698157
 0.1351995376346795
 0.1351994857805462
 0.1351995775611964
 0.1351994864369144
 0.1351995292217639
 0.1351995711452851
 0.1351995321996198
 0.1351999930453068
 0.1351995029855612
 0.135199591825699
 0.1351994998098123
 0.1351995275486746
 0.1351995549726296
 0.1351995406456319
 0.1351994829945203
 0.1351994952614834
 0.1351997030959104
 0.1351995421372244
 0.1351995671976868
 0.1351995862209205
 0.1351994513739524
 0.1351996935504376
 0.1351996024307132
 0.1351996037279626
 0.1351995097377771
 0.1351995698113622
 0.1351999409422572
 0.1351995337815085
 0.1351997424738499
 0.1351995985481131
 0.1351998305279238
 0.1351995266581253
 0.1351996137434397
 0.1351995869528139
 0.1351994976225
 0.2705968353579522
 0.6551750837964015
 0.6551750837964015
 0.9232954647873383
 0.1080243165451149
 0.6551750837964015
 0.6551750837964015
 0.6551750837964015
 0.7443313509827145
 0.222226235596432
 0.5314440352656277
 0.7388545967281193
 0.5527630155311156
 0.7388545967281193
 0.5527630155311156
 0.3575959659045688
 0.1943722666989328
 0.2457047310846622
 0.1270226054564753
 0.1285551587494556
 0.1301790142330956
 0.1301417981915564
 0.1301570165497865
 0.1301738471646362
 0.1304847564369886
 0.1304991128055887
 0.1305005131154902
 0.1305000635765613
 0.1305007455967702
 0.1305005521342389
 0.1305003117963405
 0.1305007467717376
 0.1305003424008986
 0.1305005388584316
 0.1305006558065555
 0.1305008087444249
 0.1305008238967886
 0.1305008264210553
 0.1305008266647587
 0.1305008269757074
 0.1305008269872707
 0.1305008270150194
 0.1305008270303511
 0.1305008270891969
 0.1305008270723149
 0.1305008270307761
 0.1305008270079511
 0.1305008270056375
 0.1305008270080214
 0.1305008270084823
 0.1305008270050225
 0.1305008270017211
 0.1305008269968752
 0.1305008269973392
 0.1305008269983748
 0.1305008269900122
 0.1305008270054588
 0.1305008270082925
 0.1305008270086319
 0.1305008270084529
 0.1305008270101648
 0.1305008270084829
 0.1305008270085733
 0.1305008270082933
 0.130500827008304
 0.1305008270083344
 0.1305008270078065
 0.1305008270055368
 0.1305008270040896
 0.1305008270085776
 0.1305008270088506
 0.130500827008542
 0.1305008270086815
 0.1305008270086482
 0.1305008270086399
 0.1305008270084143
 0.1305008270086976
 0.1305008270087719
 0.1305008270085491
 0.1305008270086326
 0.1305008270086104
 0.130500827008699
 0.1305008270086219
 0.1305008270087716
 0.1305008270086385
 0.130500827008649
 0.1305008270087382
 0.130500827008625
 0.1305008270084285
 0.1305008270086727
 0.1305008270092159
 0.1305008270086496
 0.1305008270086446
 0.1305008270110846
 0.1305008270086804
 0.1305008270086691
 0.1305008270086253
 0.1305008270091804
 0.1305008270086848
 0.1305008270088259
 0.2261644118664816
 0.04741369436369126
 0.6551750837964015
 0.3132528241214196
 0.6388286263085474
 0.1574004045728124
 0.2687705799793834
 0.2905217840920535
 0.2399869559892505
 0.1689074558182549
 0.1282647271434594
 0.1663369740195298
 0.1234903203440291
 0.1319479255229132
 0.129815906766883
 0.1280918618349755
 0.1290614434685368
 0.1287584433556282
 0.1287691204884326
 0.128968689445244
 0.1285584320233688
 0.1273232045591846
 0.1283040923032519
 0.1286681170674141
 0.1288102237309581
 0.1287351808630224
 0.1289011697443678
 0.1289188844242461
 0.1289290876135576
 0.1289331452040921
 0.1289340204472683
 0.1289344399580711
 0.1289345373945107
 0.1289345058130897
 0.1289343161172588
 0.1289344611971997
 0.1289345475268468
 0.1289345864038959
 0.1289345845678485
 0.1289345824265129
 0.1289345882884545
 0.1289345869599782
 0.1289345854434651
 0.1289345890409318
 0.1289345908964037
 0.1289345898586004
 0.1289345907348541
 0.1289345902700538
 0.1289345910673275
 0.1289345916332487
 0.1289345934497644
 0.1289345960995724
 0.1289345899754894
 0.1289345900929318
 0.1289345906218292
 0.1289345895464491
 0.1289345895263292
 0.1289345895717864
 0.1289345895060752
 0.1289345894683063
 0.1289345894719059
 0.1289345894767004
 0.1289345894595757
 0.1289345894584421
 0.1289345894581609
 0.1289345894581426
 0.1289345894581393
 0.1289345894581492
 0.128934589458142
 0.1289345894581382
 0.1289345894581386
 0.1289345894581456
 0.128934589458146
 0.1289345894581355
 0.1289345894581406
 0.1289345894581478
 0.1289345894581457
 0.1289345894581373
 0.1289345894581372
 0.1289345894581372
 0.1289345894581372
 0.1289345894581372
 0.1289345894581372
 0.1289345894581452
 0.1289345894581452
 0.1289345894581372
 0.1289345894581372
 0.1289345894581372
 0.1289345894581372
 0.1289345894581372
 0.1289345894581372
 0.1289345894581372
 0.1289345894581452
 0.1289345894581372
 0.1289345894581452
 0.1289345894581372
 0.128934589458137
 0.1289345894581372
 0.1289345894581452
 0.1289345894581372
 0.2834347050074741
 0.2974278325422344
 0.1886008714124477
 0.2099744583825456
 0.07473549355664942
 0.04568379440033796
 0.01547628551615039
 0.08812839116071271
 0.003283838515413368
 0.00448017969529735
 0.005479860753648373
 0.0006911951916640374
 0.006639473643243176
 0.002380104606772354
 0.001781870673141059
 0.0007656264369483474
 3.915005230712733e-05
 0.0001152891443001371
 4.84482104661536e-05
 1.380736021801797e-05
 1.334504861179309e-06
 2.016365315630694e-05
 7.315275376082106e-06
 3.500154424240787e-06
 1.090357137894377e-06
 8.669938977821923e-07
 2.076974615891625e-06
 2.326920110611377e-06
 1.558568659063009e-07
 2.12489701703969e-07
 1.964158913804123e-07
 1.631348259083232e-08
 1.304316999167882e-07
 3.797962662638668e-08
 1.294017989116047e-09
 1.827033446408222e-10
 4.103213229258995e-10
 5.886940934729523e-10
 6.710748042329517e-10
 5.808563179054982e-11
 1.373405660032301e-10
 1.894962442169912e-10
 2.428863516562574e-10
 2.504666942598766e-10
 2.618583822000531e-11
 1.179125009437287e-10
 5.661832894882091e-11
 6.940637301000585e-12
 1.239698621535723e-11
 1.193308472868804e-12
 4.239588714816112e-12
 2.011208907748419e-12
 2.063947970865065e-12
 3.592699054921766e-13
 4.053571714401905e-12
 2.854678299302194e-13
 3.813893645343569e-13
 1.23857521461268e-13
 2.247854680170747e-14
 9.304189363401605e-15
 1.210056360667622e-14
 5.034601208153688e-14
 3.248443181114169e-14
 8.461807643467267e-14
 7.877379304410681e-14
 7.219051745277483e-15
 5.082739784612045e-15
 6.54164222790854e-15
 6.029898802495381e-15
 3.805983306293115e-15
 2.449429548079252e-15
 4.931818842202063e-15
 4.747504472879527e-15
 4.278695453496795e-15
 6.11750233803221e-15
 3.268219028740305e-15
 6.783636152807304e-15
 5.728056917675417e-15
 5.300447580847134e-15
 2.05911676598447e-15
 5.717648576819556e-15
 1.993197273897351e-15
 5.972652927788147e-15
 4.768754835460243e-15
 4.909267437014364e-15
 4.87370560575684e-15
 6.82960632492069e-15
 3.24913707050456e-15
 2.451164271555228e-15
 6.104491911962384e-15
 7.268491364342822e-16
 5.68815827772795e-15
 5.627442956068762e-15
 6.915475136981541e-15
 6.569397803524168e-15
 6.983129352544637e-15
 1.474514954580286e-15
 6.572867250476122e-15
 5.731526364627371e-15
 6.728992363314035e-15


# name: PV
# type: matrix
# ndims: 3
 100 5 2
 0.6570114333786002
 0.6574878718018869
 0.6574797841481556
 0.6570621383824453
 0.6575585656263858
 0.6200157618757755
 0.7152487458711461
 0.7152708633871719
 0.7151766273530209
 0.6715711670665984
 0.7152034371784611
 0.7152994119049217
 0.7152529913084223
 0.7152891999940737
 0.715310460238489
 0.7156860808728625
 0.7155914950833983
 0.7157274683583722
 0.7156441091677972
 0.7157493672596236
 0.7156469591116108
 0.7154832262657036
 0.7156364405570571
 0.7157493872181162
 0.7156672687703147
 0.715688507443812
 0.7155840963833462
 0.7156136067204329
 0.7154286116489114
 0.7156425834927533
 0.7155295222670948
 0.7155926307988005
 0.7154692166947161
 0.7155674494765226
 0.7156569331935193
 0.7155472487649498
 0.7155930048160725
 0.7157020455301726
 0.7156002175259492
 0.7155566718190477
 0.7155941055394391
 0.7156248881140953
 0.7157493880555192
 0.7155919191642338
 0.7155156229750517
 0.7157057812826217
 0.7157493880555216
 0.7157493880555238
 0.7156402772784058
 0.7157065655791024
 0.715659550555142
 0.715593455035977
 0.7156927671018262
 0.7157154757249641
 0.7156433857089615
 0.7155245806193467
 0.7154586939239724
 0.7154278142512462
 0.7154264955446237
 0.7156539288888297
 0.7155956331626233
 0.7157163742015324
 0.7156301702289425
 0.7156112368045633
 0.7157058032136998
 0.7155292653412817
 0.7155660708252087
 0.7156219444864109
 0.715531511332405
 0.7157493880555261
 0.7156153781485962
 0.7157147486132581
 0.7154325963352286
 0.7157493880555261
 0.7154260060070756
 0.7156837736095707
 0.7156707008083383
 0.7156834948893475
 0.7156288451967249
 0.7156017520264635
 0.7154789636098432
 0.7154911030617943
 0.715633767522343
 0.7154380001008348
 0.7157322513142572
 0.7156761622756473
 0.7157493880555261
 0.7154588419978676
 0.7154831959133334
 0.7154610481681107
 0.715434721711806
 0.7155096042478053
 0.7154167093405447
 0.7157493880555261
 0.7156901083797873
 0.7155789210086049
 0.7157353982271035
 0.7156285693737552
 0.7155772941012626
 0.7155308630788562
 0.4269070741796984
 0.4296168873142148
 0.4252622046069729
 0.4432184862956356
 0.4351578208096057
 0.4725070377622557
 0.4417262491065111
 0.4033065783894718
 0.3997137337822908
 0.4329884877272603
 0.4955305487850318
 0.5036884779013905
 0.5040562032719172
 0.5012516429072191
 0.5054006298457976
 0.5032988005738986
 0.5030421986341398
 0.5029342796504052
 0.5029035406518813
 0.5029013496937115
 0.5029869444968558
 0.5031045115481576
 0.5029840382241928
 0.5028942303584625
 0.5028930497441315
 0.5028796822605225
 0.5028771198018598
 0.5028764941031546
 0.5028763161050621
 0.5028762151780364
 0.5028761570631219
 0.5028761923693912
 0.5028761910279258
 0.5028761974772699
 0.5028761302615933
 0.5028761558683671
 0.5028761058211162
 0.5028761863101399
 0.50287615085836
 0.5028761701782885
 0.5028761391436349
 0.5028761606885989
 0.5028761324518946
 0.5028761748872382
 0.502876080184919
 0.5028761857324511
 0.5028761639064631
 0.5028761844219737
 0.5028761430734121
 0.5028761758528741
 0.5028761662472157
 0.5028761592328775
 0.5028761718285405
 0.5028761200450405
 0.5028761792146172
 0.502876162422365
 0.5028761675634364
 0.5028761583060417
 0.502876124722719
 0.502876154909988
 0.5028761123901447
 0.5028761725457187
 0.5028761542868037
 0.5028761835154032
 0.5028761781099156
 0.5028761750278975
 0.5028761992235012
 0.5028761641147108
 0.5028761534254927
 0.502876178603507
 0.5028761909799898
 0.5028761926260574
 0.5028761773480843
 0.5028761856851249
 0.5028761895793666
 0.5028761517490721
 0.5028761911643275
 0.5028761941414465
 0.502876175912685
 0.5028761858054525
 0.5028761923042617
 0.502876169259671
 0.5028761811246093
 0.5028761918221658
 0.5028761903484522
 0.5028761859687289
 0.5028761925497671
 0.5028761670423888
 0.5028761822089239
 0.5028761509524459
 0.5028761836246007
 0.5028761722689556
 0.5028761700774111
 0.5028761812254831
 0.5028761787950491
 0.5028761708102121
 0.5028761761699043
 0.5028761811309554
 0.5028761422893727
 0.5028761781460238
 0.2674358772743204
 0.2392359045821408
 0.2800365121830536
 0.2113607862644978
 0.2423147984504223
 0.2421328916734307
 0.2428945647680391
 0.11550965982009
 0.2103695659747437
 0.2762397989080967
 0.2740471721863794
 0.2951112830766746
 0.2922229327135399
 0.2927326984246463
 0.2927605957115795
 0.2925554953225082
 0.2916090715836658
 0.2922464852090242
 0.2924076187369161
 0.2924358206747234
 0.2924449053044553
 0.2925159431989574
 0.2925295648194909
 0.292529931851626
 0.2925285861251975
 0.2925292914601753
 0.2925343645491619
 0.2925389024764778
 0.2925335542245091
 0.2925321348960589
 0.2925322731712456
 0.292532195906208
 0.2925322543634242
 0.2925328252540175
 0.2925322530353492
 0.2925321307780472
 0.2925320985527471
 0.2925320978690257
 0.2925320976843907
 0.2925320976797952
 0.2925320976826516
 0.2925320976826508
 0.2925320976825619
 0.2925320976824706
 0.2925320976831914
 0.2925320976831658
 0.2925320976836193
 0.2925320976838327
 0.2925320976835064
 0.292532097682825
 0.2925320976829033
 0.292532097682683
 0.2925320976828104
 0.2925320976826376
 0.2925320976827237
 0.292532097682687
 0.2925320976827382
 0.2925320976823844
 0.2925320976826599
 0.2925320976827692
 0.2925320976826958
 0.2925320976825967
 0.2925320976825684
 0.2925320976827485
 0.2925320976827478
 0.2925320976826963
 0.292532097682572
 0.2925320976825382
 0.2925320976826712
 0.2925320976826193
 0.2925320976826973
 0.2925320976826613
 0.2925320976826857
 0.2925320976826218
 0.2925320976826855
 0.2925320976823399
 0.2925320976826732
 0.2925320976823799
 0.2925320976826742
 0.2925320976826031
 0.2925320976816994
 0.2925320976826803
 0.2925320976827103
 0.2925320976826758
 0.2925320976826651
 0.2925320976826198
 0.292532097682817
 0.2925320976825552
 0.2925320976826256
 0.2925320976823683
 0.2925320976827039
 0.2925320976826761
 0.2925320976822648
 0.2925320976826797
 0.2925320976826969
 0.2925320976826581
 0.2925320976812906
 0.2925320976822496
 0.2925320976825726
 0.2925320976827775
 0.1310533602772521
 0.09722923201530236
 0.08691352263570826
 -0.01440233707318994
 0.1163656437062085
 0.1112291280685407
 -0.006009746642854863
 0.06797168516945329
 0.07371233420099634
 0.07513669978107684
 0.08070796999169255
 0.08117717865877871
 0.08074525084456072
 0.08148743517089244
 0.08185199692659523
 0.08211885034347885
 0.08215423364890032
 0.08213643039521679
 0.08218015782138088
 0.08218857651627773
 0.08218784711655455
 0.08218961818251597
 0.08218996091499325
 0.08219002009649098
 0.08218987716908399
 0.08218979225464121
 0.08219000906419963
 0.08219002479120235
 0.08219005214510305
 0.0821900564757375
 0.08219005496246899
 0.08219005279469568
 0.08219005686947098
 0.08219005767395238
 0.08219005797361198
 0.08219005803998813
 0.08219005804990247
 0.08219005805062361
 0.08219005805144444
 0.08219005805040988
 0.08219005804865315
 0.08219005805298699
 0.08219005805327477
 0.08219005805333222
 0.08219005805333526
 0.08219005805318363
 0.08219005805318062
 0.08219005805333524
 0.08219005805322527
 0.08219005805323111
 0.08219005805312413
 0.08219005805335607
 0.08219005805335608
 0.08219005805336806
 0.08219005805336804
 0.08219005805336199
 0.08219005805336199
 0.08219005805336804
 0.08219005805336801
 0.08219005805336199
 0.08219005805336804
 0.08219005805336804
 0.08219005805336804
 0.08219005805336804
 0.08219005805336804
 0.08219005805336804
 0.08219005805336804
 0.08219005805336804
 0.08219005805336804
 0.08219005805336797
 0.08219005805336202
 0.08219005805336202
 0.08219005805336797
 0.08219005805336797
 0.08219005805336797
 0.08219005805336797
 0.08219005805336797
 0.08219005805336797
 0.08219005805336797
 0.08219005805336797
 0.08219005805336797
 0.08219005805336797
 0.08219005805336797
 0.08219005805336202
 0.08219005805336797
 0.08219005805336797
 0.08219005805336797
 0.08219005805336797
 0.08219005805336797
 0.08219005805336797
 0.08219005805336797
 0.08219005805336797
 0.08219005805336797
 0.08219005805336202
 0.08219005805336202
 0.08219005805337185
 0.08219005805336797
 0.08219005805336797
 0.08219005805336797
 0.08219005805336797
 -0.003305793302922654
 -0.003024941269862408
 -0.006242965551682488
 -0.004834572984839055
 -0.0008638476773974871
 -0.001066170597410524
 -0.0003833370672600795
 -0.0003431848533354733
 -8.060590952298045e-05
 -4.911925585472394e-05
 -7.565182378961935e-06
 -8.535611084898448e-07
 -2.973161675655367e-06
 -5.442952322780997e-06
 -6.677536294679053e-07
 -9.566976884485545e-08
 -9.402732345682729e-08
 -1.196340102906958e-06
 -8.526696028757219e-08
 -3.391083315540389e-08
 -1.05991812934976e-08
 -8.599554480320792e-08
 -2.146030669142318e-09
 -2.637260426013865e-08
 -3.47220702016926e-09
 -2.90434384181415e-09
 -1.129293622156857e-09
 -1.321268627493821e-09
 -2.918728564393902e-09
 -1.934920218840674e-09
 -5.701693613774372e-10
 -1.927530357548335e-10
 -1.206142616339001e-10
 -3.235872125806338e-10
 -2.626229008567682e-09
 -3.749418562085105e-10
 -1.751886221160182e-09
 -1.702671788283983e-10
 -9.233088252291743e-12
 -7.806236559937396e-12
 -1.593107590291964e-12
 -1.003485489148304e-13
 -1.470859024854665e-13
 -2.570478552232913e-13
 -3.41367559220096e-13
 -1.203498238566691e-12
 -1.111004517551084e-12
 -1.455823309126636e-13
 -1.101896351940468e-13
 -5.927792978699387e-13
 -3.555229027840667e-13
 -5.536543445927578e-14
 -4.641599604671143e-14
 -1.156019724390944e-14
 -5.402796265929766e-15
 -5.728056917675417e-15
 -7.164407955784213e-15
 -6.781034067593339e-15
 -6.904199434387692e-15
 -6.793177131925177e-15
 -2.045238978176656e-15
 -5.274860409576476e-15
 -6.961445309094927e-15
 -6.250208683944436e-15
 -6.768891003261501e-15
 -2.861860054492738e-15
 -4.96564594998361e-15
 -4.932686203940051e-15
 -7.048181482893767e-15
 -6.146125275385828e-15
 -4.881511861398735e-15
 -6.882515390937982e-15
 -6.919811945671483e-15
 -6.739400704169896e-15
 -4.683753385137379e-16
 -5.725454832461452e-15
 -4.915338969180283e-15
 -6.76975836499949e-15
 -1.672273430841642e-15
 -3.659399172573075e-15
 -5.436623373711313e-15
 -3.255208602670479e-15
 -6.698634702484441e-15
 -6.853892453584365e-15
 -6.862566070964249e-15
 -3.938255971336346e-15
 -6.656133977323009e-15
 -4.940492459581947e-15
 -2.095545958979983e-15
 -5.271824643493517e-15
 -4.940492459581947e-15
 -4.551914400963142e-15
 -3.385312863368739e-15
 -4.217980131837606e-15
 -6.868637603130168e-15
 -4.745336068534556e-15
 -6.741135427645872e-15
 -6.657001339060997e-15
 -5.736730535055301e-15
 -6.84001466577655e-15
 0.6571916705584107
 0.7153142340185767
 0.7091328028310803
 0.7108247968369548
 0.7157493880555261
 0.7157493880555261
 0.7157493880555261
 0.7157493880555261
 0.7156264044449726
 0.7155638414323822
 0.7155899934663263
 0.7155203671945838
 0.7157493880555261
 0.7156114240227165
 0.7155810403072831
 0.7156577666773756
 0.7156295857529112
 0.7157493880555261
 0.7156515360818898
 0.7156792259133831
 0.7156237231948803
 0.7154777024103764
 0.7156877290243543
 0.7155929228079148
 0.7155219460339761
 0.7154113497966097
 0.7157240058838514
 0.7155486611029533
 0.7154315205929542
 0.7156639982348856
 0.7157493880555261
 0.7156321677732513
 0.7154631118238439
 0.7157137944018496
 0.7157493880555261
 0.7154387258372789
 0.7157158197147675
 0.7155968775586073
 0.7157493880555261
 0.7156759002905806
 0.715515929137243
 0.7154607316241605
 0.7157397488815607
 0.7155950769488342
 0.7154603112375064
 0.7155546528222828
 0.7157493880555261
 0.7155376452179513
 0.7157093476212718
 0.7154340348797021
 0.7154185887079776
 0.7157493880555261
 0.7156189911027379
 0.7157493880555261
 0.7157184019559
 0.715677292199014
 0.7157493880555261
 0.7154520332957235
 0.7156226644717943
 0.7156639481131356
 0.7156707638807287
 0.7156537073614126
 0.7157493880555261
 0.7157493880555261
 0.7156184607834545
 0.7156582710340793
 0.715495248651725
 0.7157493880555261
 0.7156362902892403
 0.7155781925458471
 0.7156215083551614
 0.715600322891927
 0.7156558065253331
 0.7157079736550735
 0.7157480405130434
 0.7156622599523359
 0.7155817761140166
 0.7157493880555261
 0.7155878183452894
 0.7156976847657737
 0.7157015414551391
 0.715708172206389
 0.7157493880555261
 0.7155985827513558
 0.7155433443784234
 0.7157493880555261
 0.7156025788072833
 0.7157013976484823
 0.7157493880555261
 0.7156097851954228
 0.7157493880555261
 0.7156169070533531
 0.7157493880555261
 0.7155460235116133
 0.7157239888688542
 0.7156669948861217
 0.7155291878035714
 0.7156510104434752
 0.7157493880555261
 0.7157153266820671
 0.4252445440793199
 0.1580312940893063
 0.4165252241411359
 0.3294263474974196
 0.4301003576771082
 0.433535929197881
 0.433535929197881
 0.433535929197881
 0.4230674984747377
 0.386141126365535
 0.4861381752406261
 0.4685756641855281
 0.4959890250361558
 0.4982842139249671
 0.4879854955435717
 0.5057478615637216
 0.5043088813458638
 0.5022613635219747
 0.5020275726916889
 0.5018498093774634
 0.5024545383562969
 0.5020696117720157
 0.5025612760920596
 0.5023333505493656
 0.502889353402215
 0.5028722755156361
 0.5028734298682909
 0.5028687267584753
 0.5028669762454383
 0.5028675766374596
 0.5028660545432621
 0.5028734731635983
 0.5028749446357662
 0.5028757193998188
 0.5028757598529346
 0.5028760384853059
 0.5028761022116347
 0.5028761192547109
 0.5028761542149123
 0.5028761707673362
 0.5028761812680026
 0.502876169071266
 0.502876146868934
 0.5028761962003908
 0.5028761779494447
 0.502876181708154
 0.5028761480430447
 0.5028761714330985
 0.5028762074078286
 0.502876182053096
 0.5028761470423638
 0.5028761395711532
 0.5028761421999958
 0.5028761909995852
 0.502876181890817
 0.5028761744501454
 0.5028761261009829
 0.5028761072074491
 0.5028760966514693
 0.5028761815722761
 0.502876183038063
 0.5028761953293629
 0.5028761601153053
 0.5028761735862481
 0.502876195103899
 0.5028761813895767
 0.5028761943277386
 0.5028761714274831
 0.5028761941639676
 0.5028761834886893
 0.5028761730283217
 0.5028761827456824
 0.5028760677597464
 0.5028761900349029
 0.5028761678683367
 0.5028761908272863
 0.502876183906143
 0.5028761770635723
 0.5028761806383119
 0.5028761950228818
 0.5028761919621431
 0.502876140105227
 0.5028761802661434
 0.5028761740132897
 0.502876169266789
 0.5028762029125522
 0.5028761424869248
 0.5028761652222722
 0.5028761648985944
 0.5028761883501528
 0.5028761733611496
 0.5028760807600153
 0.5028761823509843
 0.5028761302800092
 0.5028761661910225
 0.5028761083095744
 0.5028761841283446
 0.5028761623996256
 0.5028761690841738
 0.5028761913730441
 0.1932974176002292
 0.001225870399479245
 0.001225870399479245
 -0.2331089876079601
 0.274636706747015
 0.001225870399479245
 0.001225870399479245
 0.001225870399479245
 -0.05462193726556108
 0.2267686975852323
 0.05119853024507376
 -0.1494157653297337
 0.04037882315004149
 -0.1494157653297337
 0.04037882315004149
 0.1565301446095417
 0.2605726642164178
 0.234891001219215
 0.2942677404942172
 0.2935042971522199
 0.2926928990979223
 0.2927114949791432
 0.2927038907641241
 0.2926954809466993
 0.2925401277264211
 0.2925329542250435
 0.2925322545268617
 0.2925324791496904
 0.292532138362055
 0.2925322350302149
 0.2925323551207679
 0.2925321377749546
 0.2925323398284718
 0.2925322416637881
 0.2925321832278736
 0.2925321068088259
 0.2925320992375866
 0.2925320979762767
 0.2925320978545045
 0.2925320976991316
 0.2925320976933536
 0.2925320976794883
 0.2925320976718275
 0.2925320976424238
 0.2925320976508593
 0.2925320976716152
 0.2925320976830202
 0.2925320976841763
 0.292532097682985
 0.2925320976827547
 0.2925320976844835
 0.2925320976861332
 0.2925320976885545
 0.2925320976883227
 0.2925320976878052
 0.2925320976919838
 0.2925320976842655
 0.2925320976828496
 0.2925320976826801
 0.2925320976827694
 0.292532097681914
 0.2925320976827545
 0.2925320976827093
 0.2925320976828493
 0.2925320976828439
 0.2925320976828287
 0.2925320976830925
 0.2925320976842266
 0.2925320976849496
 0.2925320976827072
 0.2925320976825708
 0.2925320976827249
 0.2925320976826553
 0.2925320976826719
 0.2925320976826761
 0.2925320976827887
 0.2925320976826472
 0.29253209768261
 0.2925320976827214
 0.2925320976826797
 0.2925320976826907
 0.2925320976826465
 0.2925320976826851
 0.2925320976826102
 0.2925320976826767
 0.2925320976826715
 0.2925320976826269
 0.2925320976826835
 0.2925320976827817
 0.2925320976826596
 0.2925320976823882
 0.2925320976826712
 0.2925320976826737
 0.2925320976814545
 0.2925320976826558
 0.2925320976826615
 0.2925320976826834
 0.292532097682406
 0.2925320976826536
 0.292532097682583
 -0.00119905678350557
 0.1211131645052823
 -0.3269746066984611
 -0.05996220715273193
 -0.3139913949818087
 0.05380383614576589
 -0.02962671384858548
 -0.04091797953274834
 -0.00631212670367759
 0.05221692768379185
 0.08269078955953051
 0.05408607402121682
 0.08627231226479427
 0.07993054746678191
 0.0815292138108256
 0.08282196632553215
 0.08209493823490527
 0.08232213890158717
 0.08231413279337772
 0.08216448862459737
 0.08247211477980405
 0.08339833391771939
 0.08266282808819045
 0.08238986888592328
 0.08228331206524359
 0.08233958197703019
 0.08221511738808518
 0.0822018342673637
 0.08219418353947583
 0.0821911410083503
 0.08219048471871648
 0.08219017015403475
 0.08219009709259655
 0.08219012077351145
 0.08219026301444612
 0.08219015422815236
 0.08219008949499698
 0.08219006034355085
 0.08219006172028694
 0.08219006332593942
 0.08219005893043929
 0.08219005992657981
 0.08219006106371735
 0.08219005836620402
 0.08219005697490273
 0.08219005775308594
 0.08219005709603856
 0.08219005744456302
 0.08219005684673776
 0.08219005642238914
 0.08219005506029861
 0.08219005307337485
 0.08219005766543823
 0.08219005757737559
 0.08219005718078883
 0.08219005798714851
 0.0821900580022351
 0.08219005796814965
 0.08219005801742232
 0.08219005804574286
 0.08219005804304376
 0.08219005803944866
 0.08219005805228938
 0.08219005805313942
 0.08219005805335025
 0.08219005805336398
 0.08219005805336639
 0.08219005805335901
 0.08219005805336439
 0.08219005805336722
 0.08219005805336693
 0.08219005805336173
 0.08219005805336144
 0.08219005805336926
 0.08219005805336543
 0.08219005805336005
 0.0821900580533616
 0.08219005805336793
 0.08219005805336797
 0.08219005805336797
 0.08219005805336797
 0.08219005805336797
 0.08219005805336797
 0.08219005805336202
 0.08219005805336202
 0.08219005805336797
 0.08219005805336797
 0.08219005805336797
 0.08219005805336797
 0.08219005805336797
 0.08219005805336797
 0.08219005805336797
 0.08219005805336202
 0.08219005805336797
 0.08219005805336202
 0.08219005805336797
 0.08219005805336815
 0.08219005805336797
 0.08219005805336202
 0.08219005805336797
 -0.2834347050074741
 -0.2974278325422344
 -0.1886008714124477
 -0.2099744583825456
 -0.07473549355664942
 -0.04568379440033796
 -0.01547628551615039
 -0.08812839116071271
 -0.003283838515413368
 -0.00448017969529735
 -0.005479860753648373
 -0.0006911951916640374
 -0.006639473643243176
 -0.002380104606772354
 -0.001781870673141059
 -0.0007656264369483474
 -3.915005230712733e-05
 -0.0001152891443001371
 -4.84482104661536e-05
 -1.380736021801797e-05
 -1.334504861179309e-06
 -2.016365315630694e-05
 -7.315275376082106e-06
 -3.500154424240787e-06
 -1.090357137894377e-06
 -8.669938977821923e-07
 -2.076974615891625e-06
 -2.326920110611377e-06
 -1.558568659063009e-07
 -2.12489701703969e-07
 -1.964158913804123e-07
 -1.631348259083232e-08
 -1.304316999167882e-07
 -3.797962662638668e-08
 -1.294017989116047e-09
 -1.827033446408222e-10
 -4.103213229258995e-10
 -5.886940934729523e-10
 -6.710748042329517e-10
 -5.808563179054982e-11
 -1.373405660032301e-10
 -1.894962442169912e-10
 -2.428863516562574e-10
 -2.504666942598766e-10
 -2.618583822000531e-11
 -1.179125009437287e-10
 -5.661832894882091e-11
 -6.940637301000585e-12
 -1.239698621535723e-11
 -1.193308472868804e-12
 -4.239588714816112e-12
 -2.011208907748419e-12
 -2.063947970865065e-12
 -3.592699054921766e-13
 -4.053571714401905e-12
 -2.854678299302194e-13
 -3.813893645343569e-13
 -1.23857521461268e-13
 -2.247854680170747e-14
 -9.304189363401605e-15
 -1.210056360667622e-14
 -5.034601208153688e-14
 -3.248443181114169e-14
 -8.461807643467267e-14
 -7.877379304410681e-14
 -7.219051745277483e-15
 -5.082739784612045e-15
 -6.54164222790854e-15
 -6.029898802495381e-15
 -3.805983306293115e-15
 -2.449429548079252e-15
 -4.931818842202063e-15
 -4.747504472879527e-15
 -4.278695453496795e-15
 -6.11750233803221e-15
 -3.268219028740305e-15
 -6.783636152807304e-15
 -5.728056917675417e-15
 -5.300447580847134e-15
 -2.05911676598447e-15
 -5.717648576819556e-15
 -1.993197273897351e-15
 -5.972652927788147e-15
 -4.768754835460243e-15
 -4.909267437014364e-15
 -4.87370560575684e-15
 -6.82960632492069e-15
 -3.24913707050456e-15
 -2.451164271555228e-15
 -6.104491911962384e-15
 -7.268491364342822e-16
 -5.68815827772795e-15
 -5.627442956068762e-15
 -6.915475136981541e-15
 -6.569397803524168e-15
 -6.983129352544637e-15
 -1.474514954580286e-15
 -6.572867250476122e-15
 -5.731526364627371e-15
 -6.728992363314035e-15


