# Created by Octave 4.0.0, Sat Apr 21 07:11:53 2018 CEST <olethros@olethros-OptiPlex-9010>
# name: PU
# type: matrix
# ndims: 3
 100 5 2
 0.4736637998047846
 0.5605728150822246
 0.5605784064341575
 0.560637853559225
 0.5606555611997537
 0.5606379271653111
 0.5695619299864469
 0.5606460048562264
 0.6548019406991206
 0.6856576572006799
 0.7205179935464822
 0.720538958531046
 0.7205420375894049
 0.7205394613571574
 0.7205103474277564
 0.6856704634363779
 0.7205727223325608
 0.7205605580718285
 0.7205671924903491
 0.7205747248663252
 0.7205788770343173
 0.7205785096165348
 0.7205797120188374
 0.720579226149622
 0.7205805262794215
 0.7205805460718681
 0.7205805437115308
 0.7205805455817285
 0.7205805390953508
 0.7205805470025427
 0.7205805424509827
 0.7205805444376158
 0.7205805359705273
 0.7205805280310017
 0.7205805436747927
 0.7205805458849842
 0.7205805451736312
 0.7205805472941031
 0.7205805470129543
 0.7205805465354947
 0.7205805440903016
 0.7205805467802925
 0.7205805432291451
 0.7205805335306396
 0.7205805442132571
 0.7205805434485661
 0.7205805465465518
 0.7205805477766968
 0.7205805471257759
 0.7205805481414906
 0.7205805481094046
 0.7205805481503605
 0.7205805481199593
 0.7205805481917429
 0.7205805481795778
 0.720580548170096
 0.7205805481413434
 0.7205805481334077
 0.7205805481632763
 0.7205805479273185
 0.7205805481154652
 0.7205805481726636
 0.7205805481454434
 0.7205805481925043
 0.7205805481868863
 0.7205805481742492
 0.7205805481908195
 0.7205805481849263
 0.720580548041575
 0.7205805481031639
 0.7205805480632571
 0.7205805482160522
 0.7205805482149206
 0.7205805482184738
 0.7205805482185268
 0.7205805482185296
 0.7205805482185292
 0.7205805482185288
 0.7205805482185241
 0.7205805482185107
 0.7205805482185018
 0.7205805482184314
 0.7205805482185144
 0.7205805482185275
 0.72058054821853
 0.7205805482185278
 0.7205805482185301
 0.7205805482185301
 0.72058054821853
 0.7205805482185302
 0.7205805482185301
 0.72058054821853
 0.7205805482185299
 0.72058054821853
 0.72058054821853
 0.72058054821853
 0.7205805482185296
 0.7205805482185298
 0.7205805482185279
 0.7205805482185291
 0.5473808524838166
 0.6893347227847237
 0.7100262229089185
 0.7173137290477657
 0.7205308892706688
 0.7205563117887342
 0.7205631588154192
 0.7205597919426391
 0.7205676535550811
 0.7205713498010737
 0.7205711778845434
 0.7205627237650472
 0.7205638391859166
 0.7205666259768521
 0.7205627539688427
 0.7205733086333223
 0.7205748805177579
 0.720577605575317
 0.72057940144099
 0.7205803882005029
 0.7205804696156403
 0.7205803784500258
 0.720580452181583
 0.7205804958062285
 0.7205805307434399
 0.7205805315959395
 0.7205805400068993
 0.7205805431186174
 0.720580546542008
 0.7205805473918263
 0.7205805475437319
 0.7205805478675785
 0.7205805479654878
 0.7205805478781666
 0.720580547728632
 0.7205805454844901
 0.7205805461511632
 0.7205805459632044
 0.7205805474782724
 0.7205805480768667
 0.7205805480893388
 0.7205805481761276
 0.7205805481864213
 0.7205805482168927
 0.7205805482171465
 0.7205805482176525
 0.720580548217892
 0.7205805482182188
 0.7205805482183323
 0.7205805482183805
 0.7205805482176777
 0.7205805482179096
 0.7205805482180626
 0.7205805482181037
 0.7205805482183901
 0.7205805482183768
 0.7205805482182935
 0.7205805482184583
 0.7205805482184269
 0.7205805482185105
 0.7205805482185176
 0.720580548218524
 0.7205805482185256
 0.7205805482185236
 0.7205805482185199
 0.7205805482185231
 0.720580548218528
 0.7205805482185282
 0.7205805482185289
 0.7205805482185283
 0.7205805482185276
 0.7205805482185262
 0.7205805482185289
 0.7205805482185289
 0.7205805482185289
 0.7205805482185289
 0.7205805482185289
 0.7205805482185293
 0.7205805482185289
 0.7205805482185293
 0.7205805482185297
 0.7205805482185302
 0.72058054821853
 0.7205805482185301
 0.7205805482185301
 0.7205805482185301
 0.7205805482185301
 0.7205805482185302
 0.7205805482185301
 0.7205805482185301
 0.7205805482185301
 0.7205805482185302
 0.7205805482185302
 0.7205805482185301
 0.7205805482185301
 0.7205805482185301
 0.7205805482185301
 0.7205805482185301
 0.7205805482185301
 0.7205805482185302
 0.5366600879144587
 0.7017345697358862
 0.7087882821114468
 0.7142462680877881
 0.705488312839553
 0.7104676217759406
 0.7112975095996549
 0.7100106552242196
 0.7097161411530812
 0.7030125048540058
 0.7029388906647855
 0.702504945851766
 0.7025913419336338
 0.7039058202955386
 0.7062253890286875
 0.7017779266217458
 0.7000989887990273
 0.7001755528555555
 0.7002496388902046
 0.7007815765329936
 0.7014363867817556
 0.7016366563242795
 0.7018575171260674
 0.7010462261237684
 0.7006352066853854
 0.7002035277507532
 0.7002887027424958
 0.699457557867093
 0.6993252530359721
 0.6993302751483795
 0.6993791597828143
 0.6993231879405691
 0.699301043199524
 0.6992834577504407
 0.6992854701790546
 0.6992880006596546
 0.699300765179652
 0.6992804811152638
 0.6992623996419357
 0.6992633499810018
 0.6992604023096982
 0.6992603249818928
 0.6992659068355948
 0.6992600402588753
 0.69925761771508
 0.6992620884137972
 0.6992616392702724
 0.6992702055147928
 0.6992590231552065
 0.6992591243026866
 0.6992586330225306
 0.6992575759673245
 0.699265286906633
 0.6992655590699306
 0.6992648113589373
 0.6992589720333242
 0.699263959644631
 0.699260989524733
 0.6992683563489831
 0.6992592266184094
 0.6992618997414788
 0.6992608129254397
 0.6992592959344298
 0.6992616425446652
 0.6992705585038803
 0.6992624462673219
 0.6992711060073489
 0.6992596493022016
 0.6992696762269314
 0.6992649987118734
 0.699259901384085
 0.6992600365786567
 0.6992596873486108
 0.6992681959093113
 0.6992597744314607
 0.6992595351282599
 0.6992755876995014
 0.699269174245145
 0.699263357173985
 0.6992624979802653
 0.6992582735689702
 0.6992610359822393
 0.6992707131508995
 0.6992592366280025
 0.6992682337377705
 0.6992642081482006
 0.6992618506398695
 0.6992627313110772
 0.6992617914380467
 0.6992650379511568
 0.6992619631871634
 0.699284459844795
 0.6992661816269677
 0.6992662464131755
 0.6992634396571286
 0.6992643282270473
 0.6992619587119023
 0.6992658503356115
 0.699264396786745
 0.6992594542175216
 0.5326083895492876
 0.5556597868581415
 0.4985138630835028
 0.5509551846253405
 0.6781936064637973
 0.6717016786696905
 0.6722639780836004
 0.6818576564909742
 0.6738206981105341
 0.673122641015232
 0.6726792498695442
 0.6834117061652546
 0.6826156078274213
 0.6809708568709043
 0.6789074947986748
 0.6784008743725577
 0.6766073086541931
 0.6842820157632596
 0.6842292537301892
 0.6842199538042701
 0.6842231547695421
 0.6842219345749353
 0.6842175298428816
 0.6842159788149464
 0.6842127179022994
 0.6842131927879687
 0.6842139738618926
 0.6842097700526247
 0.6842144381334098
 0.6842137673111638
 0.6842104440805775
 0.6842144075833623
 0.6842139541860669
 0.6842137320616462
 0.6842137012372786
 0.6842141084419809
 0.6842140742724201
 0.6842140814868197
 0.684214097650883
 0.6842140694408487
 0.6842110817573832
 0.6842141085266481
 0.6842128574509079
 0.684211954970374
 0.6842138364188994
 0.6842140931234777
 0.684213862439743
 0.6842140481734055
 0.68421337629418
 0.6842134017703188
 0.6842136511360961
 0.6842139965579047
 0.6842139258435899
 0.6842130265478245
 0.6842140187905101
 0.684214014725664
 0.6842128540944604
 0.6842139554570446
 0.6842138228062064
 0.6842139749982519
 0.6842140388604935
 0.6842137902455488
 0.6842073210655953
 0.6842135433351658
 0.6842140075078463
 0.6842139844717654
 0.6842139200947233
 0.6842138941716961
 0.6842140400326168
 0.6842139480422029
 0.6842140412571186
 0.6842140355602976
 0.6842139646280946
 0.6842139539988202
 0.6842126026012768
 0.6842140387219481
 0.6842137669094434
 0.6842134369519276
 0.6842139668825968
 0.6842139501808749
 0.6842132458014123
 0.6842120288383312
 0.6842140210033565
 0.6842140351704779
 0.6842135248407154
 0.6842131818614404
 0.6842140261955819
 0.6842135349275315
 0.6842139769870239
 0.684213771319678
 0.6842134696833391
 0.6842138749219425
 0.6842134124672604
 0.684213632704138
 0.6842137243853684
 0.684213939343137
 0.6842138044330974
 0.6842095762114573
 0.6842122271978327
 0.6842139686348663
 0.5038914836870705
 0.5050259987830902
 0.4885553832140863
 0.5051560310377333
 0.4855692870151677
 0.4452107111571141
 0.4424806337793251
 0.5263078558626704
 0.4307021565080975
 0.5934093826150024
 0.5333387725236793
 0.5576321650695355
 0.5712067734997113
 0.5575647204237488
 0.4639446459897075
 0.553588089473372
 0.5379249544840415
 0.524575849795873
 0.3845134405882748
 0.4922674459075534
 0.4467757693781932
 0.5900990830774836
 0.4067159614409976
 0.5499472701927643
 0.5290355001452578
 0.4907122352231552
 0.4938896361840845
 0.4737284061380344
 0.5340933428298134
 0.5689292028458575
 0.4970218528949579
 0.5012806909345634
 0.5247956915007058
 0.5742398157601311
 0.5094897005595175
 0.5304617636291608
 0.4153939108703151
 0.4768658715524011
 0.4907795559118663
 0.5024535497824376
 0.5768473091200139
 0.5064536929663679
 0.5288869206028267
 0.5173551305826759
 0.5026318457132278
 0.5475161696569386
 0.4521484076186792
 0.5205783342123894
 0.5888738203279706
 0.519051235387217
 0.5329026244169668
 0.5320570896556873
 0.4983557145871337
 0.5018901476259779
 0.5520346985875322
 0.4487648003548848
 0.4449614489678679
 0.3787551217867726
 0.4634993425841802
 0.5704352516568483
 0.4002303641074608
 0.5350174862539444
 0.4202992624828473
 0.470171730341739
 0.5069279245254525
 0.524047470057429
 0.5183137449406131
 0.4177682779964149
 0.52874282128892
 0.458089916920431
 0.5204659006177361
 0.4573057543061254
 0.5062353141667385
 0.4952725239100587
 0.5888494398590506
 0.5335552108743189
 0.4493981755977271
 0.545443728890472
 0.4911065972260764
 0.4761836935139754
 0.4843164667317212
 0.5137774956730224
 0.5610236868985473
 0.5520311733306931
 0.6004979667793606
 0.5344139439796276
 0.4592539592966702
 0.4119107423779673
 0.5318251382894206
 0.5500326479610443
 0.4292690818877723
 0.4917560132304594
 0.4881274544150724
 0.5209934508310513
 0.4072140431757871
 0.5149213137643354
 0.4648636527423389
 0.6114956942454233
 0.5105170296187428
 0.5103761512535807
 0.4736992155378509
 0.6774268509010595
 0.6862035741145972
 0.6862035741145972
 0.6862035741145972
 0.6862035741145972
 0.6862035741145972
 0.7205805482185302
 0.7205805482185302
 0.7205805482185302
 0.7205805482185302
 0.7205805482185302
 0.7205805482185302
 0.7205805482185302
 0.7205805482185302
 0.6862035741145972
 0.7205805482185302
 0.7205805482185302
 0.7205805482185302
 0.7205805482185302
 0.7205805482185302
 0.7205805482185302
 0.7205805482185302
 0.7205805482185302
 0.7205805482185302
 0.7205805482185302
 0.7205805482185302
 0.7205805482185302
 0.7205805482185302
 0.7205805482185302
 0.7205805482185302
 0.7205805482185302
 0.7205805482185302
 0.7205805482185302
 0.7205805482185302
 0.7205805482185302
 0.7205805482185302
 0.7205805482185302
 0.7205805482185302
 0.7205805482185302
 0.7205805482185302
 0.7205805482185302
 0.7205805482185302
 0.7205805482185302
 0.7205805482185302
 0.7205805482185302
 0.7205805482185302
 0.7205805482185302
 0.7205805482185302
 0.7205805482185302
 0.7205805482185302
 0.7205805482185302
 0.7205805482185302
 0.7205805482185302
 0.7205805482185302
 0.7205805482185302
 0.7205805482185302
 0.7205805482185302
 0.7205805482185302
 0.7205805482185302
 0.7205805482185302
 0.7205805482185302
 0.7205805482185302
 0.7205805482185302
 0.7205805482185302
 0.7205805482185302
 0.7205805482185302
 0.7205805482185302
 0.7205805482185302
 0.7205805482185302
 0.7205805482185302
 0.7205805482185302
 0.7205805482185302
 0.7205805482185302
 0.7205805482185302
 0.7205805482185302
 0.7205805482185302
 0.7205805482185302
 0.7205805482185302
 0.7205805482185302
 0.7205805482185302
 0.7205805482185302
 0.7205805482185302
 0.7205805482185302
 0.7205805482185302
 0.7205805482185302
 0.7205805482185302
 0.7205805482185302
 0.7205805482185302
 0.7205805482185302
 0.7205805482185302
 0.7205805482185302
 0.7205805482185302
 0.7205805482185302
 0.7205805482185302
 0.7205805482185302
 0.7205805482185302
 0.7205805482185302
 0.7205805482185302
 0.7205805482185302
 0.5272806584097789
 0.606176315975866
 0.7205805482185302
 0.7205805482185302
 0.7205805482185302
 0.7205805482185302
 0.7205805482185302
 0.7205805482185302
 0.7205805482185302
 0.7205805482185302
 0.7205805482185302
 0.7205805482185302
 0.7205805482185302
 0.7205805482185302
 0.7205805482185302
 0.7205805482185302
 0.7205805482185302
 0.7205805482185302
 0.7205805482185302
 0.7205805482185302
 0.7205805482185302
 0.7205805482185302
 0.7205805482185302
 0.7205805482185302
 0.7205805482185302
 0.7205805482185302
 0.7205805482185302
 0.7205805482185302
 0.7205805482185302
 0.7205805482185302
 0.7205805482185302
 0.7205805482185302
 0.7205805482185302
 0.7205805482185302
 0.7205805482185302
 0.7205805482185302
 0.7205805482185302
 0.7205805482185302
 0.7205805482185302
 0.7205805482185302
 0.7205805482185302
 0.7205805482185302
 0.7205805482185302
 0.7205805482185302
 0.7205805482185302
 0.7205805482185302
 0.7205805482185302
 0.7205805482185302
 0.7205805482185302
 0.7205805482185302
 0.7205805482185302
 0.7205805482185302
 0.7205805482185302
 0.7205805482185302
 0.7205805482185302
 0.7205805482185302
 0.7205805482185302
 0.7205805482185302
 0.7205805482185302
 0.7205805482185302
 0.7205805482185302
 0.7205805482185302
 0.7205805482185302
 0.7205805482185302
 0.7205805482185302
 0.7205805482185302
 0.7205805482185302
 0.7205805482185302
 0.7205805482185302
 0.7205805482185302
 0.7205805482185302
 0.7205805482185302
 0.7205805482185302
 0.7205805482185302
 0.7205805482185302
 0.7205805482185302
 0.7205805482185302
 0.7205805482185302
 0.7205805482185302
 0.7205805482185302
 0.7205805482185302
 0.7205805482185302
 0.7205805482185302
 0.7205805482185302
 0.7205805482185302
 0.7205805482185302
 0.7205805482185302
 0.7205805482185302
 0.7205805482185302
 0.7205805482185302
 0.7205805482185302
 0.7205805482185302
 0.7205805482185302
 0.7205805482185302
 0.7205805482185302
 0.7205805482185302
 0.7205805482185302
 0.7205805482185302
 0.7205805482185302
 0.7205805482185302
 0.5323794967647567
 0.5940741120279945
 0.7168374538365927
 0.7159374857118876
 0.7137279094786336
 0.7027272890181741
 0.7010427274887207
 0.7005026770643685
 0.700347478675214
 0.7006566880689044
 0.6998317644472134
 0.699513611672548
 0.699356043560631
 0.6993316477808822
 0.6993036138692418
 0.6993613959841015
 0.6992957257417999
 0.6992829666848837
 0.6992717446829876
 0.6992647099550281
 0.6992632661975828
 0.6992625965744153
 0.6992672028324451
 0.6992728756285767
 0.6992717071579756
 0.6992643499596617
 0.6992770404065418
 0.6992666188011922
 0.6992648179531433
 0.6992609327528611
 0.6992634301954875
 0.6992615119825155
 0.6992654426467763
 0.699265566164776
 0.6992677351019668
 0.6992596914795152
 0.6992607485259777
 0.6992659995094714
 0.6992708587923647
 0.6992594985749473
 0.6992605959440987
 0.6992627554087407
 0.6992596136777585
 0.6992608509346978
 0.6992592349105169
 0.6992628933358567
 0.699261074093971
 0.6992626892684604
 0.6992650205188434
 0.6992612631273705
 0.6992741288397131
 0.69926499287056
 0.6992639042873642
 0.6992581388045257
 0.6992596850273961
 0.6992626379044355
 0.6992620095994764
 0.6992654577755733
 0.6992581095258883
 0.6992585996195477
 0.6992608944276
 0.6992611817538045
 0.6992588190384423
 0.6992595522603552
 0.6992596288197961
 0.6992594438200419
 0.6992601239723605
 0.6992616020054803
 0.6992613939100164
 0.6992768893323544
 0.6992653243757309
 0.6992615605378945
 0.6992591738435865
 0.6992624850570758
 0.6992583814860689
 0.6992644612341388
 0.6992715772277472
 0.699263010259521
 0.6992719372879362
 0.699262320019827
 0.6992616224609002
 0.6992574511844494
 0.6992613611342077
 0.6992596255226223
 0.699268578282371
 0.6992627656796625
 0.6992590467667982
 0.699258913607929
 0.6992584091594073
 0.699257632684036
 0.6992646356478006
 0.6992729316247733
 0.6992587583283699
 0.6992648768386756
 0.6992603972408009
 0.6992658181927802
 0.6992647781445918
 0.6992706836275866
 0.6992608985458446
 0.6992594886892608
 0.5615397256295571
 0.7077579859986715
 0.7055426329103969
 0.6985383669676931
 0.6874230332362429
 0.6882670739370441
 0.6861797194567867
 0.6817907432394301
 0.6845432476407814
 0.6844304790148009
 0.6844257943403239
 0.6844396766855969
 0.6852319398347112
 0.6846546522110273
 0.6845610478305842
 0.6844244257025658
 0.6842808341687008
 0.6843030080124169
 0.6842703380737529
 0.6842964432640488
 0.684333427364345
 0.6843891334967946
 0.6842447016395727
 0.6842288732767239
 0.6842180403158401
 0.6842189709462374
 0.6842214631878951
 0.6842194841237547
 0.6842140678416163
 0.6842243719467149
 0.684221364651899
 0.6842221855119635
 0.6842146016567633
 0.6842185747935327
 0.6842169792265473
 0.684214801836934
 0.6842171856594338
 0.6842175242981647
 0.6842114281324463
 0.684214116071385
 0.6842141733650179
 0.6841960939344801
 0.6842099171394838
 0.6842142116625809
 0.6842141664137107
 0.6842141926666238
 0.6842120372765137
 0.6842144486329448
 0.6842144452312184
 0.6842147188192784
 0.6842134691676764
 0.6842139938776221
 0.6842138949369095
 0.6842140755149725
 0.6842140447504003
 0.6842131666402719
 0.6842139811515012
 0.684213109599019
 0.6842133764786297
 0.6841951141694522
 0.6842135952772879
 0.684212628331673
 0.6842138301530604
 0.6842125945457693
 0.6842128883734424
 0.6842139533576282
 0.6842139808889358
 0.6842139361798216
 0.6842140189878227
 0.6842135169217251
 0.6842139957327694
 0.6842139020120077
 0.6842139442778759
 0.6841829605140687
 0.684213379658954
 0.6842099142033558
 0.6842127016302587
 0.6842138126630738
 0.6842139009561666
 0.6842140105903991
 0.6842140177066108
 0.6842139987092333
 0.6842137669406798
 0.6842137269565506
 0.6842122543755774
 0.6842112562713979
 0.6842139994486329
 0.6842138430943302
 0.6842127710943072
 0.684213999488165
 0.6842139292682163
 0.6842139271411283
 0.6842137683128696
 0.6842118109115067
 0.6842140265513263
 0.6842130997069659
 0.6842119272811705
 0.6842085243415567
 0.684213886071218
 0.6842138145416836
 0.5512820945665394
 0.521879305443711
 0.4892408809322696
 0.5173584287523513
 0.5642029613950685
 0.4790222276011056
 0.4825083005345586
 0.491919421144214
 0.4680780845341766
 0.5846296856305792
 0.5112268772411321
 0.4181140267812349
 0.4361303464410682
 0.509871649527413
 0.5567594305975093
 0.4195290000101208
 0.5397356701439551
 0.5315582885285436
 0.4724216324314101
 0.5107791187825985
 0.447726589687005
 0.5652204225262272
 0.4944721445629855
 0.4594531372142405
 0.5344069384141911
 0.4729029779796064
 0.4901124082547445
 0.4193196383432272
 0.4256396545783764
 0.4260324322212735
 0.4962865003601663
 0.519117729369135
 0.5500209261729059
 0.468295025154867
 0.393778944205067
 0.5324989555803192
 0.4738923549740351
 0.5243387724760973
 0.5668876848585083
 0.5690858107215695
 0.5108722138485648
 0.4833983455433668
 0.4313079583960121
 0.456144186984282
 0.4762143805301129
 0.5011100697372092
 0.4912511568934906
 0.524466747478493
 0.5108127794225665
 0.4563187699864553
 0.4993982083421519
 0.4935377627116753
 0.5302884456654693
 0.4465987149097522
 0.5435320197867778
 0.5189246094433269
 0.5137095641908606
 0.4917218418115563
 0.4941724528675541
 0.5020654133776234
 0.4935583920496139
 0.4935133439232909
 0.4479413115198836
 0.4840319587063479
 0.5278147739151384
 0.5352505716595704
 0.4669220713446633
 0.4605014835284716
 0.5078829206099248
 0.4651937002753861
 0.4939992793302923
 0.3998204360303649
 0.4300272372669571
 0.5460356022148574
 0.5520229547832237
 0.5181510574015166
 0.5740726383143604
 0.5100716961064248
 0.5347867940099386
 0.4572128114163859
 0.523719106975567
 0.5719386125753305
 0.4192174249351684
 0.5218485126564669
 0.3940890551509426
 0.5334340234969184
 0.48376366413719
 0.4066513732891162
 0.5146773497418361
 0.4365434991196049
 0.5158992466457404
 0.5455144722048266
 0.4423754652221675
 0.5598171029715174
 0.5697083290591881
 0.4869980795245066
 0.4568233463011165
 0.5298014520410734
 0.4452668542675952
 0.5030969598204554


# name: PF
# type: matrix
# ndims: 3
 100 5 2
 0.3597448907629968
 0.2675742246548816
 0.2677381224006892
 0.2679654503524072
 0.2680661079511026
 0.2679734149922368
 0.249272549186684
 0.2680120801465161
 0.4161439531252896
 0.4646877522542771
 0.8264742402617863
 0.8265371585704177
 0.8265293476402104
 0.8265117896125878
 0.8263807145362077
 0.4647188074642209
 0.8266569464556898
 0.8266029081419107
 0.8266322109967281
 0.8266656106223988
 0.8266840116398633
 0.8266824099373966
 0.8266877260505118
 0.8266855674651061
 0.8266913274434645
 0.8266914150419389
 0.826691403263131
 0.8266914105675739
 0.826691380761615
 0.8266914109928483
 0.8266913955856637
 0.8266914077105476
 0.8266913725482548
 0.8266913520907182
 0.8266914080175095
 0.8266914144060629
 0.8266914109212762
 0.8266914187710883
 0.8266914172892459
 0.8266914150001115
 0.8266914043854452
 0.8266914161607792
 0.8266914002840358
 0.8266913572055803
 0.8266914046431945
 0.8266914013883762
 0.8266914150845051
 0.8266914205541314
 0.8266914177129285
 0.826691422230146
 0.8266914220843453
 0.8266914222583255
 0.8266914221267246
 0.8266914224455468
 0.826691422390804
 0.8266914223503716
 0.8266914222225978
 0.8266914221870648
 0.8266914223194679
 0.8266914212686391
 0.8266914221052206
 0.8266914223619797
 0.8266914222411257
 0.8266914224500186
 0.826691422425208
 0.8266914223691535
 0.8266914224426849
 0.826691422416538
 0.8266914217804668
 0.8266914220537445
 0.8266914218766728
 0.826691422554646
 0.8266914225496238
 0.8266914225653909
 0.8266914225656269
 0.8266914225656397
 0.8266914225656379
 0.8266914225656354
 0.8266914225656148
 0.8266914225655557
 0.8266914225655155
 0.8266914225651978
 0.8266914225655668
 0.8266914225656268
 0.8266914225656414
 0.826691422565631
 0.8266914225656432
 0.8266914225656425
 0.8266914225656422
 0.8266914225656434
 0.8266914225656429
 0.8266914225656425
 0.8266914225656419
 0.8266914225656424
 0.8266914225656423
 0.8266914225656423
 0.8266914225656403
 0.8266914225656413
 0.8266914225656328
 0.8266914225656385
 0.2797410891365054
 0.6554463596610802
 0.7703470324480436
 0.809253013777947
 0.8265421339782821
 0.8266191862742199
 0.8266361941316935
 0.8266019293923867
 0.8266279642889777
 0.8266441162878859
 0.8266418255601991
 0.8265965181148355
 0.8266022232456074
 0.8266176259269702
 0.8265963679433426
 0.8266528016546888
 0.8266611414898464
 0.826675714436502
 0.826685497486479
 0.8266907986621268
 0.8266910728247989
 0.8266906406037067
 0.8266909401040909
 0.8266911578061822
 0.8266913347830539
 0.8266913343845114
 0.8266913792118824
 0.8266913953855606
 0.8266914136352065
 0.8266914181746619
 0.8266914190719501
 0.8266914207783886
 0.8266914212643144
 0.8266914207729481
 0.8266914199686172
 0.8266914079607423
 0.8266914115168487
 0.8266914104939066
 0.8266914186034763
 0.8266914218075443
 0.8266914218741289
 0.826691422338683
 0.8266914223937721
 0.8266914225569112
 0.8266914225582452
 0.8266914225609465
 0.8266914225622264
 0.8266914225639761
 0.8266914225645837
 0.8266914225648412
 0.8266914225610791
 0.826691422562321
 0.8266914225631405
 0.8266914225633595
 0.8266914225648937
 0.8266914225648225
 0.8266914225643758
 0.8266914225652578
 0.8266914225650901
 0.8266914225655375
 0.826691422565576
 0.8266914225656106
 0.8266914225656186
 0.8266914225656078
 0.8266914225655883
 0.8266914225656058
 0.8266914225656321
 0.826691422565633
 0.8266914225656367
 0.8266914225656337
 0.8266914225656292
 0.8266914225656226
 0.8266914225656371
 0.8266914225656364
 0.8266914225656371
 0.8266914225656364
 0.8266914225656371
 0.8266914225656384
 0.8266914225656364
 0.8266914225656387
 0.8266914225656403
 0.8266914225656432
 0.8266914225656425
 0.8266914225656432
 0.826691422565643
 0.8266914225656432
 0.8266914225656434
 0.8266914225656434
 0.8266914225656434
 0.8266914225656434
 0.8266914225656434
 0.8266914225656434
 0.8266914225656432
 0.8266914225656434
 0.8266914225656434
 0.8266914225656434
 0.8266914225656434
 0.8266914225656434
 0.8266914225656434
 0.8266914225656434
 0.1306633508594263
 0.6674403385014841
 0.7076702160751147
 0.7695133646840314
 0.7129714934752288
 0.7227246921703423
 0.7166622386174104
 0.7027969362742749
 0.6254786754443377
 0.5010400139155674
 0.4996132227936921
 0.491563621257581
 0.4931402265380779
 0.5175430470426111
 0.560600074780801
 0.4780222041251991
 0.4468355064169156
 0.4482561742871921
 0.4496320599714439
 0.4595122518766271
 0.4716741909454514
 0.4753937535927417
 0.4794956212717484
 0.4644277168069804
 0.4567933524322986
 0.4487750537909999
 0.4503572743697395
 0.4349181357507455
 0.4324601810947785
 0.4325534965921667
 0.4334610274591819
 0.4324216467548173
 0.4320105540904573
 0.4316838601432484
 0.4317212033786945
 0.4317682007986511
 0.432005270710256
 0.431628199484231
 0.4312926978906325
 0.4313102804824868
 0.4312555948378455
 0.4312541558260845
 0.4313576832081317
 0.4312488717883396
 0.4312039383558515
 0.4312868580200125
 0.4312785284715436
 0.4314374112129368
 0.4312300076756042
 0.4312318810425405
 0.4312227693747819
 0.4312031664429011
 0.4313461816769454
 0.4313512297562117
 0.4313373612716762
 0.4312290562561139
 0.4313215640994866
 0.4312664757173122
 0.4314031120353856
 0.4312337781701328
 0.4312833579727283
 0.4312632002294426
 0.4312350638060379
 0.4312785876063512
 0.4314439565448412
 0.4312934946697827
 0.4314541113776563
 0.4312416179009625
 0.4314275924902225
 0.4313408361846536
 0.4312462933936627
 0.4312488009175618
 0.4312423235662199
 0.4314001362681549
 0.4312439387370739
 0.431239500256121
 0.4315372356464777
 0.4314182819718503
 0.4313103897266537
 0.4312944538137192
 0.4312161014596164
 0.4312673373757117
 0.4314468248574966
 0.4312339638165165
 0.4314008378922414
 0.4313261731881223
 0.4312824472545818
 0.4312987815216517
 0.431281349207575
 0.4313415639752734
 0.4312845347277984
 0.431701791941058
 0.4313627763255429
 0.4313639779490466
 0.4313119195843944
 0.4313284003529656
 0.4312844517228037
 0.4313566316924011
 0.4313296719653484
 0.4312379995625272
 0.0864176731087626
 0.1427920432549633
 0.2195866489776644
 0.1905980080285378
 0.3627927574311958
 0.2510579044357444
 0.2487767083026743
 0.20447343760982
 0.231578280782887
 0.2600443620526343
 0.2389118610066348
 0.2331337721785209
 0.1978723420194394
 0.20091531132304
 0.2016214301517567
 0.2036334463609081
 0.2091503591473451
 0.186824010059772
 0.1860012090350314
 0.1858575655576531
 0.1859070459765469
 0.1858880432863189
 0.185820201359895
 0.185796137130975
 0.1857458878998836
 0.1857531904062218
 0.1857651915496803
 0.1857006644920962
 0.1857722970986835
 0.1857620105591549
 0.1857110016543294
 0.1857718083492531
 0.1857648167055825
 0.185761409305963
 0.1857609405314782
 0.185767191873084
 0.1857666648664576
 0.1857667732779237
 0.1857670239913506
 0.1857665913294648
 0.1857207479280812
 0.1857671894913973
 0.1857479931045145
 0.1857341440776017
 0.1857630098355013
 0.1857669489889963
 0.1857634082210037
 0.1857662574806437
 0.1857559477730115
 0.1857563386470279
 0.1857601649986162
 0.1857654651860161
 0.1857643801035873
 0.1857505809681131
 0.1857658063122122
 0.1857657439379818
 0.1857479347739153
 0.1857648344987582
 0.1857627990554335
 0.185765134344659
 0.1857661142703711
 0.1857622994285052
 0.1856630338811808
 0.1857585107420598
 0.1857656331834564
 0.185765279709102
 0.185764291883381
 0.1857638941106303
 0.1857661322558389
 0.1857647207200866
 0.1857661510450584
 0.1857660636308805
 0.1857649752202931
 0.1857648121206816
 0.1857440757649499
 0.1857661121444454
 0.1857619413504296
 0.1857568783573353
 0.1857650098142282
 0.1857647535366833
 0.185753945271429
 0.1857352717290026
 0.185765840263663
 0.1857660576493397
 0.1857582269561842
 0.1857529641522858
 0.1857659199351344
 0.1857583817321073
 0.1857651648603831
 0.1857620090227334
 0.1857573806005065
 0.1857635987351177
 0.1857565026553252
 0.1857598820533891
 0.1857612888449105
 0.1857645872383247
 0.1857625171275823
 0.185697637693341
 0.1857383154323203
 0.1857650367017158
 0.0003781315930253188
 0.007484721904608948
 0.001967638310513674
 0.002392254219618833
 0.001342804999781571
 0.003686395654393433
 0.003645185141355685
 0.004341898779192617
 0.001747011822572082
 0.001543331711012377
 0.001242240603021873
 0.0001066082207477059
 0.001417835082459128
 0.0005213138126231257
 0.0004606212011915357
 0.0005976990909156341
 0.000435747816202136
 0.0005633458969132633
 0.0002862487979775781
 0.0004572460439150627
 0.00067765528532484
 0.0002206647062299506
 0.0007941333429513042
 0.001990480448730047
 0.00075938230720688
 0.0003198393712502399
 0.0006934116867653517
 0.0003968411317888413
 0.0009210169756962449
 0.0003217878531883757
 0.0003418446012590139
 0.0005022605708320145
 8.59009512593524e-05
 8.102572144567835e-05
 4.634081574501295e-05
 2.839071039936617e-05
 1.147620475581968e-05
 2.935788806594612e-05
 2.939857989285068e-06
 1.698944651838154e-05
 7.185327189923639e-06
 7.947425910480397e-07
 9.652284152703288e-07
 4.956260767014289e-07
 4.467120974537865e-07
 5.131401229370707e-07
 4.931522531049365e-09
 1.142561609846285e-07
 5.009143061151356e-07
 2.937160650936729e-08
 1.107458066835522e-07
 1.536310425447399e-08
 6.364309258852924e-09
 4.722428903654319e-09
 3.640291839821473e-08
 2.446384047812347e-08
 1.602065077361756e-07
 7.368381120097939e-10
 1.229353250166258e-09
 3.110592187473282e-11
 6.678673597233092e-11
 1.100640627900093e-10
 1.67724341576872e-10
 2.672349841414956e-11
 1.498395027846322e-11
 2.861254982944317e-11
 9.723275570111545e-12
 1.80004628707565e-11
 7.459889260139074e-11
 5.544816624077076e-11
 7.857669593117067e-12
 2.563802685776051e-11
 7.048732691278259e-12
 6.375234541666774e-13
 1.509790556464274e-13
 2.270458127062724e-13
 7.02023280968204e-13
 6.873714921903917e-13
 2.788675106807359e-12
 2.412722799327582e-13
 1.282672752733749e-12
 3.001002224500837e-13
 1.281084613391492e-12
 2.608330218478727e-14
 2.104631573185411e-14
 4.018833876795469e-14
 7.19758454226227e-14
 1.671622909538151e-14
 1.040686634090626e-13
 1.610395844453549e-13
 1.603736674710143e-13
 1.031835207554455e-13
 5.979938766387249e-14
 6.593467091753347e-15
 6.418043180245192e-15
 5.531599484021044e-15
 6.57677037829707e-15
 6.492636289712195e-15
 5.918442819163872e-15
 6.21247844834194e-15
 0.359946712613038
 0.6014961912546934
 0.641177918778397
 0.641177918778397
 0.641177918778397
 0.641177918778397
 0.641177918778397
 0.8266914225656434
 0.8266914225656434
 0.8266914225656434
 0.8266914225656434
 0.8266914225656434
 0.8266914225656434
 0.8266914225656434
 0.8266914225656434
 0.641177918778397
 0.8266914225656434
 0.8266914225656434
 0.8266914225656434
 0.8266914225656434
 0.8266914225656434
 0.8266914225656434
 0.8266914225656434
 0.8266914225656434
 0.8266914225656434
 0.8266914225656434
 0.8266914225656434
 0.8266914225656434
 0.8266914225656434
 0.8266914225656434
 0.8266914225656434
 0.8266914225656434
 0.8266914225656434
 0.8266914225656434
 0.8266914225656434
 0.8266914225656434
 0.8266914225656434
 0.8266914225656434
 0.8266914225656434
 0.8266914225656434
 0.8266914225656434
 0.8266914225656434
 0.8266914225656434
 0.8266914225656434
 0.8266914225656434
 0.8266914225656434
 0.8266914225656434
 0.8266914225656434
 0.8266914225656434
 0.8266914225656434
 0.8266914225656434
 0.8266914225656434
 0.8266914225656434
 0.8266914225656434
 0.8266914225656434
 0.8266914225656434
 0.8266914225656434
 0.8266914225656434
 0.8266914225656434
 0.8266914225656434
 0.8266914225656434
 0.8266914225656434
 0.8266914225656434
 0.8266914225656434
 0.8266914225656434
 0.8266914225656434
 0.8266914225656434
 0.8266914225656434
 0.8266914225656434
 0.8266914225656434
 0.8266914225656434
 0.8266914225656434
 0.8266914225656434
 0.8266914225656434
 0.8266914225656434
 0.8266914225656434
 0.8266914225656434
 0.8266914225656434
 0.8266914225656434
 0.8266914225656434
 0.8266914225656434
 0.8266914225656434
 0.8266914225656434
 0.8266914225656434
 0.8266914225656434
 0.8266914225656434
 0.8266914225656434
 0.8266914225656434
 0.8266914225656434
 0.8266914225656434
 0.8266914225656434
 0.8266914225656434
 0.8266914225656434
 0.8266914225656434
 0.8266914225656434
 0.8266914225656434
 0.8266914225656434
 0.8266914225656434
 0.8266914225656434
 0.8266914225656434
 0.2459868220024833
 0.5790717856690477
 0.8266914225656434
 0.8266914225656434
 0.8266914225656434
 0.8266914225656434
 0.8266914225656434
 0.8266914225656434
 0.8266914225656434
 0.8266914225656434
 0.8266914225656434
 0.8266914225656434
 0.8266914225656434
 0.8266914225656434
 0.8266914225656434
 0.8266914225656434
 0.8266914225656434
 0.8266914225656434
 0.8266914225656434
 0.8266914225656434
 0.8266914225656434
 0.8266914225656434
 0.8266914225656434
 0.8266914225656434
 0.8266914225656434
 0.8266914225656434
 0.8266914225656434
 0.8266914225656434
 0.8266914225656434
 0.8266914225656434
 0.8266914225656434
 0.8266914225656434
 0.8266914225656434
 0.8266914225656434
 0.8266914225656434
 0.8266914225656434
 0.8266914225656434
 0.8266914225656434
 0.8266914225656434
 0.8266914225656434
 0.8266914225656434
 0.8266914225656434
 0.8266914225656434
 0.8266914225656434
 0.8266914225656434
 0.8266914225656434
 0.8266914225656434
 0.8266914225656434
 0.8266914225656434
 0.8266914225656434
 0.8266914225656434
 0.8266914225656434
 0.8266914225656434
 0.8266914225656434
 0.8266914225656434
 0.8266914225656434
 0.8266914225656434
 0.8266914225656434
 0.8266914225656434
 0.8266914225656434
 0.8266914225656434
 0.8266914225656434
 0.8266914225656434
 0.8266914225656434
 0.8266914225656434
 0.8266914225656434
 0.8266914225656434
 0.8266914225656434
 0.8266914225656434
 0.8266914225656434
 0.8266914225656434
 0.8266914225656434
 0.8266914225656434
 0.8266914225656434
 0.8266914225656434
 0.8266914225656434
 0.8266914225656434
 0.8266914225656434
 0.8266914225656434
 0.8266914225656434
 0.8266914225656434
 0.8266914225656434
 0.8266914225656434
 0.8266914225656434
 0.8266914225656434
 0.8266914225656434
 0.8266914225656434
 0.8266914225656434
 0.8266914225656434
 0.8266914225656434
 0.8266914225656434
 0.8266914225656434
 0.8266914225656434
 0.8266914225656434
 0.8266914225656434
 0.8266914225656434
 0.8266914225656434
 0.8266914225656434
 0.8266914225656434
 0.8266914225656434
 0.5439609113123607
 0.7136128889234812
 0.7642119008295791
 0.7409172749074975
 0.7069650457053855
 0.4983172105960683
 0.4643132966937277
 0.4542967005052659
 0.4514181552377103
 0.4571532227325493
 0.4418529351441929
 0.4359519901095028
 0.4330294923609928
 0.4325770111417814
 0.4320570515975939
 0.4331287665437663
 0.4319107463940315
 0.4316740975273476
 0.4314659572197939
 0.4313354804604244
 0.4313087023399538
 0.4312962824906842
 0.431381717154828
 0.4314869334560225
 0.4314652612238724
 0.431328803439071
 0.4315641797597201
 0.4313708848233311
 0.4313374835576533
 0.431265422726695
 0.4313117440944146
 0.4312761660004475
 0.431349070075469
 0.4313513610280709
 0.4313915894345662
 0.4312424001841597
 0.4312620057748427
 0.4313593984975901
 0.4314495261455156
 0.4312388222827784
 0.4312591757593507
 0.4312992284735549
 0.4312409571545001
 0.4312639052026542
 0.4312339319614141
 0.4313017866795322
 0.4312680442537944
 0.4312980017353648
 0.4313412406490816
 0.4312715503546031
 0.4315101774149684
 0.4313407278419832
 0.4313205373231023
 0.431213601913331
 0.4312422805133513
 0.4312970490600733
 0.4312853955611112
 0.4313493506771366
 0.4312130588672103
 0.4312221488892896
 0.4312647118881384
 0.4312700410767383
 0.431226218565684
 0.4312398180139697
 0.4312412380017512
 0.4312378067150626
 0.4312504218539724
 0.4312778357032089
 0.4312739760483763
 0.4315613777081698
 0.4313468764408567
 0.4312770665823223
 0.4312327993212845
 0.4312942141205704
 0.4312181030541719
 0.4313308673046887
 0.4314628513403287
 0.4313039553235644
 0.431469529563981
 0.431291153088854
 0.4312782151005256
 0.431200848266034
 0.4312733681384002
 0.431241176847354
 0.4314072283401966
 0.4312994189736839
 0.4312304423619791
 0.4312279725951548
 0.431218616325976
 0.4312042146332932
 0.4313341022456155
 0.4314879720466164
 0.4312250925443855
 0.4313385757382565
 0.4312554903059093
 0.4313560355225873
 0.4313367452077376
 0.4314462772732446
 0.4312647882713633
 0.4312386389278084
 0.4606160642619593
 0.765197589418866
 0.6731214958027109
 0.5344825020746986
 0.2527711846226639
 0.2579625938783291
 0.2349361525346143
 0.1485821484619271
 0.1908176184795828
 0.189087253972556
 0.189015370553108
 0.1892283865167741
 0.2100042306722661
 0.1925270523987943
 0.1910907513335601
 0.1889943696569886
 0.1867910467775168
 0.1871312906336188
 0.1866299907213478
 0.1870305586483251
 0.1875980566906253
 0.1884528326850697
 0.1862366155657449
 0.1859937391713588
 0.1858275141166832
 0.1858417940619666
 0.1858800359618736
 0.1858496684521518
 0.1857665589676592
 0.185924669058868
 0.1858785239882292
 0.1858911195759526
 0.1857747500294514
 0.1858357153448267
 0.1858112323606989
 0.1857778216698068
 0.1858143999450933
 0.1858195961460369
 0.185726054270391
 0.1857672990234981
 0.1857681781586981
 0.1854907605291253
 0.1857028690221016
 0.1857687658110114
 0.1857680714952082
 0.1857684743298491
 0.1857354012076689
 0.1857724019740245
 0.1857723497766469
 0.1857765478154584
 0.1857573726879837
 0.1857654240361175
 0.185763905852353
 0.1857666767105427
 0.1857662046472949
 0.1857527305929093
 0.1857652287617004
 0.1857518553303224
 0.1857559504321451
 0.1854757266434616
 0.1857593077616245
 0.1857444705818891
 0.1857629117844342
 0.1857439521581873
 0.1857484607612867
 0.1857648022819871
 0.1857652247327967
 0.1857645386992165
 0.1857658093365482
 0.1857581054441918
 0.1857654525022023
 0.1857640144153387
 0.1857646629588265
 0.1852892363521809
 0.1857559992322463
 0.1857028239690413
 0.1857455953031503
 0.1857626434114563
 0.1857639982141141
 0.1857656804832991
 0.185765789677147
 0.1857654981741908
 0.1857619418297264
 0.1857613282981033
 0.1857387324579267
 0.1857234171693745
 0.1857655095198193
 0.1857631103601801
 0.1857466611858181
 0.1857655101264136
 0.1857644326449267
 0.1857644000060815
 0.1857619628851264
 0.1857319277772689
 0.1857659253938117
 0.185751703542911
 0.185733713397464
 0.1856814974031991
 0.1857637698138242
 0.1857626722375566
 0.1089143579034674
 0.1231780488406925
 0.04841233465502703
 0.2823832188760957
 0.1353205860574504
 0.1426299996013064
 0.2192650056832186
 0.04357468865487742
 0.1726103415956547
 0.1568653288133761
 0.1293139750000364
 0.2695353848381206
 0.2701732414145752
 0.1400755451533912
 0.1734579257210657
 0.2370331021580952
 0.06628627697217024
 0.1051938226041287
 0.1430125295861008
 0.05804248755778995
 0.1443515871739427
 0.0422193235429877
 0.1162150657898768
 0.01623221216389026
 0.1780290848241926
 0.03793397886674417
 0.0828448239793716
 0.04920757995078691
 0.002694111717470636
 0.01989815088991189
 0.01664418680404442
 0.03438485243794166
 0.04020498109074533
 0.02008788593199735
 0.01685295582763808
 0.02416086156218703
 0.0198219535299401
 0.03170224362675171
 0.0161415753613396
 0.03955697696241049
 0.004479287871510254
 0.01084975377924162
 0.01283372506437654
 0.08645769130578206
 0.04810175290147869
 0.05565381347116893
 0.01909457710699448
 0.04123049808304537
 0.01749111029492004
 0.00430758600597946
 0.0004270539881326349
 0.0002397112672939128
 0.0001882722789088918
 5.642755289395345e-05
 0.0002079059688475317
 7.834276551707672e-05
 2.211878598411742e-05
 6.310971739160749e-06
 4.672463039280365e-05
 0.0001221694737750818
 1.255783758511873e-05
 5.816236794129511e-06
 4.392933644189068e-06
 5.294995141726273e-07
 8.830607907126583e-07
 7.768660145075768e-07
 4.379076350299015e-07
 9.807562303546305e-07
 5.956998566968366e-07
 4.482542793034575e-07
 1.406471444114453e-07
 2.823097929155992e-07
 1.11679100804141e-07
 5.479274092301881e-08
 6.484300424077286e-08
 4.773172756567315e-08
 5.882100486591726e-08
 1.968350779352375e-08
 8.909395712505819e-09
 1.986279601733087e-09
 1.284153694838808e-09
 1.586740972555484e-09
 3.257276712893484e-10
 3.189980900958345e-10
 5.424895272793922e-10
 8.899944062973342e-11
 3.43117357443079e-11
 2.012160511995209e-11
 2.940440209028838e-11
 4.436162450837527e-11
 1.384342597152144e-11
 1.222506471054707e-11
 1.616719204258071e-11
 3.73189964174292e-11
 1.605519092239688e-10
 3.447870114414719e-11
 5.526698369784366e-11
 5.959910516495359e-11
 2.010775049070268e-10
 2.392283380940607e-10


# name: PV
# type: matrix
# ndims: 3
 100 5 2
 0.4736637998047846
 0.5605728150822246
 0.5605784064341575
 0.560637853559225
 0.5606555611997537
 0.5606379271653111
 0.5695619299864469
 0.5606460048562264
 0.6548019406991206
 0.6856576572006799
 0.7205179935464822
 0.720538958531046
 0.7205420375894049
 0.7205394613571574
 0.7205103474277564
 0.6856704634363779
 0.7205727223325608
 0.7205605580718285
 0.7205671924903491
 0.7205747248663252
 0.7205788770343173
 0.7205785096165348
 0.7205797120188374
 0.720579226149622
 0.7205805262794215
 0.7205805460718681
 0.7205805437115308
 0.7205805455817285
 0.7205805390953508
 0.7205805470025427
 0.7205805424509827
 0.7205805444376158
 0.7205805359705273
 0.7205805280310017
 0.7205805436747927
 0.7205805458849842
 0.7205805451736312
 0.7205805472941031
 0.7205805470129543
 0.7205805465354947
 0.7205805440903016
 0.7205805467802925
 0.7205805432291451
 0.7205805335306396
 0.7205805442132571
 0.7205805434485661
 0.7205805465465518
 0.7205805477766968
 0.7205805471257759
 0.7205805481414906
 0.7205805481094046
 0.7205805481503605
 0.7205805481199593
 0.7205805481917429
 0.7205805481795778
 0.720580548170096
 0.7205805481413434
 0.7205805481334077
 0.7205805481632763
 0.7205805479273185
 0.7205805481154652
 0.7205805481726636
 0.7205805481454434
 0.7205805481925043
 0.7205805481868863
 0.7205805481742492
 0.7205805481908195
 0.7205805481849263
 0.720580548041575
 0.7205805481031639
 0.7205805480632571
 0.7205805482160522
 0.7205805482149206
 0.7205805482184738
 0.7205805482185268
 0.7205805482185296
 0.7205805482185292
 0.7205805482185288
 0.7205805482185241
 0.7205805482185107
 0.7205805482185018
 0.7205805482184314
 0.7205805482185144
 0.7205805482185275
 0.72058054821853
 0.7205805482185278
 0.7205805482185301
 0.7205805482185301
 0.72058054821853
 0.7205805482185302
 0.7205805482185301
 0.72058054821853
 0.7205805482185299
 0.72058054821853
 0.72058054821853
 0.72058054821853
 0.7205805482185296
 0.7205805482185298
 0.7205805482185279
 0.7205805482185291
 0.3406003670787361
 0.3531394521732727
 0.339932909069678
 0.3356720433413375
 0.333762633458431
 0.3337624372729957
 0.333763320578641
 0.3337693616088826
 0.3337687490940664
 0.3337674832788338
 0.3337679270233578
 0.3337729132950765
 0.3337723235780356
 0.3337705630008965
 0.3337729734907964
 0.3337667810613195
 0.3337658750158568
 0.3337642755723623
 0.3337631767091227
 0.3337625914848454
 0.3337625840055305
 0.3337626236865926
 0.3337626041101645
 0.3337625824031258
 0.3337625643618164
 0.3337625651008267
 0.3337625602022039
 0.3337625584925729
 0.3337625564977044
 0.3337625560002043
 0.3337625558898114
 0.3337625557060868
 0.3337625556580373
 0.3337625557153879
 0.3337625558043197
 0.333762557123182
 0.3337625567341602
 0.3337625568489266
 0.3337625559578352
 0.333762555605764
 0.3337625555984719
 0.333762555547425
 0.3337625555413729
 0.3337625555234417
 0.3337625555232986
 0.3337625555230027
 0.3337625555228624
 0.3337625555226701
 0.3337625555226034
 0.3337625555225751
 0.3337625555229886
 0.3337625555228519
 0.3337625555227619
 0.3337625555227379
 0.3337625555225692
 0.3337625555225769
 0.3337625555226262
 0.3337625555225293
 0.3337625555225476
 0.3337625555224984
 0.3337625555224941
 0.3337625555224904
 0.3337625555224895
 0.3337625555224908
 0.3337625555224929
 0.3337625555224909
 0.333762555522488
 0.3337625555224879
 0.3337625555224876
 0.3337625555224878
 0.3337625555224884
 0.3337625555224891
 0.3337625555224875
 0.3337625555224876
 0.3337625555224875
 0.3337625555224876
 0.3337625555224875
 0.3337625555224875
 0.3337625555224876
 0.3337625555224873
 0.3337625555224872
 0.3337625555224869
 0.3337625555224868
 0.3337625555224868
 0.3337625555224868
 0.3337625555224868
 0.3337625555224867
 0.3337625555224868
 0.3337625555224867
 0.3337625555224867
 0.3337625555224867
 0.3337625555224868
 0.3337625555224869
 0.3337625555224867
 0.3337625555224867
 0.3337625555224867
 0.3337625555224867
 0.3337625555224867
 0.3337625555224867
 0.3337625555224868
 0.2029983685275162
 0.01714711561720106
 0.0005590330181660663
 -0.02763354829812165
 -0.003741590317837884
 -0.006128535197200857
 -0.002682364508877766
 0.003606859474972357
 0.04211873285437179
 0.1009862454692192
 0.1016628339355467
 0.1054706622970925
 0.104725557697778
 0.09318138662646375
 0.07281265712394325
 0.1118778612482733
 0.1266317411910559
 0.1259596892841817
 0.1253087894593804
 0.1206346623281832
 0.1148810979181521
 0.1131214513657689
 0.1111809479271595
 0.118309254658394
 0.1219209271265434
 0.1257142369798767
 0.1249657141863781
 0.1322697110581737
 0.1334325359705968
 0.1333883892781064
 0.1329590661618162
 0.1334507705928759
 0.1336452445545334
 0.1337997988035961
 0.1337821334001801
 0.1337598999305017
 0.133647747234698
 0.1338261408155164
 0.1339848508756516
 0.1339765347492575
 0.1340024037359263
 0.1340030845779042
 0.1339541118137315
 0.1340055842352678
 0.1340268396796143
 0.1339876151968924
 0.1339915553993644
 0.133916397150928
 0.1340145077398011
 0.134013621630073
 0.1340179318238743
 0.1340272047622117
 0.1339595526148438
 0.1339571646568595
 0.1339637250436305
 0.1340149578886052
 0.1339711977725722
 0.1339972569037104
 0.1339326221567987
 0.1340127242241383
 0.1339892708843753
 0.1339988063479985
 0.134012116064196
 0.133991527469157
 0.1339133009795196
 0.1339844757987696
 0.1339084973148463
 0.1340090157006196
 0.1339210418683544
 0.1339620812636099
 0.1340068039952111
 0.1340056178305474
 0.1340086818911954
 0.1339340298205782
 0.1340079178471934
 0.1340100174360694
 0.1338691760265118
 0.1339254461366473
 0.1339764837236657
 0.1339840220832731
 0.1340210860546769
 0.1339968493032638
 0.1339119441467014
 0.134012636405743
 0.1339336979227645
 0.1339690174800391
 0.1339897016926438
 0.1339819748947127
 0.1339902211152358
 0.1339617369879417
 0.1339887142296825
 0.1337913339518685
 0.1339517026507124
 0.1339511342320644
 0.1339757600363671
 0.1339679639370409
 0.1339887534945493
 0.1339546093216052
 0.1339673624106983
 0.1340107273274972
 0.06833884255574994
 0.03182091427331293
 -0.04006152096237264
 -0.005209709865068218
 -0.1025461664574475
 -0.02036800865938565
 -0.01851653670610565
 0.01710933591537855
 -0.005228536059531719
 -0.02675261128566769
 -0.01101408328759007
 -0.003997402592577054
 0.02224964544227576
 0.01955623072544604
 0.01851080108585115
 0.01687513382245834
 0.0122890578030394
 0.03095249639598591
 0.03155640665627371
 0.03166181428282769
 0.03162550420997531
 0.03163945117899467
 0.03168923144079919
 0.0317068918555054
 0.03174376355066216
 0.03173840539232578
 0.03172959980321294
 0.03177694414408405
 0.03172438670933977
 0.03173193390842474
 0.03176935977939729
 0.03172474563390076
 0.03172987601732985
 0.03173237603593926
 0.03173271991071097
 0.03172813320568221
 0.03172851991826184
 0.03172844041326214
 0.03172825641920779
 0.03172857386311362
 0.03176220949328487
 0.03172813501311408
 0.03174221953434109
 0.03175238068439218
 0.0317312017280989
 0.0317283115391222
 0.03173090944418303
 0.03172881893286864
 0.03173638324378633
 0.03173609645730874
 0.0317332890350619
 0.03172940024996412
 0.03173019638320695
 0.03174032091087131
 0.03172914996346837
 0.03172919572792968
 0.03174226244317865
 0.03172986299019245
 0.03173135640997649
 0.03172964299106873
 0.03172892401234503
 0.03173172299000829
 0.03180455485551323
 0.0317345027772466
 0.03172927698936928
 0.03172953633611486
 0.03173026111114507
 0.03173055295995128
 0.03172891081627502
 0.03172994647048577
 0.03172889703048581
 0.03172896116691404
 0.03172975974180384
 0.03172987940919386
 0.03174509382660681
 0.03172892557215293
 0.03173198571453867
 0.03173570046998045
 0.03172973435997808
 0.03172992239270631
 0.03173785249678129
 0.0317515534128309
 0.03172912505309189
 0.03172896555561469
 0.03173471099304073
 0.03173857235114577
 0.03172906659754471
 0.03173459743280241
 0.03172962060146867
 0.03173193606286948
 0.03173533197045489
 0.03173076967914737
 0.03173597612532117
 0.03173349663599265
 0.03173246446265923
 0.03173004440704069
 0.03173156326258758
 0.03177916578285861
 0.03174932022521798
 0.03172971463242974
 -0.0003781315930253188
 -0.007484721904608948
 -0.001967638310513674
 -0.002392254219618833
 -0.001342804999781571
 -0.003686395654393433
 -0.003645185141355685
 -0.004341898779192617
 -0.001747011822572082
 -0.001543331711012377
 -0.001242240603021873
 -0.0001066082207477059
 -0.001417835082459128
 -0.0005213138126231257
 -0.0004606212011915357
 -0.0005976990909156341
 -0.000435747816202136
 -0.0005633458969132633
 -0.0002862487979775781
 -0.0004572460439150627
 -0.00067765528532484
 -0.0002206647062299506
 -0.0007941333429513042
 -0.001990480448730047
 -0.00075938230720688
 -0.0003198393712502399
 -0.0006934116867653517
 -0.0003968411317888413
 -0.0009210169756962449
 -0.0003217878531883757
 -0.0003418446012590139
 -0.0005022605708320145
 -8.59009512593524e-05
 -8.102572144567835e-05
 -4.634081574501295e-05
 -2.839071039936617e-05
 -1.147620475581968e-05
 -2.935788806594612e-05
 -2.939857989285068e-06
 -1.698944651838154e-05
 -7.185327189923639e-06
 -7.947425910480397e-07
 -9.652284152703288e-07
 -4.956260767014289e-07
 -4.467120974537865e-07
 -5.131401229370707e-07
 -4.931522531049365e-09
 -1.142561609846285e-07
 -5.009143061151356e-07
 -2.937160650936729e-08
 -1.107458066835522e-07
 -1.536310425447399e-08
 -6.364309258852924e-09
 -4.722428903654319e-09
 -3.640291839821473e-08
 -2.446384047812347e-08
 -1.602065077361756e-07
 -7.368381120097939e-10
 -1.229353250166258e-09
 -3.110592187473282e-11
 -6.678673597233092e-11
 -1.100640627900093e-10
 -1.67724341576872e-10
 -2.672349841414956e-11
 -1.498395027846322e-11
 -2.861254982944317e-11
 -9.723275570111545e-12
 -1.80004628707565e-11
 -7.459889260139074e-11
 -5.544816624077076e-11
 -7.857669593117067e-12
 -2.563802685776051e-11
 -7.048732691278259e-12
 -6.375234541666774e-13
 -1.509790556464274e-13
 -2.270458127062724e-13
 -7.02023280968204e-13
 -6.873714921903917e-13
 -2.788675106807359e-12
 -2.412722799327582e-13
 -1.282672752733749e-12
 -3.001002224500837e-13
 -1.281084613391492e-12
 -2.608330218478727e-14
 -2.104631573185411e-14
 -4.018833876795469e-14
 -7.19758454226227e-14
 -1.671622909538151e-14
 -1.040686634090626e-13
 -1.610395844453549e-13
 -1.603736674710143e-13
 -1.031835207554455e-13
 -5.979938766387249e-14
 -6.593467091753347e-15
 -6.418043180245192e-15
 -5.531599484021044e-15
 -6.57677037829707e-15
 -6.492636289712195e-15
 -5.918442819163872e-15
 -6.21247844834194e-15
 0.4736992155378509
 0.6774268509010595
 0.6862035741145972
 0.6862035741145972
 0.6862035741145972
 0.6862035741145972
 0.6862035741145972
 0.7205805482185302
 0.7205805482185302
 0.7205805482185302
 0.7205805482185302
 0.7205805482185302
 0.7205805482185302
 0.7205805482185302
 0.7205805482185302
 0.6862035741145972
 0.7205805482185302
 0.7205805482185302
 0.7205805482185302
 0.7205805482185302
 0.7205805482185302
 0.7205805482185302
 0.7205805482185302
 0.7205805482185302
 0.7205805482185302
 0.7205805482185302
 0.7205805482185302
 0.7205805482185302
 0.7205805482185302
 0.7205805482185302
 0.7205805482185302
 0.7205805482185302
 0.7205805482185302
 0.7205805482185302
 0.7205805482185302
 0.7205805482185302
 0.7205805482185302
 0.7205805482185302
 0.7205805482185302
 0.7205805482185302
 0.7205805482185302
 0.7205805482185302
 0.7205805482185302
 0.7205805482185302
 0.7205805482185302
 0.7205805482185302
 0.7205805482185302
 0.7205805482185302
 0.7205805482185302
 0.7205805482185302
 0.7205805482185302
 0.7205805482185302
 0.7205805482185302
 0.7205805482185302
 0.7205805482185302
 0.7205805482185302
 0.7205805482185302
 0.7205805482185302
 0.7205805482185302
 0.7205805482185302
 0.7205805482185302
 0.7205805482185302
 0.7205805482185302
 0.7205805482185302
 0.7205805482185302
 0.7205805482185302
 0.7205805482185302
 0.7205805482185302
 0.7205805482185302
 0.7205805482185302
 0.7205805482185302
 0.7205805482185302
 0.7205805482185302
 0.7205805482185302
 0.7205805482185302
 0.7205805482185302
 0.7205805482185302
 0.7205805482185302
 0.7205805482185302
 0.7205805482185302
 0.7205805482185302
 0.7205805482185302
 0.7205805482185302
 0.7205805482185302
 0.7205805482185302
 0.7205805482185302
 0.7205805482185302
 0.7205805482185302
 0.7205805482185302
 0.7205805482185302
 0.7205805482185302
 0.7205805482185302
 0.7205805482185302
 0.7205805482185302
 0.7205805482185302
 0.7205805482185302
 0.7205805482185302
 0.7205805482185302
 0.7205805482185302
 0.7205805482185302
 0.3339637883067134
 0.3098642905646375
 0.3337625555224868
 0.3337625555224868
 0.3337625555224868
 0.3337625555224868
 0.3337625555224868
 0.3337625555224868
 0.3337625555224868
 0.3337625555224868
 0.3337625555224868
 0.3337625555224868
 0.3337625555224868
 0.3337625555224868
 0.3337625555224868
 0.3337625555224868
 0.3337625555224868
 0.3337625555224868
 0.3337625555224868
 0.3337625555224868
 0.3337625555224868
 0.3337625555224868
 0.3337625555224868
 0.3337625555224868
 0.3337625555224868
 0.3337625555224868
 0.3337625555224868
 0.3337625555224868
 0.3337625555224868
 0.3337625555224868
 0.3337625555224868
 0.3337625555224868
 0.3337625555224868
 0.3337625555224868
 0.3337625555224868
 0.3337625555224868
 0.3337625555224868
 0.3337625555224868
 0.3337625555224868
 0.3337625555224868
 0.3337625555224868
 0.3337625555224868
 0.3337625555224868
 0.3337625555224868
 0.3337625555224868
 0.3337625555224868
 0.3337625555224868
 0.3337625555224868
 0.3337625555224868
 0.3337625555224868
 0.3337625555224868
 0.3337625555224868
 0.3337625555224868
 0.3337625555224868
 0.3337625555224868
 0.3337625555224868
 0.3337625555224868
 0.3337625555224868
 0.3337625555224868
 0.3337625555224868
 0.3337625555224868
 0.3337625555224868
 0.3337625555224868
 0.3337625555224868
 0.3337625555224868
 0.3337625555224868
 0.3337625555224868
 0.3337625555224868
 0.3337625555224868
 0.3337625555224868
 0.3337625555224868
 0.3337625555224868
 0.3337625555224868
 0.3337625555224868
 0.3337625555224868
 0.3337625555224868
 0.3337625555224868
 0.3337625555224868
 0.3337625555224868
 0.3337625555224868
 0.3337625555224868
 0.3337625555224868
 0.3337625555224868
 0.3337625555224868
 0.3337625555224868
 0.3337625555224868
 0.3337625555224868
 0.3337625555224868
 0.3337625555224868
 0.3337625555224868
 0.3337625555224868
 0.3337625555224868
 0.3337625555224868
 0.3337625555224868
 0.3337625555224868
 0.3337625555224868
 0.3337625555224868
 0.3337625555224868
 0.3337625555224868
 0.3337625555224868
 -0.005790707273801987
 -0.05976938844774332
 -0.02368722349649321
 -0.01248989459780492
 0.003381431886624042
 0.1022050392110529
 0.1183647153974965
 0.1231029882795513
 0.1244646617187518
 0.1217517326681775
 0.1289894146515103
 0.1317808107815226
 0.1331632755998191
 0.1333773183195504
 0.1336232811358239
 0.1331163147201676
 0.1336924896738842
 0.133804434578768
 0.1339028937315969
 0.1339646147473019
 0.1339772819288145
 0.1339831570418655
 0.1339427428388086
 0.1338929710862771
 0.1339032229670516
 0.1339677732602953
 0.1338564303234109
 0.1339478669889306
 0.133963667197745
 0.133997755013083
 0.1339758430505364
 0.133992672991034
 0.1339581862856536
 0.1339571025683525
 0.1339380728337003
 0.1340086456476777
 0.1339993713755675
 0.1339533005059407
 0.1339106663234245
 0.1340103381460844
 0.134000710092374
 0.1339817634675929
 0.1340093282616292
 0.1339984728660218
 0.1340126514745514
 0.1339805533281622
 0.1339965149200883
 0.1339823437665478
 0.1339618899348809
 0.1339948563863837
 0.1338819757123723
 0.1339621325142884
 0.133971683482131
 0.1340222684455973
 0.1340087022570224
 0.1339827944221811
 0.1339883070191826
 0.1339580535492183
 0.134022525329339
 0.1340182253651291
 0.1339980912697308
 0.1339955703385331
 0.1340163002363791
 0.1340098671231927
 0.1340091954090225
 0.1340108185524896
 0.134004851059194
 0.1339918831511357
 0.1339937089308201
 0.1338577558120923
 0.1339592239674371
 0.1339922469777861
 0.134013187261151
 0.1339841354682527
 0.1340201392159485
 0.133966796964725
 0.1339043629437092
 0.1339795274679783
 0.1339012038619776
 0.1339855834654865
 0.1339917036801873
 0.1340283014592077
 0.1339939964979038
 0.1340092243376342
 0.1339306749710872
 0.1339816733529893
 0.1340143022024095
 0.1340154705063871
 0.1340198964167157
 0.1340267090253714
 0.1339652667010925
 0.1338924797890785
 0.1340168328919922
 0.1339631505502095
 0.1340024534674458
 0.1339548913350965
 0.1339640164684271
 0.133912203177171
 0.1339980551372406
 0.1340104248807262
 -0.2050771167890802
 -0.3969586955644816
 -0.3284554636244339
 -0.2262272848141007
 -0.01772263015793721
 -0.02140517692448579
 -0.004657184536764003
 0.05901107446341219
 0.02802259805050825
 0.02929217927428324
 0.02934492067024994
 0.0291886292838186
 0.01380481195447819
 0.02676837375366109
 0.02782219845747597
 0.02936032918289999
 0.03097692345903758
 0.03072728402789013
 0.03109509147742734
 0.0308011918297684
 0.03038481432311727
 0.02975765886039639
 0.03138371373558446
 0.03156191394066191
 0.03168387449144763
 0.03167339719008438
 0.03164533882556858
 0.03166761969182483
 0.03172859773465966
 0.03161259119252777
 0.03164644817180287
 0.03163720669602643
 0.03172258789210228
 0.03167785718976315
 0.03169582053611264
 0.03172033420687839
 0.03169349645603844
 0.03168968396501348
 0.03175831633031831
 0.03172805475022267
 0.03172740972223087
 0.03193095308677607
 0.03177532751829473
 0.03172697855738668
 0.03172748798202155
 0.03172719241926908
 0.03175145841337673
 0.03172431067771783
 0.03172434897531945
 0.03172126884322585
 0.03173533777593135
 0.03172943044231738
 0.03173054434496261
 0.0317285113458361
 0.03172885770212888
 0.03173874371538601
 0.03172957371660004
 0.03173938590201295
 0.03173638129554859
 0.03194198355976685
 0.03173391799810357
 0.03174480414650144
 0.03173127369993942
 0.03174518451780187
 0.03174187652239557
 0.03172988662791679
 0.03172957667263646
 0.03173008002054303
 0.03172914774454455
 0.03173480014728744
 0.03172940955654061
 0.03173046469149793
 0.03172998885034908
 0.0320788128643815
 0.03173634549055379
 0.03177536057405794
 0.03174397893020195
 0.03173147060717621
 0.0317304765784561
 0.03172924228512541
 0.03172916216879246
 0.0317293760466652
 0.03173198536287514
 0.03173243551556018
 0.03174901425044938
 0.03176025119081863
 0.03172936772229379
 0.03173112800344749
 0.0317431968842132
 0.03172936727723102
 0.03173015783335909
 0.03173018178072096
 0.0317319699143726
 0.03175400689492502
 0.03172906259247282
 0.03173949726955824
 0.03175269677219461
 0.03179100803298981
 0.03173064415743634
 0.03173144945725348
 -0.1089143579034674
 -0.1231780488406925
 -0.04841233465502703
 -0.2823832188760957
 -0.1353205860574504
 -0.1426299996013064
 -0.2192650056832186
 -0.04357468865487742
 -0.1726103415956547
 -0.1568653288133761
 -0.1293139750000364
 -0.2695353848381206
 -0.2701732414145752
 -0.1400755451533912
 -0.1734579257210657
 -0.2370331021580952
 -0.06628627697217024
 -0.1051938226041287
 -0.1430125295861008
 -0.05804248755778995
 -0.1443515871739427
 -0.0422193235429877
 -0.1162150657898768
 -0.01623221216389026
 -0.1780290848241926
 -0.03793397886674417
 -0.0828448239793716
 -0.04920757995078691
 -0.002694111717470636
 -0.01989815088991189
 -0.01664418680404442
 -0.03438485243794166
 -0.04020498109074533
 -0.02008788593199735
 -0.01685295582763808
 -0.02416086156218703
 -0.0198219535299401
 -0.03170224362675171
 -0.0161415753613396
 -0.03955697696241049
 -0.004479287871510254
 -0.01084975377924162
 -0.01283372506437654
 -0.08645769130578206
 -0.04810175290147869
 -0.05565381347116893
 -0.01909457710699448
 -0.04123049808304537
 -0.01749111029492004
 -0.00430758600597946
 -0.0004270539881326349
 -0.0002397112672939128
 -0.0001882722789088918
 -5.642755289395345e-05
 -0.0002079059688475317
 -7.834276551707672e-05
 -2.211878598411742e-05
 -6.310971739160749e-06
 -4.672463039280365e-05
 -0.0001221694737750818
 -1.255783758511873e-05
 -5.816236794129511e-06
 -4.392933644189068e-06
 -5.294995141726273e-07
 -8.830607907126583e-07
 -7.768660145075768e-07
 -4.379076350299015e-07
 -9.807562303546305e-07
 -5.956998566968366e-07
 -4.482542793034575e-07
 -1.406471444114453e-07
 -2.823097929155992e-07
 -1.11679100804141e-07
 -5.479274092301881e-08
 -6.484300424077286e-08
 -4.773172756567315e-08
 -5.882100486591726e-08
 -1.968350779352375e-08
 -8.909395712505819e-09
 -1.986279601733087e-09
 -1.284153694838808e-09
 -1.586740972555484e-09
 -3.257276712893484e-10
 -3.189980900958345e-10
 -5.424895272793922e-10
 -8.899944062973342e-11
 -3.43117357443079e-11
 -2.012160511995209e-11
 -2.940440209028838e-11
 -4.436162450837527e-11
 -1.384342597152144e-11
 -1.222506471054707e-11
 -1.616719204258071e-11
 -3.73189964174292e-11
 -1.605519092239688e-10
 -3.447870114414719e-11
 -5.526698369784366e-11
 -5.959910516495359e-11
 -2.010775049070268e-10
 -2.392283380940607e-10


