# Created by Octave 4.0.0, Fri Apr 20 17:14:10 2018 CEST <olethros@olethros-OptiPlex-9010>
# name: PU
# type: matrix
# ndims: 3
 100 5 2
 0.4727658057044392
 0.4649940349943953
 0.5905167329670703
 0.6221275102971963
 0.641117940234959
 0.6711373810743211
 0.6711261503548912
 0.6711576451675583
 0.6711679438034551
 0.6711714421007817
 0.6711733582268896
 0.6711731636851249
 0.6711732885032147
 0.6711732843136285
 0.6711732757673654
 0.6711734682604735
 0.671173467048743
 0.6711734123617821
 0.6711734612899353
 0.6711734989684714
 0.6711735015638166
 0.6711735017301108
 0.6711735017324199
 0.6711735017256594
 0.6711735017499059
 0.6711735017500134
 0.6711735017515051
 0.6711735017578928
 0.6711735017582315
 0.6711735017584664
 0.6711735017588543
 0.671173501758924
 0.6711735017589995
 0.6711735017590156
 0.6711735017590182
 0.6711735017590087
 0.6711735017590215
 0.6711735017590217
 0.6711735017590218
 0.6711735017590217
 0.6711735017590217
 0.6711735017590217
 0.6711735017590218
 0.6711735017590218
 0.6711735017590218
 0.6711735017590218
 0.6711735017590218
 0.6711735017590218
 0.6711735017590218
 0.6711735017590218
 0.6711735017590218
 0.6711735017590218
 0.6711735017590218
 0.6711735017590218
 0.6711735017590218
 0.6711735017590218
 0.6711735017590218
 0.6711735017590218
 0.6711735017590218
 0.6711735017590218
 0.6711735017590218
 0.6711735017590218
 0.6711735017590218
 0.6711735017590218
 0.6711735017590218
 0.6711735017590218
 0.6711735017590218
 0.6711735017590218
 0.6711735017590218
 0.6711735017590218
 0.6711735017590218
 0.6711735017590218
 0.6711735017590218
 0.6711735017590218
 0.6711735017590218
 0.6711735017590218
 0.6711735017590218
 0.6711735017590218
 0.6711735017590218
 0.6711735017590218
 0.6711735017590218
 0.6711735017590218
 0.6711735017590218
 0.6711735017590218
 0.6711735017590218
 0.6711735017590218
 0.6711735017590218
 0.6711735017590218
 0.6711735017590218
 0.6711735017590218
 0.6711735017590218
 0.6711735017590218
 0.6711735017590218
 0.6711735017590218
 0.6711735017590218
 0.6711735017590218
 0.6711735017590218
 0.6711735017590218
 0.6711735017590218
 0.6711735017590218
 0.4625583255477117
 0.5976504878843749
 0.4030717821996606
 0.559285793401387
 0.6533995193970891
 0.6559812757872375
 0.6711421440922091
 0.6711331276687339
 0.6711429763478997
 0.6711718306551784
 0.6711715851948635
 0.671173376370217
 0.6711732126277512
 0.6711731648428982
 0.6711734078819679
 0.6711733997402429
 0.6711734827947267
 0.6711734891859429
 0.6711734662358939
 0.6711734062421024
 0.6711734580868186
 0.6711734272162003
 0.6711734678767275
 0.6711734105678985
 0.6711734363087598
 0.6711734972598495
 0.6711734970447356
 0.6711734901528377
 0.6711734968981178
 0.6711735014246336
 0.6711735014308176
 0.6711735012103133
 0.6711735002735282
 0.6711735012745967
 0.6711735015561885
 0.6711735012311858
 0.6711735015200497
 0.6711735016500366
 0.6711735017180991
 0.6711735016892818
 0.6711735017272163
 0.6711735017543446
 0.6711735017449605
 0.6711735017544362
 0.6711735017573
 0.6711735017587686
 0.6711735017589266
 0.6711735017589823
 0.6711735017589243
 0.6711735017589839
 0.671173501758992
 0.6711735017590081
 0.6711735017590165
 0.6711735017590198
 0.6711735017590209
 0.6711735017590216
 0.6711735017590217
 0.6711735017590217
 0.6711735017590217
 0.6711735017590217
 0.6711735017590218
 0.6711735017590218
 0.6711735017590218
 0.6711735017590218
 0.6711735017590218
 0.6711735017590218
 0.6711735017590218
 0.6711735017590218
 0.6711735017590218
 0.6711735017590218
 0.6711735017590218
 0.6711735017590218
 0.6711735017590218
 0.6711735017590218
 0.6711735017590218
 0.6711735017590218
 0.6711735017590218
 0.6711735017590218
 0.6711735017590218
 0.6711735017590218
 0.6711735017590218
 0.6711735017590218
 0.6711735017590218
 0.6711735017590218
 0.6711735017590218
 0.6711735017590218
 0.6711735017590218
 0.6711735017590218
 0.6711735017590218
 0.6711735017590218
 0.6711735017590218
 0.6711735017590218
 0.6711735017590218
 0.6711735017590218
 0.6711735017590218
 0.6711735017590218
 0.6711735017590218
 0.6711735017590218
 0.6711735017590218
 0.6711735017590218
 0.4686524151832745
 0.4682143356376607
 0.4825066528701684
 0.5370367886829741
 0.6662769087502195
 0.6671349230752628
 0.6679056678019309
 0.6653128355647937
 0.6666602805513182
 0.6675567539143149
 0.6647430780212565
 0.6646425423461719
 0.6651523378347174
 0.6703768260205414
 0.6698696798909116
 0.6704003917530181
 0.6704978024178654
 0.6707600754938881
 0.6706499854484548
 0.6707972700565894
 0.6708854414477499
 0.6709529828243804
 0.670893051056311
 0.6707577254299997
 0.6708891124444518
 0.6707087564172016
 0.6708779144195359
 0.6708765447064468
 0.6709600170054731
 0.6710166706692355
 0.6707886751674954
 0.6710487559758078
 0.6708504459971448
 0.6709413872285483
 0.6707163571357004
 0.670680227454889
 0.670945397350507
 0.670817868017404
 0.6709326172069537
 0.670904900964169
 0.6709352915361538
 0.6708857632330862
 0.6710484374624033
 0.6709204484524268
 0.6708769760197753
 0.6709239896133398
 0.6707593198186275
 0.6710286168779321
 0.6708542275127534
 0.6707806796189446
 0.6708880299691427
 0.6709178201704075
 0.6707926596248625
 0.6709848985101062
 0.6709266656884314
 0.6708898023709374
 0.6707861792997457
 0.6707004163237144
 0.6708792570711477
 0.670722648238577
 0.6709796715215459
 0.6709486924567603
 0.6708945008482378
 0.6709744323382972
 0.6707882970598444
 0.6709169654684156
 0.6710057797907479
 0.6708271766852787
 0.6709571180215055
 0.6707418533715376
 0.670815585113862
 0.6708189031972197
 0.6708293923524437
 0.671048526248101
 0.6709161494363227
 0.6708703572039942
 0.6708489782472205
 0.670667216336375
 0.6709057120207257
 0.6710157198154622
 0.6709924337715134
 0.670908153104595
 0.670796970229918
 0.670682575868873
 0.670889833137466
 0.6708543447666652
 0.670905819016881
 0.6710482552842554
 0.6708763366086228
 0.6710484070714084
 0.6706711467573843
 0.6708494174274833
 0.6710168233695861
 0.6710490934525907
 0.6709819768557336
 0.6709183025880865
 0.6708486170178533
 0.6708794473985089
 0.670914054957939
 0.6709292596512618
 0.4862903021820827
 0.4970944139783446
 0.5004894461402738
 0.6186425685204483
 0.6324403520225456
 0.6422209157650774
 0.6427336719072386
 0.6427466672178493
 0.6428356050841877
 0.6429597830941174
 0.6424890592924989
 0.6429656346345877
 0.6428093143662887
 0.6428940614077315
 0.6426222058194608
 0.6428153907457903
 0.6428593854657765
 0.6428520601869234
 0.6430538516147658
 0.6429012533641815
 0.6428397311145301
 0.6428200926501989
 0.6427385449317726
 0.642994195100353
 0.6424490281084227
 0.6426631004136595
 0.6428708448534937
 0.6427448152444942
 0.6427697071954668
 0.6427378915015216
 0.6430010357505396
 0.6427768236700551
 0.6427972764844945
 0.6430298929941591
 0.6426913765595272
 0.6424224913862281
 0.642832202894939
 0.6425801475464417
 0.6428324548565261
 0.6426763323689377
 0.6426852564256692
 0.6430406792367432
 0.6425177288702429
 0.642923432932355
 0.6428278874739463
 0.6426063731787285
 0.6426005488115081
 0.6430189261367336
 0.6429739971470996
 0.6429412368580122
 0.6428931308825496
 0.6429199967770927
 0.6428212206194132
 0.6429296552353569
 0.6429853251132326
 0.6429807603496499
 0.6429277746148444
 0.6428737656633754
 0.6427677047656516
 0.6429459955485469
 0.6429030408054741
 0.6428429198340102
 0.6430402345575826
 0.6427925118293425
 0.6427532522808532
 0.6427490132186271
 0.6429341076169148
 0.6426477036099775
 0.642945126872018
 0.6428102989078815
 0.6428146239507719
 0.642979383191182
 0.6424278720726283
 0.6428049322195631
 0.6428731823375731
 0.642591282242868
 0.6430297339451663
 0.6428442225454289
 0.6428089249845386
 0.6428765746682125
 0.6428032725696932
 0.6428664055313293
 0.6426547135611841
 0.6429666258436084
 0.6428733281697073
 0.6428502250992224
 0.6428415928669319
 0.6427941670231384
 0.6425697146552105
 0.6430580830702247
 0.6430328832317622
 0.6428855814044512
 0.6428461166043129
 0.643054721026691
 0.6428712471492338
 0.643021956809266
 0.6430500586575988
 0.6429339654805405
 0.6430532234615961
 0.6425779025031084
 0.4993118436000078
 0.4969518819341505
 0.5020916415148206
 0.5052697064324293
 0.5105455259902807
 0.4664245018167755
 0.4798481055417281
 0.4770767354863816
 0.5144324592795194
 0.5126489701930876
 0.5342127318076777
 0.489809163319106
 0.4959447334105991
 0.5095511449893037
 0.5357385598553549
 0.5572327332416633
 0.4974527590421597
 0.5224438342713527
 0.4646419452005623
 0.5586999261436794
 0.4936080628938679
 0.5323186185155475
 0.4663706134236497
 0.4948192491697789
 0.5455183761715268
 0.5559539962381651
 0.5458616313555058
 0.4924147049627919
 0.4871566849282698
 0.5123721763370707
 0.489334926272147
 0.5199641494798064
 0.4872361120374633
 0.4672915692924247
 0.46155279538768
 0.5240701487041568
 0.478981674386761
 0.4788393220234871
 0.516501480672126
 0.4855506955977984
 0.4911171966895764
 0.4642038061314532
 0.452806605836173
 0.443451473866181
 0.4877538702372432
 0.5054354622087845
 0.4813174701792029
 0.4979683007884025
 0.4773853815173016
 0.5453765268676762
 0.5245270039031695
 0.5022477950789935
 0.5092969739643285
 0.4654927408240622
 0.5168238501408484
 0.5390273559303383
 0.5286206121628964
 0.5196750181890331
 0.4856655887623136
 0.4793635840324509
 0.5199133242771665
 0.4879881889356226
 0.5383852014467434
 0.4933762082043553
 0.4931407811338063
 0.4705750079803246
 0.4761676653336094
 0.4377531840164963
 0.4887701084404135
 0.4819625421918176
 0.5014523861581286
 0.5442981718241389
 0.5130667097528122
 0.4784292729962242
 0.5122941134872208
 0.4619999739445251
 0.5168271708788886
 0.4506722305922432
 0.5039498923004199
 0.460246189936124
 0.5016275996441679
 0.507614607870561
 0.4753561430301732
 0.5237173468918792
 0.4752379919856431
 0.4621281853309951
 0.4506351532784441
 0.5431091336865896
 0.5342649282027372
 0.500776544701133
 0.4691711517178297
 0.5175284232596108
 0.4707408612729053
 0.4970435768565757
 0.4532750905654281
 0.4844702416628087
 0.4884444624959995
 0.489733821038916
 0.4580315179694285
 0.5225854260052644
 0.4505028989207929
 0.5156216093453525
 0.6711735017590218
 0.6711735017590218
 0.6711735017590218
 0.6711735017590218
 0.6711735017590218
 0.6711735017590218
 0.6711735017590218
 0.6711735017590218
 0.6711735017590218
 0.6711735017590218
 0.6711735017590218
 0.6711735017590218
 0.6711735017590218
 0.6711735017590218
 0.6711735017590218
 0.6711735017590218
 0.6711735017590218
 0.6711735017590218
 0.6711735017590218
 0.6711735017590218
 0.6711735017590218
 0.6711735017590218
 0.6711735017590218
 0.6711735017590218
 0.6711735017590218
 0.6711735017590218
 0.6711735017590218
 0.6711735017590218
 0.6711735017590218
 0.6711735017590218
 0.6711735017590218
 0.6711735017590218
 0.6711735017590218
 0.6711735017590218
 0.6711735017590218
 0.6711735017590218
 0.6711735017590218
 0.6711735017590218
 0.6711735017590218
 0.6711735017590218
 0.6711735017590218
 0.6711735017590218
 0.6711735017590218
 0.6711735017590218
 0.6711735017590218
 0.6711735017590218
 0.6711735017590218
 0.6711735017590218
 0.6711735017590218
 0.6711735017590218
 0.6711735017590218
 0.6711735017590218
 0.6711735017590218
 0.6711735017590218
 0.6711735017590218
 0.6711735017590218
 0.6711735017590218
 0.6711735017590218
 0.6711735017590218
 0.6711735017590218
 0.6711735017590218
 0.6711735017590218
 0.6711735017590218
 0.6711735017590218
 0.6711735017590218
 0.6711735017590218
 0.6711735017590218
 0.6711735017590218
 0.6711735017590218
 0.6711735017590218
 0.6711735017590218
 0.6711735017590218
 0.6711735017590218
 0.6711735017590218
 0.6711735017590218
 0.6711735017590218
 0.6711735017590218
 0.6711735017590218
 0.6711735017590218
 0.6711735017590218
 0.6711735017590218
 0.6711735017590218
 0.6711735017590218
 0.6711735017590218
 0.6711735017590218
 0.6711735017590218
 0.6711735017590218
 0.6711735017590218
 0.6711735017590218
 0.6711735017590218
 0.6711735017590218
 0.6711735017590218
 0.6711735017590218
 0.6711735017590218
 0.6711735017590218
 0.6711735017590218
 0.6711735017590218
 0.6711735017590218
 0.4427640121350818
 0.4844751739873671
 0.4844751739873671
 0.5351959829689639
 0.6348417491239745
 0.484267356676368
 0.5694969111320838
 0.6711735017590218
 0.6711735017590218
 0.6711735017590218
 0.6711735017590218
 0.6711735017590218
 0.6711735017590218
 0.6711735017590218
 0.6711735017590218
 0.6711735017590218
 0.6711735017590218
 0.6711735017590218
 0.6711735017590218
 0.6711735017590218
 0.6711735017590218
 0.6711735017590218
 0.6711735017590218
 0.6711735017590218
 0.6711735017590218
 0.6711735017590218
 0.6711735017590218
 0.6711735017590218
 0.6711735017590218
 0.6711735017590218
 0.6711735017590218
 0.6711735017590218
 0.6711735017590218
 0.6711735017590218
 0.6711735017590218
 0.6711735017590218
 0.6711735017590218
 0.6711735017590218
 0.6711735017590218
 0.6711735017590218
 0.6711735017590218
 0.6711735017590218
 0.6711735017590218
 0.6711735017590218
 0.6711735017590218
 0.6711735017590218
 0.6711735017590218
 0.6711735017590218
 0.6711735017590218
 0.6711735017590218
 0.6711735017590218
 0.6711735017590218
 0.6711735017590218
 0.6711735017590218
 0.6711735017590218
 0.6711735017590218
 0.6711735017590218
 0.6711735017590218
 0.6711735017590218
 0.6711735017590218
 0.6711735017590218
 0.6711735017590218
 0.6711735017590218
 0.6711735017590218
 0.6711735017590218
 0.6711735017590218
 0.6711735017590218
 0.6711735017590218
 0.6711735017590218
 0.6711735017590218
 0.6711735017590218
 0.6711735017590218
 0.6711735017590218
 0.6711735017590218
 0.6711735017590218
 0.6711735017590218
 0.6711735017590218
 0.6711735017590218
 0.6711735017590218
 0.6711735017590218
 0.6711735017590218
 0.6711735017590218
 0.6711735017590218
 0.6711735017590218
 0.6711735017590218
 0.6711735017590218
 0.6711735017590218
 0.6711735017590218
 0.6711735017590218
 0.6711735017590218
 0.6711735017590218
 0.6711735017590218
 0.6711735017590218
 0.6711735017590218
 0.6711735017590218
 0.6711735017590218
 0.6711735017590218
 0.6711735017590218
 0.6711735017590218
 0.6711735017590218
 0.4532718724903085
 0.5020246252315457
 0.6028309509986575
 0.5643128196675329
 0.6711735017590218
 0.6711735017590218
 0.6711735017590218
 0.6711735017590218
 0.6711735017590218
 0.6711735017590218
 0.6711735017590218
 0.6711735017590218
 0.6711735017590218
 0.6711735017590218
 0.6708933663828807
 0.6710331755612203
 0.6709160087876533
 0.6709700150811179
 0.6708709853149388
 0.670887280271534
 0.67090160308141
 0.6706609423625439
 0.6708232383057937
 0.6707773069597416
 0.6708685368063476
 0.670743825194981
 0.670791886712235
 0.6707867584722099
 0.6710433407815288
 0.6707315906816048
 0.6707585964910094
 0.6709261885477515
 0.6706908453049703
 0.6708787496821416
 0.670764408796798
 0.6709242765306797
 0.6708437393641368
 0.6709232331715601
 0.6710484563387922
 0.6710308368225498
 0.6709223646901208
 0.6710489407799866
 0.6708865831714662
 0.6709811531988699
 0.6709663955775115
 0.6710146852006746
 0.6708737443276236
 0.6708853976214962
 0.6707656393734444
 0.6707763854602374
 0.6708284339061564
 0.6708398633639473
 0.6709728419826054
 0.6710182789087042
 0.6709178321853602
 0.6709732996342866
 0.6710487080160168
 0.6708642483701166
 0.6708549068838676
 0.6709446309623288
 0.6708571633149204
 0.6710487104591428
 0.6708836725579722
 0.6710479728499115
 0.6707684765289729
 0.6707325785944545
 0.6708640595638637
 0.6710003394571679
 0.6709515268739839
 0.6707659108987628
 0.6709073625363785
 0.670999204296632
 0.6709691068530672
 0.6707654367169118
 0.6708823490632631
 0.6709241413529058
 0.6710470845262368
 0.6708562075588167
 0.6708598409316218
 0.6710431743807741
 0.6710294692462789
 0.670819931729059
 0.6708980984584427
 0.6710425282106706
 0.6708693433082477
 0.6709692686642915
 0.6709228652984637
 0.6708282883174539
 0.6706704528921033
 0.6709817108611378
 0.6708511987371668
 0.670834805526238
 0.6708337932650748
 0.6709935120927432
 0.6708209301848608
 0.6709085683773477
 0.6708099327227786
 0.6709517501033381
 0.6707533567087368
 0.6707740484687671
 0.4522950213518998
 0.5801733805970024
 0.4143463354251489
 0.4098959051208436
 0.4112782433293704
 0.4150431905219891
 0.415987483870056
 0.4175598119606082
 0.4158876646632295
 0.415989420256754
 0.4212329516301739
 0.4163510464554118
 0.4400317148473982
 0.5186236457798008
 0.6346474384787402
 0.6351187721025816
 0.6233336960241486
 0.6310630547423222
 0.6334905002150973
 0.6390756640693499
 0.6346406668504531
 0.6210307676165421
 0.4694508189580545
 0.4407408029098081
 0.6399072695832566
 0.6335838023989416
 0.4693201949943662
 0.6156912569482844
 0.476292902514113
 0.6318913204081368
 0.6427502075219869
 0.6427435642790451
 0.6427983825898994
 0.6427181116659244
 0.6427780130573681
 0.6425852315438213
 0.6427286061401684
 0.6430127439085522
 0.6428530514545291
 0.6429548459717416
 0.6430511723528405
 0.6428472352339184
 0.6428655223349828
 0.6428628849367413
 0.6430220722887924
 0.6429485510940166
 0.6428699315544937
 0.6426398927511239
 0.6426171294765292
 0.642975310530956
 0.6427907986746394
 0.6428868206281647
 0.6429187327277996
 0.6427172585742282
 0.6427941936131978
 0.6426943730295152
 0.6427657405058127
 0.6429938190373822
 0.642794357276105
 0.6427626218459388
 0.6429582022498965
 0.6427617846246226
 0.6429227258770076
 0.6428641728085546
 0.6428716351287074
 0.6428424213357752
 0.6429393752198747
 0.6429640282521334
 0.6428419947615381
 0.6430119259444876
 0.6429393471167156
 0.6429940494849947
 0.6429337559540235
 0.6427843960541992
 0.6429209965856483
 0.6428689864378166
 0.6428577093507264
 0.6428567790024217
 0.6428257812316321
 0.6428647837050799
 0.6428051576914109
 0.6428620472913917
 0.6429533342753598
 0.6426932341603214
 0.6425911083397975
 0.6425812838455905
 0.6429107654492549
 0.6428234307190666
 0.6428903311685847
 0.6429928263121012
 0.6428759848364674
 0.6427961180244689
 0.6429103164863008
 0.6430107198597935
 0.6426564898150292
 0.6428259109515585
 0.6428171052681346
 0.6428840081240644
 0.6428203932515772
 0.6428972996961655
 0.4727398059925094
 0.4876415621127356
 0.4982291086339109
 0.5165779307985507
 0.4835303909461596
 0.4753073697080052
 0.500682389512934
 0.513376735563515
 0.5238143634964519
 0.4959957314134993
 0.5124046921450431
 0.4918980472156874
 0.5027747516265177
 0.4573801013258094
 0.5045168191878002
 0.495326301044227
 0.4740231480832142
 0.531584910762931
 0.473840985774472
 0.4968761852601389
 0.5095005784584611
 0.5104585367990256
 0.5417819858325859
 0.5643695261450322
 0.4982704832269449
 0.5013254265267437
 0.4874788515869724
 0.4906453415591643
 0.4692737965727906
 0.51440683313475
 0.4929055611938992
 0.5024197116339981
 0.4808920514921921
 0.4840965891501514
 0.5166910889718654
 0.5023144573203464
 0.5306038276528597
 0.4801082428326222
 0.5633388294091036
 0.5190243242815121
 0.5019000687251254
 0.5124965749923319
 0.4885065005551277
 0.5326321093448859
 0.4641180038955803
 0.5073044760250073
 0.5144541456178039
 0.543871691326587
 0.5155630927847633
 0.4878671087200082
 0.5053774014926053
 0.4799394853778673
 0.5331164731368569
 0.4877707130404127
 0.4865470863382921
 0.518909675609078
 0.5150784109720656
 0.5359273032868996
 0.4793155338168786
 0.5240777521391297
 0.5266900102783003
 0.4847694679254443
 0.4794394945669562
 0.5067497758185299
 0.5212519515914571
 0.4877007251407575
 0.4966203181204801
 0.4901374649974527
 0.4678514483081411
 0.4765288000409868
 0.4923517969235564
 0.4327527191701943
 0.5009771196906103
 0.5069437296628212
 0.4765678547160997
 0.5354215798564094
 0.5050099382050713
 0.4899295201708296
 0.5211607576154813
 0.5194921069930039
 0.4834495208928523
 0.4874159188307339
 0.5255125730942504
 0.4713330758140261
 0.5219447009516174
 0.4939302748456814
 0.4809497076542641
 0.5122076559937728
 0.5475110461596895
 0.4795433190003139
 0.5247340495589413
 0.4945066710555944
 0.4988661748915627
 0.5238435341130117
 0.5473583036093969
 0.4148665228771075
 0.4834591606155025
 0.5246808165111944
 0.4701633011009253
 0.5217302506502898


# name: PF
# type: matrix
# ndims: 3
 100 5 2
 0.4423849059577191
 0.5388001067499992
 0.520423341470751
 0.1733147255321364
 0.5231921331242058
 0.4117094549870497
 0.4117015563119852
 0.4117211911699927
 0.4117230404584374
 0.4117226865319532
 0.4117228744194792
 0.4117228911334137
 0.411722897655008
 0.4117229016888966
 0.4117229021324471
 0.4117229042792391
 0.4117229042508638
 0.4117229027301867
 0.4117229042029943
 0.4117229052980782
 0.4117229053757697
 0.4117229053788996
 0.4117229052512041
 0.4117229052545608
 0.4117229053365677
 0.4117229053545661
 0.4117229053777524
 0.4117229053767106
 0.411722905377182
 0.4117229053777675
 0.4117229053795941
 0.4117229053799642
 0.411722905380399
 0.4117229053804887
 0.411722905380501
 0.4117229053804427
 0.4117229053805195
 0.4117229053805195
 0.4117229053805196
 0.4117229053805194
 0.4117229053805194
 0.4117229053805194
 0.4117229053805196
 0.4117229053805196
 0.4117229053805196
 0.4117229053805196
 0.4117229053805196
 0.4117229053805196
 0.4117229053805196
 0.4117229053805196
 0.4117229053805196
 0.4117229053805196
 0.4117229053805196
 0.4117229053805196
 0.4117229053805196
 0.4117229053805196
 0.4117229053805196
 0.4117229053805196
 0.4117229053805196
 0.4117229053805196
 0.4117229053805196
 0.4117229053805196
 0.4117229053805196
 0.4117229053805196
 0.4117229053805196
 0.4117229053805196
 0.4117229053805196
 0.4117229053805196
 0.4117229053805196
 0.4117229053805196
 0.4117229053805196
 0.4117229053805196
 0.4117229053805196
 0.4117229053805196
 0.4117229053805196
 0.4117229053805196
 0.4117229053805196
 0.4117229053805196
 0.4117229053805196
 0.4117229053805196
 0.4117229053805196
 0.4117229053805196
 0.4117229053805196
 0.4117229053805196
 0.4117229053805196
 0.4117229053805196
 0.4117229053805196
 0.4117229053805196
 0.4117229053805196
 0.4117229053805196
 0.4117229053805196
 0.4117229053805196
 0.4117229053805196
 0.4117229053805196
 0.4117229053805196
 0.4117229053805196
 0.4117229053805196
 0.4117229053805196
 0.4117229053805196
 0.4117229053805196
 0.4452359351120025
 0.6671400221210275
 0.322754664846359
 0.09710053180121503
 0.539771461442342
 0.7409290557229977
 0.4117945257324504
 0.4118183620061426
 0.4118044929696033
 0.4117270781140217
 0.4117280606570154
 0.4117230834709124
 0.4117236915674127
 0.4117238375548989
 0.4117229429136963
 0.411722973544222
 0.4117229101168653
 0.4117229085339251
 0.4117229156887092
 0.4117229371664388
 0.4117229197443229
 0.411722929864333
 0.4117229163569762
 0.4117229355561863
 0.4117229270431573
 0.411722906874744
 0.4117229069548606
 0.4117229092652532
 0.4117229070061958
 0.4117229054923936
 0.4117229054903074
 0.4117229055642594
 0.4117229058780416
 0.411722905542778
 0.4117229054484574
 0.4117229055573214
 0.4117229054605646
 0.4117229054170246
 0.4117229053942268
 0.4117229054038794
 0.4117229053911729
 0.4117229053820863
 0.4117229053852293
 0.4117229053820555
 0.4117229053810963
 0.4117229053806044
 0.4117229053805515
 0.4117229053805327
 0.4117229053805522
 0.4117229053805321
 0.4117229053805295
 0.411722905380524
 0.4117229053805213
 0.4117229053805203
 0.4117229053805198
 0.4117229053805197
 0.4117229053805195
 0.4117229053805196
 0.4117229053805196
 0.4117229053805195
 0.4117229053805196
 0.4117229053805196
 0.4117229053805196
 0.4117229053805196
 0.4117229053805196
 0.4117229053805196
 0.4117229053805196
 0.4117229053805196
 0.4117229053805196
 0.4117229053805196
 0.4117229053805196
 0.4117229053805196
 0.4117229053805196
 0.4117229053805196
 0.4117229053805196
 0.4117229053805196
 0.4117229053805196
 0.4117229053805196
 0.4117229053805196
 0.4117229053805196
 0.4117229053805196
 0.4117229053805196
 0.4117229053805196
 0.4117229053805196
 0.4117229053805196
 0.4117229053805196
 0.4117229053805196
 0.4117229053805196
 0.4117229053805196
 0.4117229053805196
 0.4117229053805196
 0.4117229053805196
 0.4117229053805196
 0.4117229053805196
 0.4117229053805196
 0.4117229053805196
 0.4117229053805196
 0.4117229053805196
 0.4117229053805196
 0.4117229053805196
 0.3644871043903049
 0.3418656106593341
 0.4529256855420748
 0.1444745529582712
 0.3855423138487854
 0.3865556291719393
 0.3873978941075574
 0.384589484136913
 0.3860398223251473
 0.387015351358884
 0.3839597934341493
 0.3838485344859137
 0.3844121536445115
 0.3970429876418789
 0.3895460142588416
 0.3974741394601577
 0.3992678873617485
 0.4041019639806053
 0.4020697876530116
 0.4047821554426103
 0.4064087692290358
 0.4076544974459739
 0.4065487774993728
 0.4040520876188783
 0.4064761023954328
 0.4031486888411634
 0.4062695836037183
 0.4062443118995797
 0.4077843184776311
 0.4088294576987849
 0.4046230648481244
 0.4094214137968603
 0.4057627029231272
 0.4074405189999605
 0.4032888366115676
 0.4026222637171504
 0.4075145035515017
 0.4051616569656784
 0.4072787168784822
 0.4067673673275939
 0.4073280567923966
 0.4064142866352554
 0.4094155373726786
 0.4070542100000257
 0.4062521673458807
 0.4071195424854334
 0.404081474655647
 0.4090498584078018
 0.4058324698082314
 0.4044755513125484
 0.4064561066780181
 0.407005719630799
 0.4046965758826095
 0.4082432783844632
 0.4071689146101268
 0.4064888065236886
 0.4045770174213981
 0.4029947373261358
 0.4062942514985713
 0.403404904020371
 0.4081468432986023
 0.4075752964627938
 0.4065754908652816
 0.4080501832273977
 0.4046160889392694
 0.4069899508455644
 0.4086285266145467
 0.4053333968066354
 0.407730743533367
 0.403759228240642
 0.4051195386410936
 0.405180755467913
 0.4053742746564379
 0.4094171754201564
 0.4069748954988716
 0.4061300538074568
 0.4057356237243847
 0.4023822156814704
 0.4067823308782224
 0.4088119146449012
 0.4083822998444072
 0.4068273675431789
 0.4047761041929996
 0.4026655906722739
 0.4064893741493452
 0.4058346330788991
 0.4067843048988848
 0.4094121762851086
 0.4062403705590786
 0.4094149766752319
 0.4024547298037267
 0.4057437263605129
 0.4088322746161295
 0.4094276400333922
 0.40818937545603
 0.4070146199736442
 0.4057289592397318
 0.406297762934497
 0.4069362535159337
 0.4072167718084715
 0.1243979138322251
 0.09090612561301295
 0.06576923819788282
 0.09977428858463946
 0.1227858710755065
 0.1898238224320325
 0.1913435414090682
 0.1867925027314965
 0.1955967464790322
 0.1957667905050798
 0.1957674694737444
 0.1957942971090069
 0.1873638994459708
 0.1958012359504724
 0.19580447805117
 0.1958197897397849
 0.1957410926383177
 0.195786194022686
 0.1958218673501775
 0.1910437925859684
 0.1885409870633061
 0.1877448066682647
 0.1958225450758451
 0.1958195952440679
 0.1958179317119759
 0.1958279385123761
 0.1957960583183264
 0.1958181224569041
 0.1856970343243272
 0.1958212315454733
 0.1944827121739361
 0.1859859458215069
 0.1868159919499953
 0.1958234069721524
 0.1958225596070779
 0.1958248157668387
 0.1958275655302901
 0.195810821294443
 0.1882443025306191
 0.1958223856488411
 0.1958193870804933
 0.1956521750940568
 0.1958197792332431
 0.1919297933935456
 0.1880588920241825
 0.1958245939828852
 0.1958155141487177
 0.1958253131182002
 0.1958177536521103
 0.1958204027594614
 0.190707062925709
 0.1917904959875508
 0.1877882556649145
 0.195821646969098
 0.1958212939058085
 0.1958259369173354
 0.1958188329426123
 0.1899212871361515
 0.1958251891916602
 0.19580563520859
 0.1958307925087037
 0.188669126464234
 0.1958205344778327
 0.1958238127525671
 0.1958249442824047
 0.1958049788628743
 0.1958031786266882
 0.1958163033857521
 0.1958166089610205
 0.1958196601603688
 0.1958137393652979
 0.1958189998920236
 0.1958196079834211
 0.1958093464643663
 0.1898975478656984
 0.1958224145112303
 0.1958037763901327
 0.1887220093531115
 0.1872891051768477
 0.1958244863782175
 0.1958310136449931
 0.1958081084226997
 0.195814994287648
 0.1935148740516898
 0.1958220306525057
 0.1958118133592603
 0.1886151953904147
 0.1866900268341011
 0.1958146140090608
 0.1958218521578352
 0.1958211512762977
 0.195800608916372
 0.188798887647242
 0.1957737769309232
 0.1898190284086841
 0.1949553516697745
 0.1957635823589263
 0.1958182906452525
 0.1958196610328295
 0.1958251412368505
 0.0001176942700337295
 0.003312253458074971
 0.001196553008168129
 0.002339282369512221
 0.01048182473557577
 0.01586842276580282
 0.002395209756625521
 0.00224859512984869
 0.0001386779613714783
 0.000453503707160987
 0.0002906516600397549
 0.0002436936553451112
 7.530911092550399e-05
 2.614167986816907e-05
 9.681920533965993e-06
 1.349258749100413e-05
 1.122603955240956e-05
 3.290150604246325e-05
 8.242814095471389e-05
 0.0005887948924241798
 0.0004121247788297297
 1.850771375442629e-05
 4.240704484464661e-05
 2.478644469956423e-05
 4.842274993924721e-05
 3.378691249470919e-06
 3.610480099090069e-06
 4.052301750059883e-08
 2.537847440184371e-08
 1.293699035051499e-07
 7.878990727211432e-09
 1.639565237049334e-10
 7.445846370024434e-11
 6.499241422819324e-11
 7.511768984613809e-12
 1.083023948300621e-11
 4.118615171133655e-12
 1.846578445707792e-13
 1.287164819174791e-14
 8.708311849403572e-15
 7.195632978351796e-15
 8.479328350574633e-15
 8.250344851745695e-15
 8.795048023202412e-15
 8.743006318923108e-15
 8.205242041370298e-15
 8.298917109073045e-15
 4.129509234562789e-15
 8.239936510889834e-15
 8.174017018802715e-15
 4.433953204596719e-15
 8.420347752391422e-15
 8.715250743307479e-15
 8.638922910364499e-15
 8.397796347203723e-15
 4.517219931443606e-15
 2.074729277268261e-15
 8.403000517631654e-15
 8.201772594418344e-15
 3.644654023027272e-15
 8.36136715420821e-15
 4.433953204596719e-15
 8.458511668862911e-15
 8.226058723082019e-15
 8.32320323773672e-15
 4.034966805122053e-15
 1.304512053934559e-15
 4.420075416788904e-15
 8.612902058224847e-15
 5.703770789011742e-15
 8.187894806610529e-15
 8.451572774959004e-15
 8.281569874313277e-15
 2.251671071817896e-15
 8.194833700514437e-15
 8.81239525796218e-15
 2.012279232133096e-15
 2.765149220707031e-15
 8.552186736565659e-15
 8.764690362372818e-15
 8.357897707256257e-15
 8.142791996235133e-15
 8.177486465754669e-15
 8.576472865229334e-15
 8.232997616985926e-15
 4.826000710167477e-15
 9.436895709313831e-16
 8.642392357316453e-15
 8.409939411535561e-15
 8.23646706393788e-15
 8.677086826835989e-15
 8.430756093247282e-15
 6.50347831143705e-15
 8.219119829178112e-15
 8.243405957841787e-15
 8.194833700514437e-15
 8.631984016460592e-15
 8.246875404793741e-15
 8.298917109073045e-15
 6.493069970581189e-15
 0.4207400156701832
 1.372609606162721
 0.4117229053805196
 0.4117229053805196
 0.4117229053805196
 0.4117229053805196
 0.4117229053805196
 0.4117229053805196
 0.4117229053805196
 0.4117229053805196
 0.4117229053805196
 0.4117229053805196
 0.4117229053805196
 0.4117229053805196
 0.4117229053805196
 0.4117229053805196
 0.4117229053805196
 0.4117229053805196
 0.4117229053805196
 0.4117229053805196
 0.4117229053805196
 0.4117229053805196
 0.4117229053805196
 0.4117229053805196
 0.4117229053805196
 0.4117229053805196
 0.4117229053805196
 0.4117229053805196
 0.4117229053805196
 0.4117229053805196
 0.4117229053805196
 0.4117229053805196
 0.4117229053805196
 0.4117229053805196
 0.4117229053805196
 0.4117229053805196
 0.4117229053805196
 0.4117229053805196
 0.4117229053805196
 0.4117229053805196
 0.4117229053805196
 0.4117229053805196
 0.4117229053805196
 0.4117229053805196
 0.4117229053805196
 0.4117229053805196
 0.4117229053805196
 0.4117229053805196
 0.4117229053805196
 0.4117229053805196
 0.4117229053805196
 0.4117229053805196
 0.4117229053805196
 0.4117229053805196
 0.4117229053805196
 0.4117229053805196
 0.4117229053805196
 0.4117229053805196
 0.4117229053805196
 0.4117229053805196
 0.4117229053805196
 0.4117229053805196
 0.4117229053805196
 0.4117229053805196
 0.4117229053805196
 0.4117229053805196
 0.4117229053805196
 0.4117229053805196
 0.4117229053805196
 0.4117229053805196
 0.4117229053805196
 0.4117229053805196
 0.4117229053805196
 0.4117229053805196
 0.4117229053805196
 0.4117229053805196
 0.4117229053805196
 0.4117229053805196
 0.4117229053805196
 0.4117229053805196
 0.4117229053805196
 0.4117229053805196
 0.4117229053805196
 0.4117229053805196
 0.4117229053805196
 0.4117229053805196
 0.4117229053805196
 0.4117229053805196
 0.4117229053805196
 0.4117229053805196
 0.4117229053805196
 0.4117229053805196
 0.4117229053805196
 0.4117229053805196
 0.4117229053805196
 0.4117229053805196
 0.4117229053805196
 0.4117229053805196
 0.4117229053805196
 0.4117229053805196
 0.4289966298441304
 0.4617874870395403
 0.4617874870395403
 0.6560823234256166
 0.3374091408397696
 0.6197672171149464
 0.3463330862904611
 0.4117229053805196
 0.4117229053805196
 0.4117229053805196
 0.4117229053805196
 0.4117229053805196
 0.4117229053805196
 0.4117229053805196
 0.4117229053805196
 0.4117229053805196
 0.4117229053805196
 0.4117229053805196
 0.4117229053805196
 0.4117229053805196
 0.4117229053805196
 0.4117229053805196
 0.4117229053805196
 0.4117229053805196
 0.4117229053805196
 0.4117229053805196
 0.4117229053805196
 0.4117229053805196
 0.4117229053805196
 0.4117229053805196
 0.4117229053805196
 0.4117229053805196
 0.4117229053805196
 0.4117229053805196
 0.4117229053805196
 0.4117229053805196
 0.4117229053805196
 0.4117229053805196
 0.4117229053805196
 0.4117229053805196
 0.4117229053805196
 0.4117229053805196
 0.4117229053805196
 0.4117229053805196
 0.4117229053805196
 0.4117229053805196
 0.4117229053805196
 0.4117229053805196
 0.4117229053805196
 0.4117229053805196
 0.4117229053805196
 0.4117229053805196
 0.4117229053805196
 0.4117229053805196
 0.4117229053805196
 0.4117229053805196
 0.4117229053805196
 0.4117229053805196
 0.4117229053805196
 0.4117229053805196
 0.4117229053805196
 0.4117229053805196
 0.4117229053805196
 0.4117229053805196
 0.4117229053805196
 0.4117229053805196
 0.4117229053805196
 0.4117229053805196
 0.4117229053805196
 0.4117229053805196
 0.4117229053805196
 0.4117229053805196
 0.4117229053805196
 0.4117229053805196
 0.4117229053805196
 0.4117229053805196
 0.4117229053805196
 0.4117229053805196
 0.4117229053805196
 0.4117229053805196
 0.4117229053805196
 0.4117229053805196
 0.4117229053805196
 0.4117229053805196
 0.4117229053805196
 0.4117229053805196
 0.4117229053805196
 0.4117229053805196
 0.4117229053805196
 0.4117229053805196
 0.4117229053805196
 0.4117229053805196
 0.4117229053805196
 0.4117229053805196
 0.4117229053805196
 0.4117229053805196
 0.4117229053805196
 0.4117229053805196
 0.4117229053805196
 0.4117229053805196
 0.4345861396347053
 0.4860790653819538
 0.546266432610505
 0.5746410864477571
 0.4117229053805196
 0.4117229053805196
 0.4117229053805196
 0.4117229053805196
 0.4117229053805196
 0.4117229053805196
 0.4117229053805196
 0.4117229053805196
 0.4117229053805196
 0.4117229053805196
 0.406554560598675
 0.4091339636261654
 0.4069723006076912
 0.4079686872435366
 0.4061416421115386
 0.4064422751663475
 0.4067065231906553
 0.4022664642888475
 0.4052607358548462
 0.4044133275911632
 0.4060964684645162
 0.4037956073068812
 0.4046823160665148
 0.4045877028372302
 0.4093215063923152
 0.4035698872131288
 0.4040681296559029
 0.4071601116250246
 0.402818157254513
 0.4062848904483584
 0.4041753635251353
 0.4071248359536958
 0.4056389691910616
 0.407105586547444
 0.4094158856315683
 0.4090908151742624
 0.4070895635389356
 0.4094248233071798
 0.4064294140505996
 0.4081741794364759
 0.4079019093776535
 0.4087928265668018
 0.4061925443896054
 0.4064075413007688
 0.4041980669925679
 0.4043963264282993
 0.4053565918455918
 0.4055674591032256
 0.4080208420329564
 0.4088591285183721
 0.4070059413001068
 0.4080292854566738
 0.4094205289389881
 0.4060173491568366
 0.4058450038344618
 0.4075003641074427
 0.4058866337557429
 0.4094205740133305
 0.4063757148203519
 0.4094069655256267
 0.4042504109634477
 0.4035881136659652
 0.4060138657845272
 0.4085281554295236
 0.4076275899134418
 0.4042030764864857
 0.406812781991106
 0.4085072123372482
 0.4079519309317456
 0.4041943280901606
 0.4063512970653794
 0.4071223419975528
 0.4093905764387087
 0.4058690005773165
 0.4059360343223443
 0.4093184363892185
 0.409065584138537
 0.405199731318939
 0.4066418648098588
 0.4093065149035116
 0.4061113479843534
 0.4079549162605119
 0.4070987994896137
 0.4053539058134991
 0.4024419283680279
 0.4081844680009257
 0.4057765905518709
 0.4054741447582389
 0.4054554690923048
 0.4084021942825101
 0.4052181522834891
 0.406835029098797
 0.4050152551108815
 0.4076317083731799
 0.4039714585330342
 0.4043532102112853
 0.4349909797926518
 0.4370404593504291
 0.2185407526768412
 0.1652629569679846
 0.2318027299172618
 0.1864120168570456
 0.1852182719476593
 0.1796754364102311
 0.1853422556536292
 0.1860095538070265
 0.1661503167856498
 0.1569316969192524
 0.5678737411921239
 0.3428510925368103
 0.1743493943842933
 0.182800384098401
 0.1369392115248123
 0.1615196200530484
 0.143062455921541
 0.189875814248461
 0.1484402491634328
 0.1315566006000738
 0.43405945430796
 0.7601119886975529
 0.1909843691858699
 0.1432583831257608
 0.4339663117381839
 0.07754711244841006
 0.374265637678237
 0.1474856498298077
 0.1917727966020743
 0.197127677416348
 0.1962692099023831
 0.1958402488755452
 0.1958353383481947
 0.1958418686950838
 0.1958101852370978
 0.1958491756541956
 0.1891335199984355
 0.1931356140122034
 0.1957975140211999
 0.1957579110370308
 0.1896081205087949
 0.1895385660257097
 0.1957967012835477
 0.1958062011668949
 0.189773484675148
 0.1958095907189176
 0.195810297072126
 0.1937921442194444
 0.1865534971641883
 0.1958183285798739
 0.191741436891612
 0.1958116617403854
 0.1866911140195729
 0.1957951661919711
 0.185536069498636
 0.195819300756039
 0.1958098251805995
 0.195818567945845
 0.1932158720772061
 0.1853754836270785
 0.1958230600166453
 0.1958218385313639
 0.1898347693493282
 0.1886488889564764
 0.1925483537716542
 0.1957956242626779
 0.1958200787568718
 0.1958260211745063
 0.1925330385534894
 0.1958196351602682
 0.1958169493076722
 0.1958019090454184
 0.1918254683565097
 0.1897272372594042
 0.1958216214566016
 0.1892312588472889
 0.1879733900781828
 0.1958183949900282
 0.1871361848585492
 0.1958073809067739
 0.1930529654066357
 0.195822252309429
 0.1958244831512415
 0.1958218168044719
 0.1914209200589848
 0.1878779743630109
 0.1905922036356278
 0.1958261201024638
 0.1900113811281492
 0.1958221698631759
 0.195824260226143
 0.1947031647247802
 0.1958150048660779
 0.195774628505736
 0.1876211951750925
 0.1958056543375616
 0.1877546575877793
 0.1958286717143426
 0.1359814920637398
 0.04599213560293008
 0.1853041098782862
 0.2501268379111523
 0.3839353531181711
 0.02762637261082043
 0.101730351739761
 0.0008009439856828671
 0.001174412394638967
 0.001408984419553269
 0.001629609082335563
 0.005825123478583556
 0.005812811177515287
 0.005909851919283796
 0.0002654620692014026
 0.0003884031464266909
 0.0002201807325910646
 6.86644123601074e-06
 1.576001862513016e-05
 9.556736788859932e-06
 2.814956700219334e-07
 1.389000283590069e-06
 3.015649639726004e-08
 3.26132354455666e-09
 2.49102787008848e-11
 1.894611550978809e-10
 4.980313036972994e-11
 1.19334993275988e-11
 1.016688816468658e-11
 2.828039885605094e-12
 1.384725667463726e-13
 1.82425255457197e-13
 1.224784162978665e-13
 7.644926358629789e-14
 2.159383782895929e-14
 1.323507275996505e-14
 4.968248035197576e-15
 7.039507865513883e-15
 8.675352103360012e-15
 5.719383300295533e-15
 8.298917109073045e-15
 8.439429710627167e-15
 8.751679936302992e-15
 8.094219738907782e-15
 3.583938701368083e-15
 8.208711488322251e-15
 8.668413209456105e-15
 4.624772786954168e-15
 8.396061623727746e-15
 8.19830314746639e-15
 8.755149383254945e-15
 8.679688912049954e-15
 5.995204332975845e-15
 5.540706782269922e-15
 8.392592176775793e-15
 8.540043672233821e-15
 8.3995310706797e-15
 8.548717289613705e-15
 7.958911307781591e-15
 6.021225185115497e-15
 8.781170235394598e-15
 8.17851645781853e-15
 8.500145032286355e-15
 8.357897707256257e-15
 8.555656183517613e-15
 8.618106228652778e-15
 3.986394547794703e-15
 8.260753192601555e-15
 4.44436154545258e-15
 3.852820840144489e-15
 8.260753192601555e-15
 6.800116025829084e-15
 3.86843335142828e-15
 8.763823000634829e-15
 2.411265631607762e-15
 8.663209039028175e-15
 8.671882656408059e-15
 8.305856002976952e-15
 2.3037127760972e-15
 8.398663708941712e-15
 8.715250743307479e-15
 7.090682208055199e-15
 4.005476506030448e-15
 8.243405957841787e-15
 8.398446868507214e-15
 8.354428260304303e-15
 4.034966805122053e-15
 8.281569874313277e-15
 5.686423554251974e-15
 8.673617379884035e-15
 8.434225540199236e-15
 8.350958813352349e-15
 4.0314973581701e-15
 8.191364253562483e-15
 6.064593272014918e-15
 8.841885557053786e-15
 8.350958813352349e-15
 8.576472865229334e-15
 8.201772594418344e-15
 8.69269933811978e-15


# name: PV
# type: matrix
# ndims: 3
 100 5 2
 0.4727658057044392
 0.4649940349943953
 0.5905167329670703
 0.6221275102971963
 0.641117940234959
 0.6711373810743211
 0.6711261503548912
 0.6711576451675583
 0.6711679438034551
 0.6711714421007817
 0.6711733582268896
 0.6711731636851249
 0.6711732885032147
 0.6711732843136285
 0.6711732757673654
 0.6711734682604735
 0.671173467048743
 0.6711734123617821
 0.6711734612899353
 0.6711734989684714
 0.6711735015638166
 0.6711735017301108
 0.6711735017324199
 0.6711735017256594
 0.6711735017499059
 0.6711735017500134
 0.6711735017515051
 0.6711735017578928
 0.6711735017582315
 0.6711735017584664
 0.6711735017588543
 0.671173501758924
 0.6711735017589995
 0.6711735017590156
 0.6711735017590182
 0.6711735017590087
 0.6711735017590215
 0.6711735017590217
 0.6711735017590218
 0.6711735017590217
 0.6711735017590217
 0.6711735017590217
 0.6711735017590218
 0.6711735017590218
 0.6711735017590218
 0.6711735017590218
 0.6711735017590218
 0.6711735017590218
 0.6711735017590218
 0.6711735017590218
 0.6711735017590218
 0.6711735017590218
 0.6711735017590218
 0.6711735017590218
 0.6711735017590218
 0.6711735017590218
 0.6711735017590218
 0.6711735017590218
 0.6711735017590218
 0.6711735017590218
 0.6711735017590218
 0.6711735017590218
 0.6711735017590218
 0.6711735017590218
 0.6711735017590218
 0.6711735017590218
 0.6711735017590218
 0.6711735017590218
 0.6711735017590218
 0.6711735017590218
 0.6711735017590218
 0.6711735017590218
 0.6711735017590218
 0.6711735017590218
 0.6711735017590218
 0.6711735017590218
 0.6711735017590218
 0.6711735017590218
 0.6711735017590218
 0.6711735017590218
 0.6711735017590218
 0.6711735017590218
 0.6711735017590218
 0.6711735017590218
 0.6711735017590218
 0.6711735017590218
 0.6711735017590218
 0.6711735017590218
 0.6711735017590218
 0.6711735017590218
 0.6711735017590218
 0.6711735017590218
 0.6711735017590218
 0.6711735017590218
 0.6711735017590218
 0.6711735017590218
 0.6711735017590218
 0.6711735017590218
 0.6711735017590218
 0.6711735017590218
 0.2356097603827831
 0.2814528603830243
 0.2216151704381557
 0.3951892121007365
 0.3551067741872312
 0.3067536929096787
 0.4004079766360442
 0.4003952552500147
 0.400406109018524
 0.4004471034628783
 0.4004466737318938
 0.4004492614099346
 0.4004489865789602
 0.400448914243449
 0.4004493201830518
 0.4004493064191266
 0.4004493845668287
 0.4004493897559759
 0.4004493707547431
 0.4004493203899671
 0.4004493636290332
 0.400449337946067
 0.4004493718183015
 0.4004493240368773
 0.4004493454707805
 0.4004493962262011
 0.4004493960448365
 0.4004493902983149
 0.4004493959220394
 0.4004493996953767
 0.4004493997005364
 0.4004493995166701
 0.4004493987356358
 0.4004493995702531
 0.400449399805027
 0.400449399534059
 0.4004493997748961
 0.4004493998832713
 0.4004493999400176
 0.4004493999159915
 0.4004493999476191
 0.4004493999702369
 0.400449399962413
 0.4004493999703133
 0.4004493999727008
 0.4004493999739254
 0.4004493999740572
 0.4004493999741035
 0.4004493999740552
 0.4004493999741049
 0.4004493999741116
 0.4004493999741251
 0.400449399974132
 0.4004493999741348
 0.4004493999741357
 0.4004493999741363
 0.4004493999741364
 0.4004493999741364
 0.4004493999741364
 0.4004493999741364
 0.4004493999741364
 0.4004493999741364
 0.4004493999741364
 0.4004493999741364
 0.4004493999741364
 0.4004493999741364
 0.4004493999741364
 0.4004493999741364
 0.4004493999741364
 0.4004493999741364
 0.4004493999741364
 0.4004493999741364
 0.4004493999741364
 0.4004493999741364
 0.4004493999741364
 0.4004493999741364
 0.4004493999741364
 0.4004493999741364
 0.4004493999741364
 0.4004493999741364
 0.4004493999741364
 0.4004493999741364
 0.4004493999741364
 0.4004493999741364
 0.4004493999741364
 0.4004493999741364
 0.4004493999741364
 0.4004493999741364
 0.4004493999741364
 0.4004493999741364
 0.4004493999741364
 0.4004493999741364
 0.4004493999741364
 0.4004493999741364
 0.4004493999741364
 0.4004493999741364
 0.4004493999741364
 0.4004493999741364
 0.4004493999741364
 0.4004493999741364
 0.05208265539648482
 0.06317436248916333
 0.01479048366404681
 0.1962811178623514
 0.140367297450717
 0.1402896469516618
 0.1402538868471868
 0.1403616757139404
 0.1403102291130854
 0.1402707012777155
 0.1403916422935536
 0.1403970039301291
 0.1403700920951029
 0.1366669191893312
 0.140161832816035
 0.1364631261464302
 0.1356149575280584
 0.1333290557566414
 0.1342900988977216
 0.1330075573069895
 0.132238336109357
 0.1316492426892032
 0.1321721367784691
 0.1333528189055607
 0.1322065050245095
 0.1337800337880191
 0.1323041654079088
 0.1323161164034335
 0.131587849263921
 0.1310936064852253
 0.1330828051596855
 0.1308136710894738
 0.1325438715370088
 0.1317504341142939
 0.1337137602620664
 0.1340289818688693
 0.1317154468995026
 0.1328281055258628
 0.1318269501642358
 0.1320687668182876
 0.1318036173718786
 0.1322357382989154
 0.1308164500448623
 0.1319331192262005
 0.1323124043369473
 0.1319022235639532
 0.1333389225814902
 0.1309893792350652
 0.132510878852261
 0.1331525641531981
 0.1322159616455623
 0.1319560502698043
 0.1330480418711265
 0.1313708100628215
 0.1318788755391523
 0.1322004979236244
 0.1331045809391738
 0.1338528394987893
 0.1322925027862882
 0.133658872109103
 0.1314164141114718
 0.1316866979969832
 0.1321595049914781
 0.1314621245554498
 0.1330861040602875
 0.1319635073114256
 0.1311886265881006
 0.1327468899393216
 0.1316131872440693
 0.1334913125654478
 0.1328480232363842
 0.1328190738646534
 0.1327275588480029
 0.1308156754139723
 0.1319706269687256
 0.1323701516982687
 0.1325566772614179
 0.1341425003274523
 0.1320616905712516
 0.1311019025852805
 0.1313050669635531
 0.132040392780708
 0.1330104330184592
 0.1340084925982996
 0.1322002294940604
 0.1325098558438831
 0.1320607570589981
 0.1308180394995734
 0.1323179830247721
 0.1308167151980883
 0.1341082084768288
 0.1325528455334852
 0.1310922743767283
 0.1308107267095992
 0.1313963006998518
 0.1319518413072211
 0.1325598288890607
 0.132290842232006
 0.1319889007210026
 0.1318562439213951
 0.02827414017135187
 0.05609400928482643
 0.07579543288665634
 0.07982992569163247
 0.06602068469900649
 0.018187362117245
 0.0171757619200085
 0.02059228975583993
 0.01401134141177279
 0.01391485289471947
 0.0137966627178164
 0.01389568582689177
 0.02017940400709409
 0.01387258838907854
 0.01380219291648771
 0.01383900538160887
 0.01390902688770582
 0.01387336952971638
 0.01389706239105837
 0.01744246890156906
 0.01930419248115292
 0.01989641816135124
 0.01381772742605936
 0.01388385234203734
 0.0137488082431238
 0.01379482121913281
 0.01387066747462859
 0.0138226119684455
 0.02141965105562127
 0.0138185492162754
 0.01488822480718285
 0.0212047465513836
 0.02058732515862716
 0.01388991801942549
 0.0138059244345734
 0.01373701102142796
 0.01383737657601722
 0.01378692091577816
 0.01952488681616718
 0.01380229385560361
 0.01380677379604733
 0.01402103848864319
 0.01376459779262837
 0.01678351318792953
 0.01966280285034969
 0.01378314780751819
 0.01378850159133876
 0.01388574669553327
 0.0138801840476922
 0.01387000714490702
 0.01769298552635565
 0.01688712720361005
 0.01986411340616739
 0.01386617858201575
 0.01388036084895178
 0.01387573739941095
 0.01386781894675185
 0.0182774760637302
 0.01382303429766774
 0.01388227248069426
 0.01385266581984071
 0.01920888511032706
 0.01389465778102114
 0.01383026839291035
 0.01381960485840983
 0.01383351915750103
 0.01388114293421255
 0.01379969836318026
 0.01387382499723908
 0.01383782960669383
 0.01384335146371957
 0.01388059587877782
 0.01374226203059123
 0.01384422320661607
 0.01829513468511945
 0.01378100967729429
 0.01390460119369208
 0.01916954862152359
 0.02023540236349883
 0.01385077888338995
 0.01382755790867846
 0.01386052006580757
 0.01380243267456002
 0.01560550092213475
 0.01385180905304756
 0.01385369625536034
 0.01924900167392193
 0.02068102163020877
 0.01378146815700704
 0.0138981316491798
 0.01389235735071728
 0.01387093866383377
 0.01911236341564673
 0.01393334755848033
 0.01835354048079535
 0.01453897544998561
 0.01393982789520495
 0.01386977338619577
 0.01389856009077689
 0.01377561969813923
 -0.0001176942700337295
 -0.003312253458074971
 -0.001196553008168129
 -0.002339282369512221
 -0.01048182473557577
 -0.01586842276580282
 -0.002395209756625521
 -0.00224859512984869
 -0.0001386779613714783
 -0.000453503707160987
 -0.0002906516600397549
 -0.0002436936553451112
 -7.530911092550399e-05
 -2.614167986816907e-05
 -9.681920533965993e-06
 -1.349258749100413e-05
 -1.122603955240956e-05
 -3.290150604246325e-05
 -8.242814095471389e-05
 -0.0005887948924241798
 -0.0004121247788297297
 -1.850771375442629e-05
 -4.240704484464661e-05
 -2.478644469956423e-05
 -4.842274993924721e-05
 -3.378691249470919e-06
 -3.610480099090069e-06
 -4.052301750059883e-08
 -2.537847440184371e-08
 -1.293699035051499e-07
 -7.878990727211432e-09
 -1.639565237049334e-10
 -7.445846370024434e-11
 -6.499241422819324e-11
 -7.511768984613809e-12
 -1.083023948300621e-11
 -4.118615171133655e-12
 -1.846578445707792e-13
 -1.287164819174791e-14
 -8.708311849403572e-15
 -7.195632978351796e-15
 -8.479328350574633e-15
 -8.250344851745695e-15
 -8.795048023202412e-15
 -8.743006318923108e-15
 -8.205242041370298e-15
 -8.298917109073045e-15
 -4.129509234562789e-15
 -8.239936510889834e-15
 -8.174017018802715e-15
 -4.433953204596719e-15
 -8.420347752391422e-15
 -8.715250743307479e-15
 -8.638922910364499e-15
 -8.397796347203723e-15
 -4.517219931443606e-15
 -2.074729277268261e-15
 -8.403000517631654e-15
 -8.201772594418344e-15
 -3.644654023027272e-15
 -8.36136715420821e-15
 -4.433953204596719e-15
 -8.458511668862911e-15
 -8.226058723082019e-15
 -8.32320323773672e-15
 -4.034966805122053e-15
 -1.304512053934559e-15
 -4.420075416788904e-15
 -8.612902058224847e-15
 -5.703770789011742e-15
 -8.187894806610529e-15
 -8.451572774959004e-15
 -8.281569874313277e-15
 -2.251671071817896e-15
 -8.194833700514437e-15
 -8.81239525796218e-15
 -2.012279232133096e-15
 -2.765149220707031e-15
 -8.552186736565659e-15
 -8.764690362372818e-15
 -8.357897707256257e-15
 -8.142791996235133e-15
 -8.177486465754669e-15
 -8.576472865229334e-15
 -8.232997616985926e-15
 -4.826000710167477e-15
 -9.436895709313831e-16
 -8.642392357316453e-15
 -8.409939411535561e-15
 -8.23646706393788e-15
 -8.677086826835989e-15
 -8.430756093247282e-15
 -6.50347831143705e-15
 -8.219119829178112e-15
 -8.243405957841787e-15
 -8.194833700514437e-15
 -8.631984016460592e-15
 -8.246875404793741e-15
 -8.298917109073045e-15
 -6.493069970581189e-15
 0.4505028989207929
 0.5156216093453525
 0.6711735017590218
 0.6711735017590218
 0.6711735017590218
 0.6711735017590218
 0.6711735017590218
 0.6711735017590218
 0.6711735017590218
 0.6711735017590218
 0.6711735017590218
 0.6711735017590218
 0.6711735017590218
 0.6711735017590218
 0.6711735017590218
 0.6711735017590218
 0.6711735017590218
 0.6711735017590218
 0.6711735017590218
 0.6711735017590218
 0.6711735017590218
 0.6711735017590218
 0.6711735017590218
 0.6711735017590218
 0.6711735017590218
 0.6711735017590218
 0.6711735017590218
 0.6711735017590218
 0.6711735017590218
 0.6711735017590218
 0.6711735017590218
 0.6711735017590218
 0.6711735017590218
 0.6711735017590218
 0.6711735017590218
 0.6711735017590218
 0.6711735017590218
 0.6711735017590218
 0.6711735017590218
 0.6711735017590218
 0.6711735017590218
 0.6711735017590218
 0.6711735017590218
 0.6711735017590218
 0.6711735017590218
 0.6711735017590218
 0.6711735017590218
 0.6711735017590218
 0.6711735017590218
 0.6711735017590218
 0.6711735017590218
 0.6711735017590218
 0.6711735017590218
 0.6711735017590218
 0.6711735017590218
 0.6711735017590218
 0.6711735017590218
 0.6711735017590218
 0.6711735017590218
 0.6711735017590218
 0.6711735017590218
 0.6711735017590218
 0.6711735017590218
 0.6711735017590218
 0.6711735017590218
 0.6711735017590218
 0.6711735017590218
 0.6711735017590218
 0.6711735017590218
 0.6711735017590218
 0.6711735017590218
 0.6711735017590218
 0.6711735017590218
 0.6711735017590218
 0.6711735017590218
 0.6711735017590218
 0.6711735017590218
 0.6711735017590218
 0.6711735017590218
 0.6711735017590218
 0.6711735017590218
 0.6711735017590218
 0.6711735017590218
 0.6711735017590218
 0.6711735017590218
 0.6711735017590218
 0.6711735017590218
 0.6711735017590218
 0.6711735017590218
 0.6711735017590218
 0.6711735017590218
 0.6711735017590218
 0.6711735017590218
 0.6711735017590218
 0.6711735017590218
 0.6711735017590218
 0.6711735017590218
 0.6711735017590218
 0.6711735017590218
 0.6711735017590218
 0.2248238516402787
 0.2479095087306403
 0.2479095087306403
 0.2373764063703188
 0.3917790266330384
 0.2082587132285394
 0.3405394117764475
 0.4004493999741364
 0.4004493999741364
 0.4004493999741364
 0.4004493999741364
 0.4004493999741364
 0.4004493999741364
 0.4004493999741364
 0.4004493999741364
 0.4004493999741364
 0.4004493999741364
 0.4004493999741364
 0.4004493999741364
 0.4004493999741364
 0.4004493999741364
 0.4004493999741364
 0.4004493999741364
 0.4004493999741364
 0.4004493999741364
 0.4004493999741364
 0.4004493999741364
 0.4004493999741364
 0.4004493999741364
 0.4004493999741364
 0.4004493999741364
 0.4004493999741364
 0.4004493999741364
 0.4004493999741364
 0.4004493999741364
 0.4004493999741364
 0.4004493999741364
 0.4004493999741364
 0.4004493999741364
 0.4004493999741364
 0.4004493999741364
 0.4004493999741364
 0.4004493999741364
 0.4004493999741364
 0.4004493999741364
 0.4004493999741364
 0.4004493999741364
 0.4004493999741364
 0.4004493999741364
 0.4004493999741364
 0.4004493999741364
 0.4004493999741364
 0.4004493999741364
 0.4004493999741364
 0.4004493999741364
 0.4004493999741364
 0.4004493999741364
 0.4004493999741364
 0.4004493999741364
 0.4004493999741364
 0.4004493999741364
 0.4004493999741364
 0.4004493999741364
 0.4004493999741364
 0.4004493999741364
 0.4004493999741364
 0.4004493999741364
 0.4004493999741364
 0.4004493999741364
 0.4004493999741364
 0.4004493999741364
 0.4004493999741364
 0.4004493999741364
 0.4004493999741364
 0.4004493999741364
 0.4004493999741364
 0.4004493999741364
 0.4004493999741364
 0.4004493999741364
 0.4004493999741364
 0.4004493999741364
 0.4004493999741364
 0.4004493999741364
 0.4004493999741364
 0.4004493999741364
 0.4004493999741364
 0.4004493999741364
 0.4004493999741364
 0.4004493999741364
 0.4004493999741364
 0.4004493999741364
 0.4004493999741364
 0.4004493999741364
 0.4004493999741364
 0.4004493999741364
 0.4004493999741364
 0.4004493999741364
 0.4004493999741364
 0.4004493999741364
 0.4004493999741364
 0.009342866427801633
 0.007972779924795947
 0.02828225919407623
 -0.005164133390112124
 0.1297252981892511
 0.1297252981892511
 0.1297252981892511
 0.1297252981892511
 0.1297252981892511
 0.1297252981892511
 0.1297252981892511
 0.1297252981892511
 0.1297252981892511
 0.1297252981892511
 0.1321694028921029
 0.1309496059675274
 0.131971854089981
 0.1315006639187906
 0.1323646716017001
 0.1322225025525933
 0.1320975399453773
 0.1341972390368482
 0.1327812512254737
 0.1331819896842892
 0.1323860341709157
 0.1334741089440499
 0.1330547853228601
 0.1330995278174899
 0.1308609171946068
 0.133580851734238
 0.1333452334175533
 0.1318830384613635
 0.1339363440252286
 0.1322969296168916
 0.1332945226358314
 0.131899720288492
 0.1326023850865376
 0.1319088233120581
 0.1308162853536119
 0.1309700108241437
 0.1319164005755926
 0.1308120587364034
 0.1322285845604333
 0.131403486881197
 0.131532243099929
 0.1311109293169364
 0.1323405999690091
 0.1322389281603637
 0.1332837861904382
 0.1331900295159691
 0.1327359210302823
 0.1326362021303608
 0.1314759999748245
 0.1310795751951661
 0.1319559454426267
 0.1314720070888064
 0.1308140895385143
 0.13242344960664
 0.1325049515247029
 0.131722133427443
 0.1324852647795887
 0.1308140682229061
 0.1322539788688102
 0.1308205036621424
 0.1332590327827626
 0.1335722324642446
 0.1324250968896683
 0.1312360920138221
 0.131661968480271
 0.1332814172061386
 0.1320472902726362
 0.1312459959796919
 0.1315085879606608
 0.1332855543133756
 0.1322655259989418
 0.1319008996776765
 0.1308282540437641
 0.1324936034907501
 0.1324619033046388
 0.1308623689957778
 0.130981942553871
 0.13281010020506
 0.132128116824292
 0.1308680066535795
 0.1323789976619471
 0.1315071762018898
 0.131912032904425
 0.1327371912519774
 0.1341142622620377
 0.1313986214301061
 0.1325373040926479
 0.1326803303839995
 0.132689162086385
 0.1312956589051165
 0.1328013889506859
 0.1320367696392754
 0.1328973388059485
 0.1316600208650791
 0.1333909490878513
 0.1332104191287409
 -0.2131694795065139
 -0.1827369993635712
 -0.06031898065134365
 -0.02147324144577756
 -0.0710324866056037
 -0.03604821501228694
 -0.03491683299323045
 -0.03036662431752124
 -0.03503477557441452
 -0.03550981029108137
 -0.01930449968169387
 -0.01361101107558631
 -0.3158973771822434
 -0.1274824079576575
 0.02789981383146511
 0.02167940495184462
 0.05312901536242789
 0.03662604864579425
 0.05107578311261859
 0.01736205533099175
 0.04732997984003867
 0.05659024145408018
 -0.2081818859914563
 -0.4598987907957127
 0.01673854050641169
 0.05095216325541485
 -0.2081446850550464
 0.09576247990076356
 -0.1616260026301495
 0.04735859272967838
 0.01685795442894097
 0.01284013300750025
 0.0134976882206875
 0.01379934125982221
 0.01381799950319604
 0.01376490636464248
 0.01382451260721876
 0.01386630423649135
 0.01886312286480565
 0.01588700098378285
 0.0139146575723102
 0.01389337553070652
 0.01851029020214953
 0.01856179671490302
 0.01390799210953733
 0.01388248689833296
 0.0183873693822624
 0.01380278014859276
 0.01379655956503778
 0.01539971946815569
 0.02078257679551859
 0.01385795872213577
 0.01692360551324087
 0.013820568338268
 0.02068021288861976
 0.01382721861340047
 0.02153938300247618
 0.01388397919231626
 0.01384122043357666
 0.01382672950210098
 0.01582764650456958
 0.02165883343584682
 0.01386338645676796
 0.0138496643036157
 0.01834183177018073
 0.01922393861658647
 0.01632357847622801
 0.01389428886602492
 0.01384543962273072
 0.01388346560524217
 0.01633505786406189
 0.01388378600104753
 0.01387072700775169
 0.01384466722948599
 0.01686114787902976
 0.018421818664901
 0.01384821124523042
 0.01879075061513877
 0.01972640274927098
 0.01385239968374885
 0.02034915077894078
 0.01385997614276754
 0.01594860951386315
 0.01380661930800858
 0.01377941472151825
 0.01377895835804369
 0.01716200131807508
 0.01979737690750843
 0.01777843006542534
 0.01387861650117744
 0.01821046036300492
 0.01383240210873535
 0.01385938395196798
 0.01472530642136324
 0.0138028688041989
 0.01387550635858761
 0.01998837993571428
 0.01386676127784495
 0.0198891051220598
 0.01385282113828443
 -0.1359814920637398
 -0.04599213560293008
 -0.1853041098782862
 -0.2501268379111523
 -0.3839353531181711
 -0.02762637261082043
 -0.101730351739761
 -0.0008009439856828671
 -0.001174412394638967
 -0.001408984419553269
 -0.001629609082335563
 -0.005825123478583556
 -0.005812811177515287
 -0.005909851919283796
 -0.0002654620692014026
 -0.0003884031464266909
 -0.0002201807325910646
 -6.86644123601074e-06
 -1.576001862513016e-05
 -9.556736788859932e-06
 -2.814956700219334e-07
 -1.389000283590069e-06
 -3.015649639726004e-08
 -3.26132354455666e-09
 -2.49102787008848e-11
 -1.894611550978809e-10
 -4.980313036972994e-11
 -1.19334993275988e-11
 -1.016688816468658e-11
 -2.828039885605094e-12
 -1.384725667463726e-13
 -1.82425255457197e-13
 -1.224784162978665e-13
 -7.644926358629789e-14
 -2.159383782895929e-14
 -1.323507275996505e-14
 -4.968248035197576e-15
 -7.039507865513883e-15
 -8.675352103360012e-15
 -5.719383300295533e-15
 -8.298917109073045e-15
 -8.439429710627167e-15
 -8.751679936302992e-15
 -8.094219738907782e-15
 -3.583938701368083e-15
 -8.208711488322251e-15
 -8.668413209456105e-15
 -4.624772786954168e-15
 -8.396061623727746e-15
 -8.19830314746639e-15
 -8.755149383254945e-15
 -8.679688912049954e-15
 -5.995204332975845e-15
 -5.540706782269922e-15
 -8.392592176775793e-15
 -8.540043672233821e-15
 -8.3995310706797e-15
 -8.548717289613705e-15
 -7.958911307781591e-15
 -6.021225185115497e-15
 -8.781170235394598e-15
 -8.17851645781853e-15
 -8.500145032286355e-15
 -8.357897707256257e-15
 -8.555656183517613e-15
 -8.618106228652778e-15
 -3.986394547794703e-15
 -8.260753192601555e-15
 -4.44436154545258e-15
 -3.852820840144489e-15
 -8.260753192601555e-15
 -6.800116025829084e-15
 -3.86843335142828e-15
 -8.763823000634829e-15
 -2.411265631607762e-15
 -8.663209039028175e-15
 -8.671882656408059e-15
 -8.305856002976952e-15
 -2.3037127760972e-15
 -8.398663708941712e-15
 -8.715250743307479e-15
 -7.090682208055199e-15
 -4.005476506030448e-15
 -8.243405957841787e-15
 -8.398446868507214e-15
 -8.354428260304303e-15
 -4.034966805122053e-15
 -8.281569874313277e-15
 -5.686423554251974e-15
 -8.673617379884035e-15
 -8.434225540199236e-15
 -8.350958813352349e-15
 -4.0314973581701e-15
 -8.191364253562483e-15
 -6.064593272014918e-15
 -8.841885557053786e-15
 -8.350958813352349e-15
 -8.576472865229334e-15
 -8.201772594418344e-15
 -8.69269933811978e-15


