# Created by Octave 4.0.0, Fri Apr 20 17:16:31 2018 CEST <olethros@olethros-OptiPlex-9010>
# name: PU
# type: matrix
# ndims: 3
 100 5 2
 0.5580934426089388
 0.5507535854547123
 0.4842028165740215
 0.5565135367057115
 0.5236436118459359
 0.5908155046405303
 0.5755197387391239
 0.5489251566154864
 0.54779522900788
 0.4900493644573705
 0.548926665818004
 0.6116587458808362
 0.5755202208823089
 0.5489281758973368
 0.5464197744265508
 0.5455272785077898
 0.548924640445513
 0.5755226995678439
 0.6299479386375487
 0.6299610341618408
 0.6189857136760576
 0.5755245491490346
 0.6299538156582112
 0.6372779698909042
 0.6356640628720731
 0.619001046418811
 0.6299657042441212
 0.6293495569914521
 0.618985745603767
 0.6189783520959631
 0.6299640660800973
 0.5489273803626469
 0.5489266832212469
 0.5442518263738604
 0.5174819893405693
 0.4891579516853205
 0.4873594746055945
 0.5489280253120885
 0.6299543224297574
 0.6372781089157981
 0.6372890534433084
 0.6372923487494888
 0.6372919019000581
 0.6372915638815347
 0.6372857840027223
 0.6372807723122477
 0.6299634329866329
 0.6372743462820273
 0.6372837912858389
 0.6372717868200831
 0.6299578880428995
 0.6372762200491459
 0.6299622385319952
 0.6372735927533896
 0.6372833843507043
 0.6372817402345683
 0.6372902219705627
 0.6372870443224227
 0.6372907469818376
 0.6372902259562132
 0.6372854078858493
 0.6372722362017428
 0.6372871139306954
 0.637281449240108
 0.6189810530850959
 0.6299516036021215
 0.6372729872485803
 0.6344029547290913
 0.6299548412479398
 0.6372915735792916
 0.6372900376480577
 0.6372875549035222
 0.637290989087546
 0.6372909759293653
 0.6372884182596836
 0.6372799365503463
 0.6372716658221608
 0.6372861902499852
 0.6372916231063835
 0.6372719750995137
 0.6372870262343562
 0.6372827390919933
 0.6372759994532893
 0.6372931540286062
 0.637292071742413
 0.6372904269404994
 0.6372929265349174
 0.637276241616981
 0.6372848096289772
 0.6372773710438926
 0.6372888131687346
 0.6372924335006435
 0.6372935337541538
 0.6372934574975008
 0.6372931077170647
 0.6372928647817163
 0.6372936271480554
 0.6372937327350495
 0.6372938088243272
 0.6372939462737299
 0.5560790369301783
 0.4591264782086159
 0.5707562801611683
 0.6077969122340988
 0.5535460764598726
 0.5425234081697944
 0.6283485038500114
 0.6372895664500247
 0.6372872417635225
 0.6372920030954478
 0.6372919402272612
 0.6372937604152261
 0.6372936518388094
 0.637293718229753
 0.6372935855878304
 0.6372930931519507
 0.6372934780378751
 0.6372935727434529
 0.6372934759165066
 0.6372939267818276
 0.6372938045559198
 0.6372939048434911
 0.6372939659228357
 0.6372939592744151
 0.6372938883536359
 0.6372937890768474
 0.637293651065207
 0.6372938403830785
 0.6372939794171121
 0.6372939631376744
 0.6372939839636066
 0.6372939492686198
 0.6372939666477788
 0.637294003115238
 0.6372940041567672
 0.637294004035703
 0.6372940045960584
 0.6372940047943908
 0.6372940048067564
 0.6372940048167927
 0.637294004814576
 0.6372940048173982
 0.6372940048188935
 0.6372940048178439
 0.6372940048195911
 0.6372940048191428
 0.6372940048198353
 0.6372940048128739
 0.6372940048086584
 0.6372940048171756
 0.6372940048187503
 0.6372940048168837
 0.6372940048099875
 0.6372940047928095
 0.6372940048076082
 0.6372940047864621
 0.6372940048033584
 0.6372940048176564
 0.6372940048172289
 0.6372940048121207
 0.6372940048178528
 0.6372940048147266
 0.6372940048138238
 0.6372940048156341
 0.6372940048185428
 0.6372940048194167
 0.637294004820198
 0.6372940048201828
 0.6372940048202597
 0.6372940048202829
 0.6372940048202896
 0.6372940048202892
 0.6372940048202901
 0.6372940048202885
 0.6372940048202911
 0.6372940048202921
 0.6372940048202923
 0.6372940048202921
 0.6372940048202923
 0.6372940048202924
 0.6372940048202925
 0.6372940048202925
 0.6372940048202925
 0.6372940048202925
 0.6372940048202925
 0.6372940048202925
 0.6372940048202925
 0.6372940048202925
 0.6372940048202925
 0.6372940048202925
 0.6372940048202925
 0.6372940048202925
 0.6372940048202925
 0.6372940048202925
 0.6372940048202925
 0.6372940048202925
 0.6372940048202925
 0.6372940048202925
 0.6372940048202925
 0.6372940048202925
 0.5628703949216787
 0.579621408955423
 0.6062598797507844
 0.6003723334805889
 0.6177188010025476
 0.5718672053274454
 0.5609963178341458
 0.5487078514353121
 0.6186675392119531
 0.6302390142725636
 0.6349561339258718
 0.6331697524523496
 0.6366646093014486
 0.6363882121947426
 0.6367693662376217
 0.6368109844861995
 0.6367876573939975
 0.6368425164836211
 0.6368443963977692
 0.6368448751028517
 0.6368450389188938
 0.6368451239330013
 0.6368450793349218
 0.636845113002897
 0.6368451001433337
 0.6368454734962697
 0.6368451187130887
 0.6368455335762135
 0.6368451100200145
 0.6368460879756661
 0.6368452758942309
 0.6368455824578694
 0.6368451093074932
 0.6368450996719253
 0.6368450972417187
 0.6368451045313839
 0.6368450997670431
 0.6368451165118425
 0.6368451315801732
 0.6368455624646985
 0.6368451237010827
 0.6368451881071248
 0.6368451101071917
 0.6368451721619826
 0.6368450995448405
 0.6368451038726168
 0.6368456402853454
 0.6368450948557375
 0.6368452343636033
 0.636845107076209
 0.6368451012311045
 0.6368450935965363
 0.636845099731482
 0.6368451097476259
 0.6368450924831878
 0.6368451063504934
 0.6368451190958079
 0.6368450982933351
 0.63684512172859
 0.6368451745033341
 0.636845107762276
 0.6368450991172984
 0.636845256250077
 0.636845123596621
 0.6368451197170372
 0.6368451011837236
 0.6368451012835534
 0.6368451354725515
 0.6368451096633611
 0.6368453883719062
 0.6368451851602619
 0.6368450965766297
 0.6368451317216086
 0.6368451170921658
 0.6368451020976912
 0.6368451796707639
 0.6368450979663701
 0.636845100325515
 0.6368451098362876
 0.6368451747556313
 0.6368450994687123
 0.6368451130686137
 0.6368456094968791
 0.636845141060558
 0.6368451936457005
 0.6368450962306831
 0.6368451159790648
 0.6368453430124811
 0.6368451038206323
 0.6368451004088238
 0.6368451614544246
 0.63684510208795
 0.6368451142759787
 0.6368450975022961
 0.6368451011923424
 0.6368451040272499
 0.636845105238136
 0.6368452482213011
 0.6368451008633558
 0.6368451862318016
 0.5622316606934787
 0.5686196038517014
 0.573077630159145
 0.5677200960831574
 0.4510480520938836
 0.5726651924736121
 0.6292001898818705
 0.6327998634429632
 0.6334951206537539
 0.6332964947359576
 0.6332942010969154
 0.6332804270993199
 0.6336932098723649
 0.6337046799394662
 0.6337121237727423
 0.6337107589477837
 0.6336788643996142
 0.632772018006271
 0.6337127502547986
 0.6331129877530873
 0.6337102102653056
 0.6337031693662868
 0.6337089837646698
 0.6324064614025541
 0.6337056989748835
 0.6337137017363887
 0.6337147477380168
 0.6337134112234891
 0.6337042207812744
 0.6337127732816976
 0.6337130957894486
 0.6327828386650935
 0.632869085219367
 0.6337117213269414
 0.6337134400427774
 0.6337130819227927
 0.6337122235190231
 0.633708977545804
 0.6337131041569579
 0.6337105396745816
 0.6326473448767885
 0.6337124280250659
 0.6337135680954664
 0.6337119482399016
 0.633714177683073
 0.6337138583284794
 0.633713446210731
 0.6337150239507703
 0.6337149552870006
 0.6337127925049064
 0.6337147303877443
 0.6337124791713481
 0.6337120235227017
 0.6337134334400757
 0.6337122776137899
 0.6337073056618749
 0.6337131405480829
 0.6337078528349428
 0.6337067942893139
 0.6337128195123815
 0.6337034846474408
 0.6337130356553743
 0.6337118514867955
 0.6333284473692397
 0.6337083986009604
 0.6337130430198307
 0.6337088877371592
 0.6337137793844545
 0.6337042446214702
 0.633701387863066
 0.6337130366651269
 0.633707956898341
 0.6337125165277327
 0.6337138141725421
 0.6337128315982843
 0.633246793266499
 0.6337135873086689
 0.6337137275263492
 0.6337135983926383
 0.633711323164424
 0.6337129104899275
 0.6336952823757541
 0.6330516731499548
 0.6337121407020079
 0.6337048174504898
 0.6334804529619793
 0.6337135799914964
 0.6337136923978315
 0.6337116613302908
 0.6337133131358273
 0.6337032450336298
 0.6337129036758985
 0.6337128872108762
 0.6337140355734661
 0.6337134702486105
 0.6337133251682645
 0.6337130009281889
 0.6337128857749089
 0.633709560896017
 0.6337125572439702
 0.4934598509894772
 0.4942006375819782
 0.4882687047872154
 0.4760701085658192
 0.51704773137662
 0.5273569010932323
 0.5207814340194682
 0.5074857642396464
 0.534169625124072
 0.5309984086003294
 0.4793191943936813
 0.5005409757768801
 0.491098723601662
 0.4549647310833143
 0.4655930758493192
 0.5253682557438107
 0.4745378833083926
 0.5249311668978055
 0.5067538693103647
 0.5217883862288308
 0.5305669154893623
 0.5140639654352901
 0.4750276645530017
 0.4912877635492541
 0.4872483978937376
 0.4814450023927214
 0.5093992494606102
 0.4797343408847984
 0.5486568074173603
 0.4747059899268122
 0.5055339575808043
 0.5014653969310714
 0.4877345430151533
 0.4708422247714566
 0.4553043686194683
 0.4756337939399932
 0.5122668355779127
 0.5329741730414278
 0.4479459021056625
 0.4727735476306625
 0.5183353424811949
 0.4779350449375428
 0.4806026517576988
 0.5344013924666798
 0.5303995438200583
 0.5190698711931312
 0.4988742551015307
 0.4884026490752252
 0.4561387795665652
 0.5116958809042147
 0.5085451324435505
 0.5190835093456169
 0.5149019958536978
 0.5616138949021734
 0.4804009205205264
 0.5163311134639547
 0.5251761767986676
 0.4861984157814991
 0.4934516994042478
 0.5306478703858709
 0.5528115262599865
 0.4983363980474247
 0.5189244998125253
 0.4793606018095085
 0.4597308105937905
 0.4866792054357571
 0.510734248383599
 0.4853466897379539
 0.5308122480360546
 0.4893592982479474
 0.5569910785739989
 0.498679228424638
 0.519232470191074
 0.4898793614158435
 0.4805585654444416
 0.5278506107933391
 0.47546775990713
 0.4982155989038174
 0.5082810552099829
 0.5117155234540395
 0.558651354482805
 0.4914750989990168
 0.5143546956366375
 0.5187206130125557
 0.5008802841561033
 0.4923203043364793
 0.5209698971793179
 0.4672641148938659
 0.4718621077438177
 0.5324787971731677
 0.4587213033408085
 0.5188940571410492
 0.4534928460988655
 0.4864657984613751
 0.4615523203286208
 0.5418254807478651
 0.4760757942173198
 0.5061069192228883
 0.5376722440938251
 0.5034211793389159
 0.5581386086147301
 0.584744690077629
 0.5958594301941686
 0.6372940048202925
 0.6372940048202925
 0.6372940048202925
 0.6372940048202925
 0.6372940048202925
 0.6372940048202925
 0.6372940048202925
 0.6372940048202925
 0.6372940048202925
 0.6372940048202925
 0.6372940048202925
 0.6372940048202925
 0.6372940048202925
 0.6372940048202925
 0.6372940048202925
 0.6372940048202925
 0.6372940048202925
 0.6372940048202925
 0.6372940048202925
 0.6372940048202925
 0.6372940048202925
 0.6372940048202925
 0.6372940048202925
 0.6372940048202925
 0.6372940048202925
 0.6372940048202925
 0.6372940048202925
 0.6372940048202925
 0.6372940048202925
 0.6372940048202925
 0.6372940048202925
 0.6372940048202925
 0.6372940048202925
 0.6372940048202925
 0.6372940048202925
 0.6372940048202925
 0.6372940048202925
 0.6372940048202925
 0.6372940048202925
 0.6372940048202925
 0.6372940048202925
 0.6372940048202925
 0.6372940048202925
 0.6372940048202925
 0.6372940048202925
 0.6372940048202925
 0.6372940048202925
 0.6372940048202925
 0.6372940048202925
 0.6372940048202925
 0.6372940048202925
 0.6372940048202925
 0.6372940048202925
 0.6372940048202925
 0.6372940048202925
 0.6372940048202925
 0.6372940048202925
 0.6372940048202925
 0.6372940048202925
 0.6372940048202925
 0.6372940048202925
 0.6372940048202925
 0.6372940048202925
 0.6372940048202925
 0.6372940048202925
 0.6372940048202925
 0.6372940048202925
 0.6372940048202925
 0.6372940048202925
 0.6372940048202925
 0.6372940048202925
 0.6372940048202925
 0.6372940048202925
 0.6372940048202925
 0.6372940048202925
 0.6372940048202925
 0.6372940048202925
 0.6372940048202925
 0.6372940048202925
 0.6372940048202925
 0.6372940048202925
 0.6372940048202925
 0.6372940048202925
 0.6372940048202925
 0.6372940048202925
 0.6372940048202925
 0.6372940048202925
 0.6372940048202925
 0.6372940048202925
 0.6372940048202925
 0.6372940048202925
 0.6372940048202925
 0.6372940048202925
 0.6372940048202925
 0.6372940048202925
 0.6372940048202925
 0.6372940048202925
 0.5666731637351501
 0.5700944925842362
 0.5882253782983806
 0.584744690077629
 0.6009387147197224
 0.584744690077629
 0.5951207917903424
 0.6250903373927568
 0.6249305908984845
 0.6257735426375675
 0.6372940048202925
 0.6372940048202925
 0.6372940048202925
 0.6372940048202925
 0.6372940048202925
 0.6372940048202925
 0.6372940048202925
 0.6372940048202925
 0.6372940048202925
 0.6372940048202925
 0.6372940048202925
 0.6372940048202925
 0.6372940048202925
 0.6372940048202925
 0.6372940048202925
 0.6372940048202925
 0.6372940048202925
 0.6372940048202925
 0.6372940048202925
 0.6372940048202925
 0.6372940048202925
 0.6372940048202925
 0.6372940048202925
 0.6372940048202925
 0.6372940048202925
 0.6372940048202925
 0.6372940048202925
 0.6372940048202925
 0.6372940048202925
 0.6372940048202925
 0.6372940048202925
 0.6372940048202925
 0.6372940048202925
 0.6372940048202925
 0.6372940048202925
 0.6372940048202925
 0.6372940048202925
 0.6372940048202925
 0.6372940048202925
 0.6372940048202925
 0.6372940048202925
 0.6372940048202925
 0.6372940048202925
 0.6372940048202925
 0.6372940048202925
 0.6372940048202925
 0.6372940048202925
 0.6372940048202925
 0.6372940048202925
 0.6372940048202925
 0.6372940048202925
 0.6372940048202925
 0.6372940048202925
 0.6372940048202925
 0.6372940048202925
 0.6372940048202925
 0.6372940048202925
 0.6372940048202925
 0.6372940048202925
 0.6372940048202925
 0.6372940048202925
 0.6372940048202925
 0.6372940048202925
 0.6372940048202925
 0.6372940048202925
 0.6372940048202925
 0.6372940048202925
 0.6372940048202925
 0.6372940048202925
 0.6372940048202925
 0.6372940048202925
 0.6372940048202925
 0.6372940048202925
 0.6372940048202925
 0.6372940048202925
 0.6372940048202925
 0.6372940048202925
 0.6372940048202925
 0.6372940048202925
 0.6372940048202925
 0.6372940048202925
 0.6372940048202925
 0.6372940048202925
 0.6372940048202925
 0.6372940048202925
 0.6372940048202925
 0.6372940048202925
 0.6372940048202925
 0.6372940048202925
 0.6372940048202925
 0.5882253782983806
 0.5374189084787268
 0.5374189084787268
 0.5398393755236096
 0.5533703306980834
 0.5937737532474092
 0.6344983190035516
 0.6319262891705913
 0.6335679165047989
 0.6141704076781012
 0.6356758352313793
 0.6369241172438739
 0.6156087660034646
 0.6159320568699088
 0.5414554016368169
 0.6152999281445682
 0.61595927216237
 0.6365093089363401
 0.6368095323064938
 0.6368419518681906
 0.6368445228881858
 0.6368451311279164
 0.6368451782192059
 0.6368451389519844
 0.636845291980448
 0.6368451107206076
 0.6368451011295394
 0.6368451933289992
 0.636845099143407
 0.6368451112386142
 0.6368452622365465
 0.6368451114667635
 0.6368451014355132
 0.6368451059832066
 0.6368451906739734
 0.6368460338951373
 0.6368450930575813
 0.6368451075699694
 0.6368451904553648
 0.6368450975085629
 0.6368450995997876
 0.6368451063508854
 0.6368451114714636
 0.6368450969728775
 0.6368450936447441
 0.6368451058974598
 0.6368451117336019
 0.6368453141273724
 0.6368451277414339
 0.6368451728972397
 0.6368451175693013
 0.6368451119997571
 0.6368451048398368
 0.636845141600673
 0.6368451083546369
 0.6368452124286333
 0.6368450995898841
 0.6368450997617534
 0.6368451057022706
 0.6368451019775314
 0.6368451152868879
 0.6368451062553193
 0.6368452880612384
 0.6368451041325165
 0.6368451204538295
 0.63684510430432
 0.6368450989317334
 0.6368454270601597
 0.6368451064733743
 0.6368451019306968
 0.6368450981067267
 0.6368450925150935
 0.6368451543793254
 0.6368450988411688
 0.6368451031580491
 0.6368450976567631
 0.6368451060602718
 0.6368451433726867
 0.6368450980958285
 0.6368454021428489
 0.6368451007040751
 0.6368450982972894
 0.636845201002285
 0.6368450957111088
 0.6368451513481348
 0.6368451082965991
 0.6368451910759207
 0.6368453188158653
 0.6368451142283692
 0.6368451048489713
 0.6368451031492114
 0.6368451225804748
 0.63684511433475
 0.6368453042442191
 0.6368451001949355
 0.6368451049477869
 0.636845131101563
 0.6368452115384325
 0.6368451073552996
 0.636845092908697
 0.5976651958985835
 0.5697067261616624
 0.6064432202068339
 0.6218039267716237
 0.6280443312765536
 0.6111814504300865
 0.6291471539708331
 0.6327689825726193
 0.6336927103701449
 0.6337059572432673
 0.6337186053463801
 0.6337011151250082
 0.6337130175113526
 0.6337137676556179
 0.6337061754779401
 0.6337134840769237
 0.633698485043195
 0.633535501744055
 0.6326796927636044
 0.6337096558849694
 0.6337132057191799
 0.6337110479165855
 0.6337009217591527
 0.6337115308775336
 0.6337045996798273
 0.63370990740238
 0.6337123141600971
 0.6337096281010458
 0.6337138694547563
 0.6337104827269858
 0.6337065646858715
 0.6337136122127123
 0.6337094666044525
 0.6337109932220403
 0.633710872343186
 0.6336990169728114
 0.6337040836695456
 0.6336973409402662
 0.6337121451807606
 0.6337114953736696
 0.6336830962273292
 0.6336945834859783
 0.6327986631824839
 0.633713495828565
 0.6326143768450934
 0.6337099788739937
 0.6337139858673561
 0.6337141081352571
 0.6336469808961573
 0.6337134515325225
 0.633713910080166
 0.6336967922715258
 0.6337118579609882
 0.6337137591877041
 0.6337133748259274
 0.633631867648481
 0.633707376243926
 0.6337046646051547
 0.6337113575662473
 0.6332735359887119
 0.6336950156606248
 0.6337121458480174
 0.6337132308458271
 0.6337143497959469
 0.6337130222114133
 0.6337135244484405
 0.6328405257250741
 0.6337138539118089
 0.6337000182006182
 0.6337131944472743
 0.6337128160231325
 0.6337099060119276
 0.6337135182279097
 0.633710689279215
 0.6337090191129386
 0.6337077137633452
 0.633709716703354
 0.633713131142285
 0.6337126530198939
 0.6337124720189264
 0.6337133921235411
 0.6337137162070801
 0.6337098103116127
 0.6337070596286248
 0.6333099066820096
 0.6337136604200856
 0.6337105921426176
 0.6337110418203237
 0.6337134567224951
 0.6337125823586032
 0.633708208813209
 0.6336978349675331
 0.6336975720224163
 0.6337059220497969
 0.633709862654799
 0.6328880532065823
 0.6337142789283862
 0.6329652755820312
 0.6336967433883532
 0.6337109033482239
 0.4526478071590508
 0.5337968297003937
 0.5376773050262856
 0.4949072048825865
 0.4922920351364524
 0.5126516202203575
 0.4383685408743658
 0.4774494615716172
 0.4310807094250074
 0.4562295365981475
 0.4981892266169993
 0.5148102744216435
 0.4638378406694875
 0.482743624707558
 0.534353976824846
 0.4708819887614165
 0.5394215488214235
 0.480245080427009
 0.4962163953439038
 0.5028455435754569
 0.4909105682313694
 0.4861157090802396
 0.5171803956868888
 0.4508832360296697
 0.4598587464756122
 0.4925140797376967
 0.4959453064997367
 0.4892208818607264
 0.4128982018513138
 0.5256652173661801
 0.4455414814026115
 0.4665571384972865
 0.462514235846375
 0.4914659353959283
 0.5091238737313878
 0.5236942142601753
 0.506644368169564
 0.484381175165978
 0.4826055672813575
 0.4709115370629285
 0.4858613723347698
 0.5440803224585832
 0.4791191290747603
 0.4575329820630164
 0.5412059002681489
 0.5422713425712798
 0.5498491794379561
 0.5540487680375474
 0.5136136630104142
 0.4783903647179218
 0.4805397915055171
 0.4885505928642757
 0.5218151945000705
 0.4619358782788608
 0.5262361665734716
 0.4895937101546542
 0.4985413611384453
 0.4880028544138857
 0.4887001025595018
 0.4958641179719765
 0.5331130702837792
 0.5159872531845249
 0.4795170618903128
 0.4891191580213057
 0.5236987891269371
 0.4800118260625204
 0.4933662430472722
 0.5059840556063546
 0.4855068309333403
 0.5393335760995368
 0.5166901844595237
 0.5251702129065379
 0.4767411610554395
 0.5438312176492723
 0.5241336038595441
 0.5584526697860618
 0.4821439924398265
 0.5388957168496362
 0.4497368879062105
 0.5243974756931052
 0.4972158561117361
 0.523102041370148
 0.4850208439273131
 0.4722133603161059
 0.4795379826954263
 0.4797453609895492
 0.5369497809708798
 0.4831496578886892
 0.5133493448965963
 0.5088622579770186
 0.5388433346171982
 0.457742515266722
 0.5157928531170171
 0.4851674515549738
 0.4975735128561475
 0.4640102171114935
 0.5173127176641169
 0.4761226973749153
 0.5432033664207344
 0.5317581366220804


# name: PF
# type: matrix
# ndims: 3
 100 5 2
 0.4642774862631953
 0.6126474458801239
 0.4943121284997145
 0.6241051690918988
 0.7593032615671289
 0.5928952016087097
 0.5540913399354681
 0.3510613024967161
 0.3933900166022532
 0.5949696480090362
 0.3510665152228962
 0.6456755111574293
 0.554064220679982
 0.3510647313801573
 0.4450997844866229
 0.4785858485718553
 0.351066460586185
 0.5540968830221831
 0.1627657158250904
 0.1628206393061842
 0.6642565317367273
 0.5541232313820598
 0.1627904268244866
 0.1708262404199286
 0.1690397288738067
 0.6643328584433752
 0.162840300406136
 0.1519638103602115
 0.6642563810099339
 0.6642194337809497
 0.1628334061287149
 0.3510650037222967
 0.3510654297648001
 0.5264453308722773
 0.5118771116599063
 0.6284439163153217
 0.6959762805897334
 0.3510646179249202
 0.1627924334785675
 0.1708267032780578
 0.1708698509214205
 0.170882842324123
 0.1708810806662408
 0.1708797480631834
 0.170856961487968
 0.1708372034153294
 0.1628307401617115
 0.1708118694483067
 0.1708491054039376
 0.1708017790328765
 0.1628074256029796
 0.1708192565823274
 0.1628257178954956
 0.170808898739116
 0.1708475011040129
 0.1708410193453213
 0.1708744577167416
 0.1708619301659138
 0.1708765275196719
 0.1708744734297588
 0.1708554786831058
 0.1708035506738176
 0.1708622045893659
 0.1708398721295945
 0.6642329891180341
 0.1627810017167188
 0.1708065115986951
 0.1676835109451357
 0.1627946148905562
 0.1708797862950812
 0.170873731044232
 0.1708639430793643
 0.1708774819965175
 0.1708774301217412
 0.1708673467721927
 0.170833908505858
 0.1708013020110051
 0.1708585630732085
 0.1708799815505438
 0.1708025213051448
 0.1708618588555719
 0.1708449572379327
 0.1708183869058181
 0.1708860170538822
 0.1708817502519271
 0.1708752657896257
 0.1708851201834217
 0.1708193416112556
 0.1708531201169434
 0.1708237942606421
 0.1708689036604922
 0.1708831764465281
 0.1708875140827812
 0.1708872134487732
 0.1708858344753951
 0.1708848767277806
 0.1708878822786288
 0.170888298544489
 0.1708885985186365
 0.1708891403987639
 0.505065982177523
 0.5921053982579978
 0.7098586364057811
 0.5305221373182056
 0.4467190908133028
 0.5918493068932734
 0.1411445295184746
 0.1708651077770715
 0.170866055933605
 0.1708824058570103
 0.1708800195367942
 0.170887965791892
 0.1708891912232641
 0.170888150749322
 0.1708878057618944
 0.1708861043879442
 0.1708883659616164
 0.1708877661857436
 0.1708874788343458
 0.1708890940821499
 0.1708886731323258
 0.1708890227763847
 0.1708892353348063
 0.1708892141755739
 0.1708889657420859
 0.1708886191330516
 0.1708881379292256
 0.1708887990000176
 0.1708892826009969
 0.1708892258087462
 0.1708892984470369
 0.1708891773310953
 0.1708892379987154
 0.170889365279258
 0.1708893689269627
 0.1708893685230878
 0.1708893704342949
 0.1708893711243949
 0.1708893711679684
 0.1708893712005845
 0.1708893711929723
 0.1708893712028902
 0.1708893712078434
 0.1708893712041613
 0.1708893712101276
 0.1708893712085696
 0.1708893712110006
 0.170889371187916
 0.1708893711737021
 0.1708893712018406
 0.1708893712072404
 0.17088937120069
 0.1708893711765958
 0.1708893711166373
 0.1708893711682906
 0.1708893710944822
 0.1708893711534567
 0.1708893712033619
 0.1708893712018693
 0.1708893711840404
 0.1708893712040473
 0.170889371193136
 0.1708893711899847
 0.1708893711963035
 0.1708893712064558
 0.1708893712095061
 0.1708893712122336
 0.1708893712121801
 0.1708893712124488
 0.170889371212529
 0.1708893712125529
 0.1708893712125513
 0.1708893712125546
 0.1708893712125492
 0.1708893712125579
 0.1708893712125616
 0.1708893712125623
 0.1708893712125613
 0.1708893712125623
 0.170889371212563
 0.1708893712125631
 0.1708893712125631
 0.1708893712125631
 0.1708893712125631
 0.1708893712125631
 0.1708893712125631
 0.1708893712125631
 0.1708893712125631
 0.1708893712125631
 0.1708893712125631
 0.1708893712125631
 0.1708893712125631
 0.1708893712125631
 0.1708893712125631
 0.1708893712125631
 0.1708893712125631
 0.1708893712125631
 0.1708893712125631
 0.1708893712125631
 0.1708893712125631
 0.3143545819883211
 0.5700030302355737
 0.1934645835394678
 0.3167244040133145
 0.2324758796871736
 0.1894773745922148
 0.4335159893114235
 0.4946552134624601
 0.1536842607300165
 0.1514699969628403
 0.1610994091060508
 0.1663808611060378
 0.1595929124684841
 0.1546804008306002
 0.161455487001526
 0.1621958628568251
 0.1617807865945057
 0.1627564169815261
 0.1627898690555988
 0.1627983694559448
 0.1628012837217253
 0.1628028042084609
 0.1628020014412914
 0.1628026027647531
 0.1628023712983283
 0.1628090975225702
 0.1628027056013539
 0.1628101796944129
 0.162802548945698
 0.1628201669648739
 0.1628055371712313
 0.162811059814184
 0.1628025360857579
 0.1628023628594617
 0.1628023186532679
 0.1628024506822986
 0.16280236419046
 0.1628026657863721
 0.1628029372112317
 0.1628106995696804
 0.1628027952453963
 0.1628039555146142
 0.1628025503468809
 0.1628036682609438
 0.1628023600655304
 0.1628024380300833
 0.1628121014846066
 0.162802275591347
 0.1628047888201448
 0.1628024957426668
 0.1628023904433339
 0.1628022529068842
 0.1628023634276934
 0.1628025438681386
 0.1628022328499525
 0.1628024826689282
 0.1628027122752734
 0.1628023375195343
 0.1628027597047435
 0.162803710439714
 0.1628025081021355
 0.1628023523631972
 0.1628051831041204
 0.1628027933572492
 0.1628027234666979
 0.1628023895897711
 0.1628023913882024
 0.1628030073016745
 0.162802542350109
 0.1628075632737521
 0.1628039024238532
 0.1628023065931494
 0.1628029397285846
 0.1628026761797411
 0.1628024060548598
 0.1628038035307605
 0.1628023316292717
 0.162802374129174
 0.1628025454653753
 0.1628037149848374
 0.1628023586939059
 0.1628026036956035
 0.1628115468315724
 0.162803107969396
 0.1628040552886995
 0.1628023003609363
 0.1628026561272676
 0.1628067461254665
 0.1628024370935773
 0.1628023756299777
 0.1628034753641137
 0.1628024058793725
 0.1628026254462357
 0.1628023232689953
 0.1628023897450358
 0.1628024408157854
 0.1628024626298493
 0.1628050384660301
 0.1628023838183534
 0.1628039217276004
 0.1064104623491999
 0.1988570110134827
 0.6978836701573462
 0.3052988972075656
 0.6123385346707906
 0.1511046696192062
 0.02582224403074965
 0.04092111560830074
 0.06901684919155032
 0.06219356008921419
 0.06506727209360369
 0.06789325903324081
 0.07059311621334982
 0.07055802134610259
 0.07076078775421847
 0.07073013113597151
 0.06912258866604323
 0.06925611091124412
 0.07092605073108146
 0.06951102872975858
 0.07068287803461441
 0.07037691430089207
 0.07062728470530436
 0.06948822711972157
 0.07048891044653052
 0.07081743449915526
 0.07085845362977558
 0.07080604388821991
 0.07042262742828007
 0.0707809869828326
 0.07079365363027627
 0.06948247513125508
 0.06950134970917898
 0.07073925815459281
 0.07080695510242625
 0.07079310334741075
 0.07075900140454583
 0.07062703557034716
 0.07079398173390594
 0.07069197619126424
 0.06948269547780932
 0.07076736723338151
 0.07081218319667017
 0.07074823543794531
 0.07083601639392323
 0.070823571578775
 0.07080740201751504
 0.07086931172932436
 0.07086661695139254
 0.07078165443383405
 0.07085777855010272
 0.07076937260948202
 0.07075118224335422
 0.0708069014136662
 0.07076151013695195
 0.07055955740015155
 0.07079534606687374
 0.07058159783363474
 0.07053686839111234
 0.07078281370373685
 0.07038728563688362
 0.07079129387005215
 0.07074455974375077
 0.0694888944266647
 0.07060259980964845
 0.07079155241137111
 0.07062400684365
 0.07082047584105433
 0.07042397266714538
 0.0702923750231982
 0.07079128888712863
 0.07058573181718676
 0.07077092527356314
 0.07082183751710086
 0.07078325375459643
 0.06954312229011471
 0.07081293905809299
 0.07081844011966798
 0.07081335061290601
 0.07072372392278448
 0.07078638215242666
 0.06966398056876408
 0.069537011941606
 0.07075541262334785
 0.07045099958810855
 0.06949595178525628
 0.07081265147397095
 0.07081706204796157
 0.07073683677442849
 0.07080180743498113
 0.07038081357432013
 0.07078611546178527
 0.07078543387779902
 0.07083052381141933
 0.07080834562276289
 0.07080257559842702
 0.0707899317614481
 0.07078521210219069
 0.07065039190154457
 0.07077227453225943
 0.0002209033273290785
 0.0002584709326824562
 0.0005560599209164707
 0.002983299177331879
 0.0008150467277025304
 0.001375668240090397
 0.001496301415481623
 0.00112924408527026
 5.779440922285884e-05
 2.250115592332814e-05
 0.0004677019203702082
 0.0001816172578420544
 0.0001159518648438088
 0.0002197454692853717
 4.435887487647745e-05
 0.0002714191756878605
 0.0003028203495637372
 0.0006660591499174286
 0.0005171695471521875
 0.001364453796358266
 0.0005772758808969866
 5.715349918490598e-05
 0.0003376572148574924
 0.001440659696208268
 0.000256938291764585
 0.0001102063822613381
 5.668245627301173e-06
 6.621091518791734e-07
 7.884311698835682e-06
 0.001087125210847145
 0.0001726382659400238
 0.000497701592471436
 0.000757926108113252
 0.0001269190723213313
 0.0007714374627077426
 4.030405266263826e-05
 1.5127469893892e-05
 9.017203715887636e-05
 5.007078811926097e-05
 0.0001335710450299503
 0.0001488313263085458
 0.0001317783041097523
 0.0001046741550116248
 0.0003631552907536299
 0.0003315772160870187
 0.0001316836840851237
 0.0003607400115114255
 0.0002026618368449783
 0.0009144042221908755
 0.001936033807177789
 0.0004852435687277834
 0.0006689363434387147
 0.0001006041118951266
 0.0001255552642922702
 5.804467486699046e-05
 1.647795939208161e-05
 1.506928829372541e-05
 4.484741563461373e-06
 4.275073113797333e-06
 1.477027810223362e-05
 1.087113788967491e-06
 2.786232826904739e-07
 7.772395342459364e-07
 6.081668775906844e-06
 1.491335666306331e-06
 2.901060220368654e-07
 2.438729060838182e-07
 3.645175004260686e-07
 2.552051958602201e-06
 1.382114584788565e-06
 4.195864435142197e-06
 1.059241311117116e-06
 1.206837910958406e-06
 2.681760129350126e-08
 8.046320726070103e-08
 4.236723785797265e-08
 1.109093278220223e-08
 2.539655110126923e-09
 9.089366601391924e-09
 2.794145559457256e-10
 3.526095329348805e-10
 4.069891071292048e-11
 8.615534067418773e-12
 1.603663844513409e-10
 7.160967587134526e-11
 1.310051147423996e-10
 6.791633444871992e-12
 1.537509160785822e-11
 4.822483775160369e-12
 2.51428435363299e-12
 2.939957305381213e-13
 2.844218350422922e-12
 1.118417858325671e-12
 1.019534933907607e-13
 2.732146106576572e-14
 5.673044499443503e-14
 1.864610896240571e-14
 1.246203661098289e-14
 4.651661000831808e-14
 8.318107487526039e-15
 0.4644743596347657
 0.9281549776938585
 0.3931026206817742
 0.1708893712125631
 0.1708893712125631
 0.1708893712125631
 0.1708893712125631
 0.1708893712125631
 0.1708893712125631
 0.1708893712125631
 0.1708893712125631
 0.1708893712125631
 0.1708893712125631
 0.1708893712125631
 0.1708893712125631
 0.1708893712125631
 0.1708893712125631
 0.1708893712125631
 0.1708893712125631
 0.1708893712125631
 0.1708893712125631
 0.1708893712125631
 0.1708893712125631
 0.1708893712125631
 0.1708893712125631
 0.1708893712125631
 0.1708893712125631
 0.1708893712125631
 0.1708893712125631
 0.1708893712125631
 0.1708893712125631
 0.1708893712125631
 0.1708893712125631
 0.1708893712125631
 0.1708893712125631
 0.1708893712125631
 0.1708893712125631
 0.1708893712125631
 0.1708893712125631
 0.1708893712125631
 0.1708893712125631
 0.1708893712125631
 0.1708893712125631
 0.1708893712125631
 0.1708893712125631
 0.1708893712125631
 0.1708893712125631
 0.1708893712125631
 0.1708893712125631
 0.1708893712125631
 0.1708893712125631
 0.1708893712125631
 0.1708893712125631
 0.1708893712125631
 0.1708893712125631
 0.1708893712125631
 0.1708893712125631
 0.1708893712125631
 0.1708893712125631
 0.1708893712125631
 0.1708893712125631
 0.1708893712125631
 0.1708893712125631
 0.1708893712125631
 0.1708893712125631
 0.1708893712125631
 0.1708893712125631
 0.1708893712125631
 0.1708893712125631
 0.1708893712125631
 0.1708893712125631
 0.1708893712125631
 0.1708893712125631
 0.1708893712125631
 0.1708893712125631
 0.1708893712125631
 0.1708893712125631
 0.1708893712125631
 0.1708893712125631
 0.1708893712125631
 0.1708893712125631
 0.1708893712125631
 0.1708893712125631
 0.1708893712125631
 0.1708893712125631
 0.1708893712125631
 0.1708893712125631
 0.1708893712125631
 0.1708893712125631
 0.1708893712125631
 0.1708893712125631
 0.1708893712125631
 0.1708893712125631
 0.1708893712125631
 0.1708893712125631
 0.1708893712125631
 0.1708893712125631
 0.1708893712125631
 0.1708893712125631
 0.1708893712125631
 0.3283569076298936
 0.6978686961774401
 0.6797593559766442
 0.9281549776938585
 0.4871159966730531
 0.9281549776938585
 0.3468625612229372
 0.2505616379541359
 0.2768868391950065
 0.2617010962703789
 0.1708893712125631
 0.1708893712125631
 0.1708893712125631
 0.1708893712125631
 0.1708893712125631
 0.1708893712125631
 0.1708893712125631
 0.1708893712125631
 0.1708893712125631
 0.1708893712125631
 0.1708893712125631
 0.1708893712125631
 0.1708893712125631
 0.1708893712125631
 0.1708893712125631
 0.1708893712125631
 0.1708893712125631
 0.1708893712125631
 0.1708893712125631
 0.1708893712125631
 0.1708893712125631
 0.1708893712125631
 0.1708893712125631
 0.1708893712125631
 0.1708893712125631
 0.1708893712125631
 0.1708893712125631
 0.1708893712125631
 0.1708893712125631
 0.1708893712125631
 0.1708893712125631
 0.1708893712125631
 0.1708893712125631
 0.1708893712125631
 0.1708893712125631
 0.1708893712125631
 0.1708893712125631
 0.1708893712125631
 0.1708893712125631
 0.1708893712125631
 0.1708893712125631
 0.1708893712125631
 0.1708893712125631
 0.1708893712125631
 0.1708893712125631
 0.1708893712125631
 0.1708893712125631
 0.1708893712125631
 0.1708893712125631
 0.1708893712125631
 0.1708893712125631
 0.1708893712125631
 0.1708893712125631
 0.1708893712125631
 0.1708893712125631
 0.1708893712125631
 0.1708893712125631
 0.1708893712125631
 0.1708893712125631
 0.1708893712125631
 0.1708893712125631
 0.1708893712125631
 0.1708893712125631
 0.1708893712125631
 0.1708893712125631
 0.1708893712125631
 0.1708893712125631
 0.1708893712125631
 0.1708893712125631
 0.1708893712125631
 0.1708893712125631
 0.1708893712125631
 0.1708893712125631
 0.1708893712125631
 0.1708893712125631
 0.1708893712125631
 0.1708893712125631
 0.1708893712125631
 0.1708893712125631
 0.1708893712125631
 0.1708893712125631
 0.1708893712125631
 0.1708893712125631
 0.1708893712125631
 0.1708893712125631
 0.1708893712125631
 0.1708893712125631
 0.1708893712125631
 0.1708893712125631
 0.1708893712125631
 0.6797593559766442
 0.7836482089221997
 0.7836482089221997
 0.6927602780505576
 0.2712341680294873
 0.5798055962073715
 0.1013613470506834
 0.09307403104675821
 0.09111398838764063
 0.3392321307059685
 0.141738108754265
 0.1642258608523867
 0.3743863687996158
 0.3826194290166747
 0.6233591490542729
 0.3711389467771219
 0.3797378589158467
 0.1567531052613471
 0.1621616176443697
 0.1627456547924426
 0.1627919716180595
 0.1628029290332425
 0.1628037773809973
 0.1628030699835228
 0.162805826785367
 0.1628025613963652
 0.162802388613643
 0.1628040495833399
 0.1628023528335448
 0.1628025707282335
 0.1628052909501339
 0.1628025748383335
 0.1628023941257483
 0.1628024760522704
 0.16280400175315
 0.1628191923497551
 0.1628022431976287
 0.1628025046377387
 0.1628039978149253
 0.1628023233818922
 0.1628023610552239
 0.1628024826759897
 0.1628025749230076
 0.1628023137315384
 0.1628022537753448
 0.1628024745075432
 0.1628025796454172
 0.1628062257613525
 0.1628028680258912
 0.1628036815059838
 0.1628026847753171
 0.1628025844401946
 0.1628024554545068
 0.1628031176995465
 0.1628025187734949
 0.1628043936625096
 0.1628023608768139
 0.1628023639730301
 0.1628024709912185
 0.1628024038901864
 0.1628026436577285
 0.1628024809543702
 0.1628057561809587
 0.1628024427121575
 0.1628027367399793
 0.1628024458071917
 0.1628023490202517
 0.1628082602411416
 0.162802484882622
 0.1628024030464617
 0.1628023341577896
 0.1628022334247331
 0.1628033479064742
 0.162802347388736
 0.1628024251571669
 0.1628023260517122
 0.1628024774405961
 0.1628031496223047
 0.1628023339614567
 0.162807811356753
 0.1628023809489205
 0.1628023375907673
 0.162804187817288
 0.1628022910008259
 0.1628032932996932
 0.1628025177279449
 0.1628040089942181
 0.1628063102243687
 0.1628026245885554
 0.162802455619063
 0.1628024249979553
 0.1628027750514122
 0.1628026265049998
 0.1628060477167296
 0.1628023717767882
 0.1628024573992229
 0.1628029285584894
 0.162804377625575
 0.1628025007704726
 0.1628022405154844
 0.5843421132856451
 0.1596845734192364
 0.6063704913655767
 0.3668782878030921
 0.09272960334004286
 0.03436147406388243
 0.03377740843291068
 0.04426634905085441
 0.0701980775353601
 0.07028188311701353
 0.07095470806010762
 0.07013240153915604
 0.07078782211736112
 0.070817541723879
 0.07050531921613837
 0.07080755082072168
 0.06951196629127121
 0.06949887630354068
 0.06950620043460615
 0.07065160366993919
 0.07079512794945553
 0.07071181172735869
 0.07026240298251218
 0.07073000810272935
 0.07043847073325975
 0.07065930612077019
 0.07075901718531864
 0.07063284038534182
 0.07081958574111313
 0.07066417842449506
 0.07051872686886859
 0.07078950804494255
 0.07064191372134593
 0.07070751366173152
 0.07070489611808536
 0.07015546245383039
 0.07040937906521899
 0.07005516135305659
 0.07075635401888619
 0.07073019696846418
 0.06947887122969459
 0.06981713031526646
 0.0694736503286652
 0.07080934834720093
 0.06947354572319479
 0.07067036122657039
 0.07082857554659133
 0.07083337419937041
 0.06950238766654344
 0.07080761175218195
 0.07082560414598296
 0.06994441256979217
 0.06949030625437927
 0.07081968155004315
 0.07080459669089106
 0.06947738473944165
 0.07056023639201406
 0.07044092090977555
 0.0707248092014488
 0.06949337565816238
 0.0698399203742968
 0.07075620134962028
 0.07079894243336503
 0.07084285627285127
 0.07079076377627941
 0.07081047079392527
 0.06949607499761556
 0.07082335021774315
 0.07020608694739071
 0.070797507142453
 0.07078263483538259
 0.07066584902002375
 0.07081022831383794
 0.07069821733811274
 0.07062974646926298
 0.07057475858021833
 0.07065881036274635
 0.07079502627338344
 0.07077610252118116
 0.07076909414191171
 0.07080527988572641
 0.07081799615491977
 0.07066157643245233
 0.07054590330594301
 0.06947807839426179
 0.07081580700159795
 0.07069368519143529
 0.07071209530770725
 0.07080780137430341
 0.07077350840102356
 0.0705966273539945
 0.0695257538874994
 0.07008781063312162
 0.07049561276328919
 0.0706648372726858
 0.06947718343032866
 0.07084007473176401
 0.06948033538372905
 0.07001245616967913
 0.07070675674476573
 0.4970057907966491
 0.02805381534512391
 0.03398037864797613
 0.5111506829711442
 0.08649907846632018
 0.0879770751604273
 0.05548436957721538
 0.01323617224216246
 0.03184825505294787
 0.200472162358169
 0.01143887933173551
 0.1576939495424224
 0.08957925982673678
 0.05917482099620628
 0.006541608490985373
 0.004466891126903258
 0.009848793481663849
 0.002277265212593856
 0.0004862583449035457
 0.0003001605284189796
 0.0003216341948438486
 2.522856101862042e-05
 3.305863871483914e-05
 6.47173211197876e-07
 5.029424171066905e-08
 5.089800602015894e-08
 1.683034329307345e-09
 4.223500166353894e-09
 1.951999019876843e-08
 1.722289308760984e-08
 1.039670813741782e-09
 5.298810033110835e-09
 2.533593961582051e-09
 1.590708494287642e-10
 7.314663696793289e-11
 5.7993731344963e-12
 2.547602320074338e-12
 1.220443668001336e-12
 4.813757899235771e-13
 3.017312961983709e-14
 1.587250296475329e-14
 5.432698561846916e-14
 7.519614271533914e-14
 1.024234950325331e-13
 2.03964449496663e-14
 1.000718605204121e-14
 1.354016725130247e-14
 2.585453552639283e-14
 1.278014152839013e-14
 2.354301649465373e-14
 5.801067091970591e-14
 5.98136991325493e-14
 2.825235705106177e-14
 3.399136441067929e-14
 4.523204727435726e-14
 8.779435511918621e-15
 4.262302316648814e-14
 4.7345374148966e-14
 1.723787607880306e-10
 2.189719759682074e-14
 1.792489767726835e-14
 1.232781238202918e-14
 1.027194822256217e-14
 3.334604727761592e-14
 7.583018414580867e-15
 1.648767927742156e-14
 1.832041462979106e-14
 5.044467447923306e-14
 2.973207617606999e-14
 1.029536698948785e-14
 1.028994597862543e-14
 3.578452638375307e-14
 1.425075335514947e-14
 1.299372935636978e-14
 1.993435798375298e-14
 9.703446813419392e-15
 3.868151458863434e-14
 4.139288738158609e-14
 2.68665298341908e-14
 5.862714827498117e-15
 2.918834878656851e-14
 1.196427939359479e-14
 1.027585135038311e-14
 2.96711440139763e-14
 3.301330563088012e-14
 7.217533862236003e-14
 3.107496898691053e-14
 5.8938964819788e-14
 2.884758404375631e-14
 1.028604285080448e-14
 2.128440652893193e-14
 1.580116246180374e-14
 2.172979678138898e-14
 1.828680436244401e-14
 2.169531915230394e-14
 4.046502716237299e-14
 2.172350840878856e-14
 2.55353464068131e-14
 9.854964067024241e-15
 1.027910395690057e-14


# name: PV
# type: matrix
# ndims: 3
 100 5 2
 0.5580934426089388
 0.5507535854547123
 0.4842028165740215
 0.5565135367057115
 0.5236436118459359
 0.5908155046405303
 0.5755197387391239
 0.5489251566154864
 0.54779522900788
 0.4900493644573705
 0.548926665818004
 0.6116587458808362
 0.5755202208823089
 0.5489281758973368
 0.5464197744265508
 0.5455272785077898
 0.548924640445513
 0.5755226995678439
 0.6299479386375487
 0.6299610341618408
 0.6189857136760576
 0.5755245491490346
 0.6299538156582112
 0.6372779698909042
 0.6356640628720731
 0.619001046418811
 0.6299657042441212
 0.6293495569914521
 0.618985745603767
 0.6189783520959631
 0.6299640660800973
 0.5489273803626469
 0.5489266832212469
 0.5442518263738604
 0.5174819893405693
 0.4891579516853205
 0.4873594746055945
 0.5489280253120885
 0.6299543224297574
 0.6372781089157981
 0.6372890534433084
 0.6372923487494888
 0.6372919019000581
 0.6372915638815347
 0.6372857840027223
 0.6372807723122477
 0.6299634329866329
 0.6372743462820273
 0.6372837912858389
 0.6372717868200831
 0.6299578880428995
 0.6372762200491459
 0.6299622385319952
 0.6372735927533896
 0.6372833843507043
 0.6372817402345683
 0.6372902219705627
 0.6372870443224227
 0.6372907469818376
 0.6372902259562132
 0.6372854078858493
 0.6372722362017428
 0.6372871139306954
 0.637281449240108
 0.6189810530850959
 0.6299516036021215
 0.6372729872485803
 0.6344029547290913
 0.6299548412479398
 0.6372915735792916
 0.6372900376480577
 0.6372875549035222
 0.637290989087546
 0.6372909759293653
 0.6372884182596836
 0.6372799365503463
 0.6372716658221608
 0.6372861902499852
 0.6372916231063835
 0.6372719750995137
 0.6372870262343562
 0.6372827390919933
 0.6372759994532893
 0.6372931540286062
 0.637292071742413
 0.6372904269404994
 0.6372929265349174
 0.637276241616981
 0.6372848096289772
 0.6372773710438926
 0.6372888131687346
 0.6372924335006435
 0.6372935337541538
 0.6372934574975008
 0.6372931077170647
 0.6372928647817163
 0.6372936271480554
 0.6372937327350495
 0.6372938088243272
 0.6372939462737299
 0.290792782153253
 0.1963185090919625
 0.250602551019431
 0.3232171498460227
 0.3034797846415788
 0.2589302294040274
 0.4359752455078899
 0.4352508978932506
 0.4352489173392406
 0.4352484008573332
 0.4352489502862473
 0.4352483288634466
 0.435247941073291
 0.4352482509849842
 0.4352482377503993
 0.435248293766977
 0.4352480170380022
 0.4352482380111538
 0.4352482372287935
 0.4352481715658332
 0.4352481851338584
 0.4352481729385221
 0.4352481656084253
 0.4352481659119178
 0.4352481748297054
 0.4352481870243726
 0.4352482038165988
 0.4352481805373045
 0.4352481639125849
 0.4352481659010692
 0.4352481633609457
 0.435248167618691
 0.4352481654861552
 0.435248161016614
 0.4352481608858347
 0.4352481608960053
 0.4352481608384701
 0.4352481608146944
 0.4352481608130752
 0.4352481608124484
 0.4352481608126889
 0.435248160812326
 0.4352481608122093
 0.4352481608123426
 0.4352481608121614
 0.4352481608122147
 0.4352481608121263
 0.4352481608126764
 0.4352481608130683
 0.4352481608124215
 0.4352481608122526
 0.4352481608124903
 0.4352481608133417
 0.4352481608154478
 0.4352481608136335
 0.4352481608162261
 0.4352481608141546
 0.4352481608124019
 0.4352481608124543
 0.4352481608130805
 0.4352481608123778
 0.435248160812761
 0.4352481608128717
 0.4352481608126497
 0.4352481608122932
 0.435248160812186
 0.4352481608120902
 0.4352481608120922
 0.4352481608120826
 0.4352481608120799
 0.435248160812079
 0.4352481608120791
 0.4352481608120789
 0.4352481608120791
 0.4352481608120788
 0.4352481608120787
 0.4352481608120786
 0.4352481608120787
 0.4352481608120786
 0.4352481608120786
 0.4352481608120786
 0.4352481608120786
 0.4352481608120786
 0.4352481608120786
 0.4352481608120786
 0.4352481608120786
 0.4352481608120786
 0.4352481608120786
 0.4352481608120786
 0.4352481608120786
 0.4352481608120786
 0.4352481608120786
 0.4352481608120786
 0.4352481608120786
 0.4352481608120786
 0.4352481608120786
 0.4352481608120786
 0.4352481608120786
 0.4352481608120786
 0.4352481608120786
 0.1242579064666788
 0.004809189359924637
 0.2063976481056583
 0.1418239647336372
 0.192621460657687
 0.1911949153676153
 0.06374016426136114
 0.02702631898642599
 0.2324916392409683
 0.2393845086548616
 0.2369283624099105
 0.2333944456731559
 0.2385358484164823
 0.2408539056820712
 0.2376569396180478
 0.2373075608146872
 0.2375034353997459
 0.2370430497510475
 0.2370272636710852
 0.2370232528234534
 0.2370218775985843
 0.2370211598622702
 0.2370215389468152
 0.237021255119072
 0.2370213644225027
 0.2370181879868498
 0.2370212065558674
 0.2370176769409003
 0.2370212805371583
 0.2370129605053961
 0.2370198693614998
 0.2370172613218427
 0.2370212866108676
 0.2370213684062318
 0.2370213892942254
 0.2370213269245426
 0.2370213677882915
 0.2370212253627352
 0.2370210971844708
 0.237017431447509
 0.2370211642278432
 0.2370206162962553
 0.2370212798801554
 0.2370207519505194
 0.237021369739655
 0.2370213329212668
 0.2370167694003694
 0.2370214096321952
 0.2370202227717292
 0.2370213056667711
 0.2370213553938853
 0.237021420344826
 0.2370213681518943
 0.2370212829397436
 0.2370214298166176
 0.2370213118407826
 0.2370212034102672
 0.2370213803869004
 0.2370211810119232
 0.2370207320318101
 0.2370212998300703
 0.2370213733770506
 0.2370200365729783
 0.2370211651196859
 0.2370211981251696
 0.2370213557969763
 0.2370213549476755
 0.2370210640854385
 0.237021283656626
 0.237018912549077
 0.2370206413682043
 0.2370213949917401
 0.237021095996512
 0.2370212204562124
 0.2370213480214157
 0.2370206880700017
 0.2370213831685492
 0.2370213630981705
 0.2370212821854562
 0.237020729885397
 0.2370213703874032
 0.2370212546865051
 0.2370170313326533
 0.237021016545581
 0.2370205691785005
 0.2370213979348734
 0.2370212299258986
 0.2370192984435073
 0.2370213333635275
 0.2370213623894231
 0.2370208430451555
 0.2370213481042887
 0.2370212444148715
 0.2370213871166504
 0.2370213557236533
 0.2370213316057323
 0.2370213213041433
 0.2370201048776355
 0.2370213585225012
 0.2370206322521006
 0.06075006841146972
 -0.006987857297186706
 -0.3801433450782234
 -0.08704414888488482
 -0.346491887979622
 0.02983779590399838
 0.1379333644474054
 0.1275091291545153
 0.1066111432697757
 0.1116789536170788
 0.1095230962040261
 0.1074001624998994
 0.1054784653080789
 0.1055076539752896
 0.1053574401275217
 0.1053800913849673
 0.1065777746003711
 0.1062509213181347
 0.1052336495153885
 0.1061449753909529
 0.1054153940403656
 0.1056431066159026
 0.1054567824121892
 0.1059854450108473
 0.105559741908823
 0.1053153495597307
 0.1052848467121725
 0.1053238198897073
 0.1056090846241086
 0.1053424530833
 0.1053330337246549
 0.1060838533178321
 0.1060912590229575
 0.1053734867157907
 0.1053231436838747
 0.1053334429701401
 0.1053588048263464
 0.1054569677086906
 0.10533278973881
 0.1054086527751972
 0.1060498146108401
 0.1053525815812303
 0.105319254626364
 0.1053668104815164
 0.1053015321253258
 0.1053107858980386
 0.1053228100395465
 0.1052767721906993
 0.1052787761082057
 0.1053419573008511
 0.105285348684359
 0.1053510903357255
 0.1053646191981598
 0.1053231822997693
 0.1053569368007335
 0.1055071583653551
 0.1053317755868654
 0.1054907648335096
 0.1055240472789942
 0.1053410946002927
 0.1056354069341975
 0.1053347885113045
 0.1053695430638858
 0.1062154410223114
 0.1054751497930038
 0.1053345964464293
 0.1054592168015523
 0.1053130879653229
 0.1056080816550085
 0.1057060656983678
 0.1053347925009352
 0.1054876903616952
 0.1053499351767608
 0.1053120754053099
 0.1053407675836237
 0.1061543565990387
 0.1053186925335975
 0.1053146017918363
 0.1053183866384801
 0.1053850378490176
 0.1053384410081619
 0.1061758351673655
 0.1061101593312842
 0.1053614757079911
 0.105587954671541
 0.1062481494015526
 0.1053189063923959
 0.1053156265634867
 0.1053752877517513
 0.105326972707721
 0.1056402010776674
 0.1053386393226357
 0.1053391463943698
 0.105305616034802
 0.1053221083450804
 0.1053263995932459
 0.1053358014109612
 0.1053393123670842
 0.1054395962978458
 0.105348933411798
 -0.0002209033273290785
 -0.0002584709326824562
 -0.0005560599209164707
 -0.002983299177331879
 -0.0008150467277025304
 -0.001375668240090397
 -0.001496301415481623
 -0.00112924408527026
 -5.779440922285884e-05
 -2.250115592332814e-05
 -0.0004677019203702082
 -0.0001816172578420544
 -0.0001159518648438088
 -0.0002197454692853717
 -4.435887487647745e-05
 -0.0002714191756878605
 -0.0003028203495637372
 -0.0006660591499174286
 -0.0005171695471521875
 -0.001364453796358266
 -0.0005772758808969866
 -5.715349918490598e-05
 -0.0003376572148574924
 -0.001440659696208268
 -0.000256938291764585
 -0.0001102063822613381
 -5.668245627301173e-06
 -6.621091518791734e-07
 -7.884311698835682e-06
 -0.001087125210847145
 -0.0001726382659400238
 -0.000497701592471436
 -0.000757926108113252
 -0.0001269190723213313
 -0.0007714374627077426
 -4.030405266263826e-05
 -1.5127469893892e-05
 -9.017203715887636e-05
 -5.007078811926097e-05
 -0.0001335710450299503
 -0.0001488313263085458
 -0.0001317783041097523
 -0.0001046741550116248
 -0.0003631552907536299
 -0.0003315772160870187
 -0.0001316836840851237
 -0.0003607400115114255
 -0.0002026618368449783
 -0.0009144042221908755
 -0.001936033807177789
 -0.0004852435687277834
 -0.0006689363434387147
 -0.0001006041118951266
 -0.0001255552642922702
 -5.804467486699046e-05
 -1.647795939208161e-05
 -1.506928829372541e-05
 -4.484741563461373e-06
 -4.275073113797333e-06
 -1.477027810223362e-05
 -1.087113788967491e-06
 -2.786232826904739e-07
 -7.772395342459364e-07
 -6.081668775906844e-06
 -1.491335666306331e-06
 -2.901060220368654e-07
 -2.438729060838182e-07
 -3.645175004260686e-07
 -2.552051958602201e-06
 -1.382114584788565e-06
 -4.195864435142197e-06
 -1.059241311117116e-06
 -1.206837910958406e-06
 -2.681760129350126e-08
 -8.046320726070103e-08
 -4.236723785797265e-08
 -1.109093278220223e-08
 -2.539655110126923e-09
 -9.089366601391924e-09
 -2.794145559457256e-10
 -3.526095329348805e-10
 -4.069891071292048e-11
 -8.615534067418773e-12
 -1.603663844513409e-10
 -7.160967587134526e-11
 -1.310051147423996e-10
 -6.791633444871992e-12
 -1.537509160785822e-11
 -4.822483775160369e-12
 -2.51428435363299e-12
 -2.939957305381213e-13
 -2.844218350422922e-12
 -1.118417858325671e-12
 -1.019534933907607e-13
 -2.732146106576572e-14
 -5.673044499443503e-14
 -1.864610896240571e-14
 -1.246203661098289e-14
 -4.651661000831808e-14
 -8.318107487526039e-15
 0.5581386086147301
 0.584744690077629
 0.5958594301941686
 0.6372940048202925
 0.6372940048202925
 0.6372940048202925
 0.6372940048202925
 0.6372940048202925
 0.6372940048202925
 0.6372940048202925
 0.6372940048202925
 0.6372940048202925
 0.6372940048202925
 0.6372940048202925
 0.6372940048202925
 0.6372940048202925
 0.6372940048202925
 0.6372940048202925
 0.6372940048202925
 0.6372940048202925
 0.6372940048202925
 0.6372940048202925
 0.6372940048202925
 0.6372940048202925
 0.6372940048202925
 0.6372940048202925
 0.6372940048202925
 0.6372940048202925
 0.6372940048202925
 0.6372940048202925
 0.6372940048202925
 0.6372940048202925
 0.6372940048202925
 0.6372940048202925
 0.6372940048202925
 0.6372940048202925
 0.6372940048202925
 0.6372940048202925
 0.6372940048202925
 0.6372940048202925
 0.6372940048202925
 0.6372940048202925
 0.6372940048202925
 0.6372940048202925
 0.6372940048202925
 0.6372940048202925
 0.6372940048202925
 0.6372940048202925
 0.6372940048202925
 0.6372940048202925
 0.6372940048202925
 0.6372940048202925
 0.6372940048202925
 0.6372940048202925
 0.6372940048202925
 0.6372940048202925
 0.6372940048202925
 0.6372940048202925
 0.6372940048202925
 0.6372940048202925
 0.6372940048202925
 0.6372940048202925
 0.6372940048202925
 0.6372940048202925
 0.6372940048202925
 0.6372940048202925
 0.6372940048202925
 0.6372940048202925
 0.6372940048202925
 0.6372940048202925
 0.6372940048202925
 0.6372940048202925
 0.6372940048202925
 0.6372940048202925
 0.6372940048202925
 0.6372940048202925
 0.6372940048202925
 0.6372940048202925
 0.6372940048202925
 0.6372940048202925
 0.6372940048202925
 0.6372940048202925
 0.6372940048202925
 0.6372940048202925
 0.6372940048202925
 0.6372940048202925
 0.6372940048202925
 0.6372940048202925
 0.6372940048202925
 0.6372940048202925
 0.6372940048202925
 0.6372940048202925
 0.6372940048202925
 0.6372940048202925
 0.6372940048202925
 0.6372940048202925
 0.6372940048202925
 0.6372940048202925
 0.6372940048202925
 0.6372940048202925
 0.3429156458938892
 0.2531036953938171
 0.2712291947296244
 0.2065197731347571
 0.3289250368715285
 0.2065197731347571
 0.3596249535370225
 0.4061773435560336
 0.3994762333751117
 0.4039048829105809
 0.4352481608120786
 0.4352481608120786
 0.4352481608120786
 0.4352481608120786
 0.4352481608120786
 0.4352481608120786
 0.4352481608120786
 0.4352481608120786
 0.4352481608120786
 0.4352481608120786
 0.4352481608120786
 0.4352481608120786
 0.4352481608120786
 0.4352481608120786
 0.4352481608120786
 0.4352481608120786
 0.4352481608120786
 0.4352481608120786
 0.4352481608120786
 0.4352481608120786
 0.4352481608120786
 0.4352481608120786
 0.4352481608120786
 0.4352481608120786
 0.4352481608120786
 0.4352481608120786
 0.4352481608120786
 0.4352481608120786
 0.4352481608120786
 0.4352481608120786
 0.4352481608120786
 0.4352481608120786
 0.4352481608120786
 0.4352481608120786
 0.4352481608120786
 0.4352481608120786
 0.4352481608120786
 0.4352481608120786
 0.4352481608120786
 0.4352481608120786
 0.4352481608120786
 0.4352481608120786
 0.4352481608120786
 0.4352481608120786
 0.4352481608120786
 0.4352481608120786
 0.4352481608120786
 0.4352481608120786
 0.4352481608120786
 0.4352481608120786
 0.4352481608120786
 0.4352481608120786
 0.4352481608120786
 0.4352481608120786
 0.4352481608120786
 0.4352481608120786
 0.4352481608120786
 0.4352481608120786
 0.4352481608120786
 0.4352481608120786
 0.4352481608120786
 0.4352481608120786
 0.4352481608120786
 0.4352481608120786
 0.4352481608120786
 0.4352481608120786
 0.4352481608120786
 0.4352481608120786
 0.4352481608120786
 0.4352481608120786
 0.4352481608120786
 0.4352481608120786
 0.4352481608120786
 0.4352481608120786
 0.4352481608120786
 0.4352481608120786
 0.4352481608120786
 0.4352481608120786
 0.4352481608120786
 0.4352481608120786
 0.4352481608120786
 0.4352481608120786
 0.4352481608120786
 0.4352481608120786
 0.4352481608120786
 0.4352481608120786
 0.4352481608120786
 0.4352481608120786
 0.4352481608120786
 0.4352481608120786
 -0.04576698883913177
 -0.1231146502217365
 -0.1231146502217365
 -0.07646045126347401
 0.141068081334298
 0.006984078520018866
 0.2665684859764341
 0.2694261290619165
 0.2712269640585792
 0.1374691384860663
 0.2469688632385571
 0.2363491281957436
 0.1206111986019244
 0.116656313926617
 -0.04095187370872799
 0.1220804906837232
 0.1181107066232616
 0.2398781018374965
 0.2373239573310621
 0.237048148537874
 0.2370262756350632
 0.237021101047337
 0.2370207004191043
 0.2370210344842308
 0.2370197325975405
 0.2370212746621212
 0.2370213562579482
 0.2370205718728297
 0.2370213731549311
 0.2370212702551904
 0.2370199856432063
 0.237021268314215
 0.2370213536548824
 0.2370213149654681
 0.2370205944604117
 0.2370134207726911
 0.2370214249299763
 0.2370213014661154
 0.2370205963202198
 0.2370213870633354
 0.2370213692722818
 0.2370213118374478
 0.237021268274228
 0.2370213916206695
 0.2370214199346996
 0.2370213156949583
 0.2370212660440923
 0.23701954418301
 0.2370211298577714
 0.237020745695628
 0.2370212163969921
 0.2370212637797813
 0.237021324692665
 0.2370210119505632
 0.237021294790571
 0.2370204093830618
 0.2370213693565351
 0.2370213678943617
 0.237021317355526
 0.2370213490436725
 0.2370212358145797
 0.2370213126504746
 0.2370197659401398
 0.2370213307101795
 0.2370211918569251
 0.2370213292485641
 0.2370213749557408
 0.237018583409509
 0.2370213107953762
 0.2370213494421175
 0.2370213819744686
 0.2370214295451802
 0.2370209032364256
 0.2370213757262164
 0.2370213390004411
 0.2370213858025255
 0.2370213143098378
 0.237020996875191
 0.2370213820671859
 0.237018795393048
 0.2370213598775773
 0.2370213803532611
 0.2370205065924985
 0.2370214023551414
 0.2370209290242208
 0.2370212952843271
 0.2370205910408513
 0.2370195042957483
 0.2370212448199069
 0.2370213246149542
 0.237021339075628
 0.2370211737645312
 0.2370212439148751
 0.2370196282637448
 0.2370213642090736
 0.237021323774282
 0.2370211012715369
 0.2370204169564288
 0.2370213032924135
 0.2370214261966063
 -0.2888402859895879
 0.02266325147598833
 -0.3031670634724741
 -0.1197077341594131
 0.08746388031410625
 0.1270242570596098
 0.1319537321680253
 0.124992483855014
 0.1057746194410161
 0.1057150769730567
 0.1052136202915143
 0.105825977626885
 0.1053373877898173
 0.1053152856209952
 0.1055475544573812
 0.1053227079036897
 0.1062906465423454
 0.1062597182083583
 0.1060402728649465
 0.105438711218788
 0.1053319554677033
 0.1053939031836274
 0.105728428202904
 0.1053803766423364
 0.105597296870012
 0.1054329972600174
 0.1053588156510353
 0.1054527767362551
 0.1053137780578542
 0.1054294868633752
 0.1055375960198164
 0.1053362720194712
 0.1054459313601037
 0.1053971130592114
 0.1053990459972325
 0.1058081574028301
 0.1056189866184721
 0.1058829642202741
 0.1053607707810255
 0.1053802261170693
 0.1063116206345614
 0.1060607981350447
 0.1060944280491221
 0.1053213626967405
 0.1060484349188772
 0.1054247237985706
 0.1053070648068955
 0.1053034963842865
 0.1062849544741317
 0.1053226540689942
 0.1053092744105543
 0.1059658886405373
 0.1063102347994626
 0.1053136786343937
 0.1053248961883135
 0.106299928357539
 0.105506666766971
 0.105595475468957
 0.1053842324904752
 0.1061983522535562
 0.1060438136344336
 0.1053608854497891
 0.105329100886433
 0.1052964452443483
 0.1053351827206438
 0.1053205280166662
 0.1060880751830569
 0.1053109508146449
 0.1057704393396115
 0.1053301682549788
 0.1053412278792462
 0.1054280897379641
 0.105320708321599
 0.1054040093162192
 0.1054549449262874
 0.1054958595056726
 0.1054333214037787
 0.1053320130805337
 0.1053460863640876
 0.1053512973982978
 0.1053243881165905
 0.1053149319355802
 0.1054312702535639
 0.1055173374276989
 0.1062189178748061
 0.1053165598538229
 0.1054073841420779
 0.1053936889743005
 0.1053225131498962
 0.1053480142888831
 0.1054795816878064
 0.1062801433262587
 0.1058585350307629
 0.1055547709399823
 0.1054288377091854
 0.1061141257288991
 0.1052985136832735
 0.106131067357711
 0.105914843719829
 0.1053976582784817
 -0.4970057907966491
 -0.02805381534512391
 -0.03398037864797613
 -0.5111506829711442
 -0.08649907846632018
 -0.0879770751604273
 -0.05548436957721538
 -0.01323617224216246
 -0.03184825505294787
 -0.200472162358169
 -0.01143887933173551
 -0.1576939495424224
 -0.08957925982673678
 -0.05917482099620628
 -0.006541608490985373
 -0.004466891126903258
 -0.009848793481663849
 -0.002277265212593856
 -0.0004862583449035457
 -0.0003001605284189796
 -0.0003216341948438486
 -2.522856101862042e-05
 -3.305863871483914e-05
 -6.47173211197876e-07
 -5.029424171066905e-08
 -5.089800602015894e-08
 -1.683034329307345e-09
 -4.223500166353894e-09
 -1.951999019876843e-08
 -1.722289308760984e-08
 -1.039670813741782e-09
 -5.298810033110835e-09
 -2.533593961582051e-09
 -1.590708494287642e-10
 -7.314663696793289e-11
 -5.7993731344963e-12
 -2.547602320074338e-12
 -1.220443668001336e-12
 -4.813757899235771e-13
 -3.017312961983709e-14
 -1.587250296475329e-14
 -5.432698561846916e-14
 -7.519614271533914e-14
 -1.024234950325331e-13
 -2.03964449496663e-14
 -1.000718605204121e-14
 -1.354016725130247e-14
 -2.585453552639283e-14
 -1.278014152839013e-14
 -2.354301649465373e-14
 -5.801067091970591e-14
 -5.98136991325493e-14
 -2.825235705106177e-14
 -3.399136441067929e-14
 -4.523204727435726e-14
 -8.779435511918621e-15
 -4.262302316648814e-14
 -4.7345374148966e-14
 -1.723787607880306e-10
 -2.189719759682074e-14
 -1.792489767726835e-14
 -1.232781238202918e-14
 -1.027194822256217e-14
 -3.334604727761592e-14
 -7.583018414580867e-15
 -1.648767927742156e-14
 -1.832041462979106e-14
 -5.044467447923306e-14
 -2.973207617606999e-14
 -1.029536698948785e-14
 -1.028994597862543e-14
 -3.578452638375307e-14
 -1.425075335514947e-14
 -1.299372935636978e-14
 -1.993435798375298e-14
 -9.703446813419392e-15
 -3.868151458863434e-14
 -4.139288738158609e-14
 -2.68665298341908e-14
 -5.862714827498117e-15
 -2.918834878656851e-14
 -1.196427939359479e-14
 -1.027585135038311e-14
 -2.96711440139763e-14
 -3.301330563088012e-14
 -7.217533862236003e-14
 -3.107496898691053e-14
 -5.8938964819788e-14
 -2.884758404375631e-14
 -1.028604285080448e-14
 -2.128440652893193e-14
 -1.580116246180374e-14
 -2.172979678138898e-14
 -1.828680436244401e-14
 -2.169531915230394e-14
 -4.046502716237299e-14
 -2.172350840878856e-14
 -2.55353464068131e-14
 -9.854964067024241e-15
 -1.027910395690057e-14


