# Created by Octave 4.0.0, Sat Apr 21 07:15:17 2018 CEST <olethros@olethros-OptiPlex-9010>
# name: PU
# type: matrix
# ndims: 3
 100 5 2
 0.6578881936485885
 0.7407213785373612
 0.7407344692028588
 0.7440647784175195
 0.7440645383378074
 0.7440670713615394
 0.7440674683765319
 0.7440675614738872
 0.744067578626731
 0.7440675742695819
 0.7440675903882008
 0.7440675958885881
 0.7440675962803744
 0.7440675963907659
 0.7440675964351982
 0.7440675964404845
 0.7440675964322763
 0.7440675964328053
 0.7440675964179159
 0.7440675964084453
 0.7440675964309629
 0.744067596428702
 0.7440675964410606
 0.7440675964427681
 0.7440675964428248
 0.7440675964428431
 0.7440675964428491
 0.7440675964428507
 0.7440675964428514
 0.7440675964428516
 0.7440675964428515
 0.7440675964428515
 0.7440675964428516
 0.7440675964428516
 0.7440675964428516
 0.7440675964428516
 0.7440675964428516
 0.7440675964428516
 0.7440675964428516
 0.7440675964428516
 0.7440675964428516
 0.7440675964428516
 0.7440675964428516
 0.7440675964428516
 0.7440675964428516
 0.7440675964428516
 0.7440675964428516
 0.7440675964428516
 0.7440675964428516
 0.7440675964428516
 0.7440675964428516
 0.7440675964428516
 0.7440675964428516
 0.7440675964428516
 0.7440675964428516
 0.7440675964428516
 0.7440675964428516
 0.7440675964428516
 0.7440675964428516
 0.7440675964428516
 0.7440675964428516
 0.7440675964428516
 0.7440675964428516
 0.7440675964428516
 0.7440675964428516
 0.7440675964428516
 0.7440675964428516
 0.7440675964428516
 0.7440675964428516
 0.7440675964428516
 0.7440675964428516
 0.7440675964428516
 0.7440675964428516
 0.7440675964428516
 0.7440675964428516
 0.7440675964428516
 0.7440675964428516
 0.7440675964428516
 0.7440675964428516
 0.7440675964428516
 0.7440675964428516
 0.7440675964428516
 0.7440675964428516
 0.7440675964428516
 0.7440675964428516
 0.7440675964428516
 0.7440675964428516
 0.7440675964428516
 0.7440675964428516
 0.7440675964428516
 0.7440675964428516
 0.7440675964428516
 0.7440675964428516
 0.7440675964428516
 0.7440675964428516
 0.7440675964428516
 0.7440675964428516
 0.7440675964428516
 0.7440675964428516
 0.7440675964428516
 0.6584436449504225
 0.6578784318172183
 0.653193913726168
 0.6458115783571908
 0.6514512698663441
 0.7353967771438271
 0.7360588583630406
 0.736100825837499
 0.7361053859655652
 0.7361029314041035
 0.7361096566957366
 0.7360811457569194
 0.7360709222648087
 0.736107964000392
 0.7360801056861405
 0.7360947726646413
 0.7360770070884118
 0.7360671651584419
 0.7360659783709338
 0.736065605992844
 0.7360654462418783
 0.7360653751330911
 0.7360653681892392
 0.7360653694931757
 0.7360653645257027
 0.7360653653685952
 0.7360653641724237
 0.7360653643832356
 0.7360653650783577
 0.7360653641201844
 0.7360653641952717
 0.7360653642823032
 0.7360653643363905
 0.736065364608908
 0.7360653637344313
 0.7360653638371075
 0.7360653636974732
 0.7360653637235871
 0.7360653636383572
 0.7360653636265211
 0.736065363624143
 0.7360653636229679
 0.7360653636243752
 0.7360653636226241
 0.736065363622983
 0.736065363622898
 0.7360653636224068
 0.7360653636234749
 0.7360653636232946
 0.7360653636222086
 0.7360653636221589
 0.7360653636228599
 0.7360653636228004
 0.7360653636246446
 0.7360653636226238
 0.7360653636235919
 0.7360653636230283
 0.7360653636250734
 0.736065363624409
 0.7360653636231946
 0.7360653636239493
 0.7360653636227698
 0.7360653636261703
 0.7360653636231621
 0.7360653636224197
 0.7360653636226157
 0.7360653636226573
 0.7360653636236377
 0.7360653636232645
 0.7360653636251262
 0.7360653636242152
 0.736065363621965
 0.7360653636219657
 0.7360653636233745
 0.7360653636229172
 0.7360653636230189
 0.7360653636226009
 0.7360653636230181
 0.7360653636227524
 0.7360653636235018
 0.7360653636238312
 0.7360653636226722
 0.7360653636225131
 0.7360653636236134
 0.7360653636243769
 0.7360653636221419
 0.7360653636228562
 0.7360653636234887
 0.7360653636234286
 0.7360653636227882
 0.7360653636220184
 0.7360653636235835
 0.7360653636235571
 0.7360653636239877
 0.7360653636228653
 0.7360653636224662
 0.7360653636240391
 0.73606536362219
 0.7360653636227291
 0.7360653636218162
 0.6696376674279398
 0.6773674079929265
 0.6833597936071885
 0.6953973825709203
 0.728696311578286
 0.7295634883342251
 0.7295441684258988
 0.7296231751311303
 0.7296457034411875
 0.729645886220179
 0.7296407798196366
 0.7296510760446953
 0.7295992820915778
 0.7296054357950659
 0.7296269301040613
 0.7296256075508597
 0.7296177258453478
 0.7296479720640403
 0.7296367484664743
 0.7296330450787316
 0.7296315113302421
 0.7296358805690057
 0.729621243422357
 0.7296119286820399
 0.7296192079029676
 0.72961602258749
 0.7296598077061833
 0.7296553994581789
 0.7296082337131646
 0.7296165780361794
 0.729639593732509
 0.7296352002315948
 0.7296447229533684
 0.7296362350240835
 0.7296340023837796
 0.7296402472193102
 0.7296387832686825
 0.7296222038720755
 0.7296312811097918
 0.7296090888148767
 0.7296339129651767
 0.7296399934149049
 0.7296146743640831
 0.7296306757006801
 0.7296247521254505
 0.7296377286470281
 0.7296202087081857
 0.7296416139594449
 0.729626599941705
 0.7296453268888031
 0.729625029678061
 0.7296194309891159
 0.7296307337555363
 0.7296520011047459
 0.7296251379065369
 0.7296398418147031
 0.729628747729152
 0.7296706479352928
 0.7296358574109627
 0.729641222534999
 0.7296487211075928
 0.7296373953275802
 0.7296273036592805
 0.7296492717818628
 0.7296403720402616
 0.7296519490178189
 0.7296178622148969
 0.7296261845419371
 0.7296172916384547
 0.7296043270673054
 0.7296727961379619
 0.7296539233661441
 0.7296411818537406
 0.7296424840581235
 0.7296459559388726
 0.7296290967684566
 0.7296451126518247
 0.7296377223189973
 0.7296356543406767
 0.7296029385184477
 0.7296372678689019
 0.7296430575745609
 0.7296311363302042
 0.7296136429633003
 0.7296493637016424
 0.7296587281297734
 0.7296476894123863
 0.7296615560409905
 0.7296595780307172
 0.7296522570634186
 0.7296369367458767
 0.7296384704011177
 0.7296172537161889
 0.7296164162047486
 0.7296385376021863
 0.7296516181818393
 0.7296478753807731
 0.7296138465116904
 0.7296159456307956
 0.729655983646374
 0.6748168121170701
 0.6714595270721899
 0.6783245818647823
 0.6746694722525659
 0.7195412131255653
 0.7223444827362597
 0.7223541525859131
 0.7223453842740222
 0.7223040643745088
 0.7223565717942544
 0.7223527068867172
 0.722340554195032
 0.7223570998555677
 0.7223658870920927
 0.7223720918343446
 0.7223721881254622
 0.722369592309167
 0.7223675494930705
 0.7223751090649093
 0.7223662582602278
 0.7223703885831257
 0.7223694802058703
 0.7223642381441798
 0.7223744170796339
 0.7223588454557102
 0.7223680222150123
 0.7223712335111802
 0.7223694250155985
 0.7223679025168439
 0.7223708108086478
 0.7223721006717971
 0.7223602105300274
 0.7223726192020327
 0.7223656986909824
 0.7223708027533909
 0.722374312238468
 0.7223721654207684
 0.7223684059774581
 0.7223554211318638
 0.7223724587918889
 0.7223721570325273
 0.7223724531550272
 0.722372358115403
 0.72237072769417
 0.7223706038586641
 0.7223587000662938
 0.722371604718969
 0.7223717544354616
 0.7223698410501789
 0.7223728313864772
 0.7223685239845844
 0.7223708535497105
 0.7223718325098402
 0.7223686830522108
 0.7223715934090423
 0.7223711042530937
 0.7223734121037049
 0.7223730300596958
 0.7223739022139278
 0.722370606937275
 0.722367080518252
 0.7223734517446022
 0.7223714918518576
 0.7223709220346901
 0.722374139436081
 0.7223679280701572
 0.7223724922000747
 0.7223761743343166
 0.7223631674665594
 0.7223619883447261
 0.7223743125837082
 0.7223717414856637
 0.7223712860483081
 0.7223759154299884
 0.7223665412030227
 0.7223712642263196
 0.7223703200163478
 0.7223671103992452
 0.7223668065161235
 0.7223750434591445
 0.7223741491307503
 0.7223708787101282
 0.72236859915161
 0.7223683551294372
 0.722373988312449
 0.7223625948741259
 0.7223739458635847
 0.722370418952466
 0.7223634671867499
 0.72237485785831
 0.7223738588549323
 0.722368826442774
 0.7223624445427567
 0.7223622778166903
 0.7223685739914774
 0.7223705168498272
 0.722371167041691
 0.7223691812354421
 0.7223705744513603
 0.7223598551185836
 0.5056080387684154
 0.5202016412566776
 0.504107765781221
 0.5654432558892952
 0.4703290280201672
 0.5344793035841301
 0.533462743391932
 0.5074219137799502
 0.5471844289062352
 0.4999643230076624
 0.4463815116752529
 0.6126828458717313
 0.5238069993625197
 0.5362674702898845
 0.5293697123491354
 0.5734614060922953
 0.576874232171612
 0.4470852754392675
 0.4863399474743491
 0.4813423024037912
 0.4815314356936076
 0.5341316841993231
 0.582545360986634
 0.412339095226666
 0.4818049542680523
 0.4594954971521184
 0.4871500473733283
 0.4877202942150967
 0.5964835338693864
 0.5624511460025549
 0.578109287588937
 0.5895238243117835
 0.5071006865054124
 0.5316540983721397
 0.5510530455830894
 0.5319160025099767
 0.5895989405699853
 0.535232461786053
 0.4568724501418567
 0.5663254219234124
 0.5232495387078057
 0.5030515902238533
 0.4022413875761906
 0.5042127059429875
 0.4162837115949469
 0.5226602394290152
 0.5788201715008705
 0.4149700075909598
 0.6069234002815145
 0.5461193988972353
 0.4905300333651895
 0.5038566039812443
 0.4972080683102179
 0.5418953780664666
 0.4661739957398852
 0.5593193310006583
 0.4570701092685443
 0.5463561818517005
 0.5465091496344207
 0.4466936009657927
 0.49673245566347
 0.4875972103619042
 0.4861549142638096
 0.5788770941554826
 0.5101787441958524
 0.4692322346542359
 0.5658384563897164
 0.5475935956454616
 0.4833312158912466
 0.5703352305990372
 0.4919975893323642
 0.4639127352822343
 0.4833079733014397
 0.5118141865092442
 0.5546784475348263
 0.5255990527516531
 0.5393486182372095
 0.5265347924872066
 0.4774407446438298
 0.4206011177589815
 0.5016963569176232
 0.5615160035936573
 0.5973535793599507
 0.558658199263901
 0.522961484876018
 0.5642384239273653
 0.5009372548573343
 0.4892012221232359
 0.5135908079907628
 0.4831629670043996
 0.4816858943669027
 0.4377910629317205
 0.5350073555401373
 0.5339410584549916
 0.4949619502243254
 0.5088779901582892
 0.5057096060033125
 0.4873744926714212
 0.5135570846016079
 0.4917781955562729
 0.6580569563738279
 0.6416084145843703
 0.6856759443334269
 0.7407412361329381
 0.7440675964428516
 0.7421966340657902
 0.7440675964428516
 0.7440675964428516
 0.7440675964428516
 0.7440675964428516
 0.7407412361329381
 0.7407412361329381
 0.7407412361329381
 0.7415548789565042
 0.7407412361329381
 0.7440675964428516
 0.7418435047946729
 0.7407673401590525
 0.7407412361329381
 0.7440675964428516
 0.7440675964428516
 0.7440675964428516
 0.7440675964428516
 0.7440675964428516
 0.7440675964428516
 0.7440675964428516
 0.7440675964428516
 0.7440675964428516
 0.7440675964428516
 0.7440675964428516
 0.7440675964428516
 0.7440675964428516
 0.7440675964428516
 0.7440675964428516
 0.7440675964428516
 0.7440675964428516
 0.7440675964428516
 0.7440675964428516
 0.7440675964428516
 0.7440675964428516
 0.7440675964428516
 0.7440675964428516
 0.7440675964428516
 0.7440675964428516
 0.7440675964428516
 0.7440675964428516
 0.7440675964428516
 0.7440675964428516
 0.7440675964428516
 0.7440675964428516
 0.7440675964428516
 0.7440675964428516
 0.7440675964428516
 0.7440675964428516
 0.7440675964428516
 0.7440675964428516
 0.7440675964428516
 0.7440675964428516
 0.7440675964428516
 0.7440675964428516
 0.7440675964428516
 0.7440675964428516
 0.7440675964428516
 0.7440675964428516
 0.7440675964428516
 0.7440675964428516
 0.7440675964428516
 0.7440675964428516
 0.7440675964428516
 0.7440675964428516
 0.7440675964428516
 0.7440675964428516
 0.7440675964428516
 0.7440675964428516
 0.7440675964428516
 0.7440675964428516
 0.7440675964428516
 0.7440675964428516
 0.7440675964428516
 0.7440675964428516
 0.7440675964428516
 0.7440675964428516
 0.7440675964428516
 0.7440675964428516
 0.7440675964428516
 0.7440675964428516
 0.7440675964428516
 0.7440675964428516
 0.7440675964428516
 0.7440675964428516
 0.7440675964428516
 0.7440675964428516
 0.7440675964428516
 0.7440675964428516
 0.7440675964428516
 0.7440675964428516
 0.7440675964428516
 0.7440675964428516
 0.7440675964428516
 0.7440675964428516
 0.6580569563738279
 0.7097380273896217
 0.6889788590953267
 0.6576499032003094
 0.7003942535906282
 0.7135671684513503
 0.7305040932973959
 0.7363534209464531
 0.7366137453261082
 0.7362257653438041
 0.7360444834838558
 0.7356867814379195
 0.7352633768958113
 0.7360822936787759
 0.7360565614820438
 0.7360663218871167
 0.736067167854486
 0.7360650040309364
 0.7360654592247337
 0.7360655357851054
 0.7360654094624687
 0.736065340273338
 0.7360653677009112
 0.7360653655675982
 0.7360653664600265
 0.7360653641071774
 0.7360653637885993
 0.73606536366575
 0.7360653636352625
 0.7360653636257696
 0.7360653636241874
 0.7360653636235948
 0.7360653636240765
 0.7360653636234491
 0.7360653636237415
 0.7360653636229942
 0.7360653636232347
 0.7360653636195109
 0.736065363622541
 0.7360653636226812
 0.7360653636227784
 0.7360653636229614
 0.7360653636230715
 0.7360653636227689
 0.7360653636216191
 0.7360653636258547
 0.7360653636201899
 0.7360653636229219
 0.7360653636234573
 0.7360653636225479
 0.7360653636230486
 0.7360653636235956
 0.7360653636235144
 0.7360653636237838
 0.7360653636304729
 0.7360653636234857
 0.7360653636250396
 0.7360653636225538
 0.7360653636223962
 0.7360653636259351
 0.7360653636227815
 0.7360653636237344
 0.7360653636227921
 0.7360653636228518
 0.736065363622874
 0.7360653636214857
 0.7360653636227052
 0.736065363624116
 0.736065363622734
 0.7360653636225012
 0.7360653636229016
 0.7360653636221918
 0.7360653636225232
 0.736065363622856
 0.7360653636233107
 0.7360653636222962
 0.7360653636235313
 0.736065363622542
 0.7360653636185825
 0.736065363623248
 0.7360653636247492
 0.7360653636226064
 0.7360653636229467
 0.7360653636236602
 0.736065363622777
 0.7360653636224265
 0.7360653636228028
 0.7360653636229171
 0.7360653636228343
 0.7360653636223823
 0.7360653636333867
 0.736065363622731
 0.7360653636224608
 0.7360653636228477
 0.7360653636225974
 0.7360653636227851
 0.7360653636229465
 0.7360653636235381
 0.7360653636235241
 0.7360653636225839
 0.6580569563738279
 0.7395588427335049
 0.7349338628548587
 0.7308384225742671
 0.729869278285733
 0.73010438642701
 0.7297536025536824
 0.7298948147027254
 0.7316992402155389
 0.7310104869798817
 0.729599617225509
 0.7296995564557022
 0.7295993048100692
 0.7296135663050356
 0.7296482307123314
 0.7296408427713401
 0.7296470845028364
 0.7296365946653172
 0.7296193913333173
 0.7296419454251845
 0.7296583935424691
 0.7296345689444969
 0.7296358726174149
 0.7296137942060125
 0.7296694060360761
 0.729624919739722
 0.7296781479389516
 0.7296387717960507
 0.7296521926242137
 0.7296348234510402
 0.7296261802896767
 0.729622573612819
 0.7296143121525348
 0.7296423695198447
 0.729634488975585
 0.7296328791124969
 0.7296280272077029
 0.7296073282357006
 0.7296225155121526
 0.7296540768926811
 0.7296465883771202
 0.7296576183971706
 0.7296609120893316
 0.7296492388881861
 0.7295999066656335
 0.7296610017813129
 0.7296722947793739
 0.7296254596134684
 0.7296281224561793
 0.7296392583377413
 0.7296436390771829
 0.7296414685008478
 0.7296190208879058
 0.7296485743669056
 0.7296352246758284
 0.7296412460148334
 0.7296393312032626
 0.7296287479931476
 0.7296483905601123
 0.7296463947982456
 0.7296498799184856
 0.7296280215193712
 0.7296311704940376
 0.7296328837271178
 0.7296355748185004
 0.7296177595660858
 0.7296569716661608
 0.7296258548544763
 0.7296456751120891
 0.7296563577542321
 0.7296332335367355
 0.7296187404475712
 0.7296564465814047
 0.7296059518150516
 0.7296592042375715
 0.7296459666536105
 0.7296442640524534
 0.7296734362737638
 0.7296133778408775
 0.7296382225312709
 0.7296431189337615
 0.7296180757489604
 0.7296333383974708
 0.7296596680359471
 0.7296301681022159
 0.7296198544450488
 0.7296579383963147
 0.7296428736991217
 0.7296504292803013
 0.7296259275137122
 0.7296048704248758
 0.7296198222872439
 0.7296094343381081
 0.7296282270182342
 0.7296428161146267
 0.729653605058699
 0.7295981438322391
 0.7296063165085374
 0.7296341831083109
 0.7296112643157304
 0.6587187161868164
 0.6465977443111968
 0.6805301058068215
 0.685860319237755
 0.6785906655496585
 0.5889112454758846
 0.6822841550717892
 0.7122261423873444
 0.7333498112258563
 0.7352571484946916
 0.7207725722192563
 0.7348799732664646
 0.7279429622154645
 0.7218013920998975
 0.7223667478781791
 0.7219303819010097
 0.7223680923045435
 0.7223968861997963
 0.7223883456873242
 0.722383276049153
 0.7223696778454081
 0.7223733305289101
 0.7223704835813601
 0.7223703153180516
 0.7223697280183882
 0.7223693363537829
 0.7223552526971621
 0.7223716622831577
 0.7223662904612723
 0.7223656286108026
 0.7223704109280783
 0.7223642817670244
 0.7223741237823428
 0.7223669847515138
 0.7223709199393515
 0.7223692128249343
 0.7223751710931519
 0.722373764847637
 0.7223746815147408
 0.7223705578529048
 0.7223702840507791
 0.7223617808408921
 0.7223706042242641
 0.7223712491663861
 0.72237183883837
 0.7223705122450723
 0.7223505146571035
 0.7223735025957249
 0.7223684610677017
 0.7223699465235539
 0.7223687276275244
 0.7223691288564132
 0.7223698090724378
 0.7223738757681418
 0.7223732518783499
 0.7223736561843279
 0.7223736769967565
 0.7223714523916741
 0.7223690631653829
 0.7223743845875203
 0.7223697123018205
 0.7223753391042746
 0.7223687716550334
 0.7223716060998141
 0.7223721734228992
 0.7223663339079029
 0.7223697406540238
 0.7223737009218908
 0.7223757124414046
 0.7223735099351306
 0.7223720523257295
 0.7223717041870642
 0.722373566512081
 0.7223730546895176
 0.722372815474288
 0.7223714493106193
 0.7223744384888976
 0.7223604742142397
 0.7223700616190571
 0.7223724242880319
 0.7223665205069171
 0.7223749839104681
 0.7223699190282624
 0.7223731082475653
 0.7223604634574532
 0.7223693348176005
 0.722373361702541
 0.7223733046498759
 0.7223699953766815
 0.7223691446257552
 0.7223581894035636
 0.7223740500793689
 0.7223693741196993
 0.7223691868296337
 0.7223728883963099
 0.7223708049242649
 0.7223661644889631
 0.7223740907639237
 0.7223724602864451
 0.7223481341426958
 0.4402024435633213
 0.4583697033918052
 0.5043988662086532
 0.5543980751686625
 0.4888763455035105
 0.4655506993907029
 0.5135742360499727
 0.4440135714667445
 0.4415748182305213
 0.5140291131855892
 0.6022725628298096
 0.5217630896261833
 0.4671694983688222
 0.4209691443386449
 0.4659882830408549
 0.530015209843761
 0.5097691211306724
 0.4970585235521864
 0.5902704854145561
 0.5479870314874309
 0.4650166224730882
 0.5014049922695391
 0.5622078483637469
 0.5692062371140012
 0.5266319098272291
 0.5217947377090639
 0.5190034464822385
 0.5632806616008804
 0.6075784831986649
 0.5095557620693121
 0.4662201551132882
 0.5386018694380678
 0.5615544558116831
 0.54948912049575
 0.5308425944831634
 0.5422501887518159
 0.4481233826284428
 0.4926021962956221
 0.5312439178528434
 0.5198017377796861
 0.5011230918769131
 0.4138044600091962
 0.5027084904174991
 0.5358150554827243
 0.4685726855768034
 0.5407570883608892
 0.5020903685965988
 0.4428748764277082
 0.4744777913461873
 0.420693086600144
 0.4546363151833878
 0.4776193785379114
 0.5662714647092327
 0.4858015823511947
 0.6000771599790851
 0.4852789962754108
 0.5187981973595406
 0.471645618902023
 0.514191601720655
 0.4417043974100142
 0.504323926880231
 0.4865056066856752
 0.5413616921041422
 0.567225396040974
 0.4711286919263047
 0.536331198674205
 0.4605592580557772
 0.5299154996052077
 0.4403538172250051
 0.446273988886983
 0.4989557527804157
 0.5585240186053801
 0.541253733215131
 0.4533091838848389
 0.5238678918246626
 0.5247537566399072
 0.5265177824292725
 0.502284201588437
 0.5299556246269846
 0.5432330541801281
 0.5695834497152492
 0.4421100877799211
 0.4910969237202656
 0.4525430702825873
 0.490419916278112
 0.4663140175576382
 0.5052681858090201
 0.4257830836920381
 0.5233748149163593
 0.5090749920431092
 0.5250082525121743
 0.4938028786431434
 0.4983718406718993
 0.4939157149754886
 0.4866750031853019
 0.4656641438083203
 0.5594406348385199
 0.5391162245348111
 0.5049410553195974
 0.5141258970893243


# name: PF
# type: matrix
# ndims: 3
 100 5 2
 0.4000085540219041
 1.078314901715444
 1.078504434266361
 0.7350690276703608
 0.7350334577949192
 0.735091501981785
 0.7351001801182538
 0.7351020245116233
 0.7351021873347791
 0.7351020735063259
 0.7351024764041685
 0.7351026186920248
 0.7351026225338948
 0.7351026225749272
 0.7351026234464531
 0.7351026234503172
 0.7351026234888745
 0.7351026234896382
 0.7351026235422036
 0.7351026235820972
 0.7351026234892212
 0.7351026234972725
 0.7351026234485305
 0.7351026234410437
 0.7351026234409987
 0.7351026234407377
 0.7351026234408262
 0.7351026234408475
 0.735102623440855
 0.7351026234408535
 0.7351026234408534
 0.7351026234408536
 0.7351026234408535
 0.7351026234408535
 0.7351026234408536
 0.7351026234408535
 0.7351026234408536
 0.7351026234408536
 0.7351026234408536
 0.7351026234408536
 0.7351026234408536
 0.7351026234408536
 0.7351026234408536
 0.7351026234408536
 0.7351026234408536
 0.7351026234408536
 0.7351026234408536
 0.7351026234408536
 0.7351026234408536
 0.7351026234408536
 0.7351026234408536
 0.7351026234408536
 0.7351026234408536
 0.7351026234408536
 0.7351026234408536
 0.7351026234408536
 0.7351026234408536
 0.7351026234408536
 0.7351026234408536
 0.7351026234408536
 0.7351026234408536
 0.7351026234408536
 0.7351026234408536
 0.7351026234408536
 0.7351026234408536
 0.7351026234408536
 0.7351026234408536
 0.7351026234408536
 0.7351026234408536
 0.7351026234408536
 0.7351026234408536
 0.7351026234408536
 0.7351026234408536
 0.7351026234408536
 0.7351026234408536
 0.7351026234408536
 0.7351026234408536
 0.7351026234408536
 0.7351026234408536
 0.7351026234408536
 0.7351026234408536
 0.7351026234408536
 0.7351026234408536
 0.7351026234408536
 0.7351026234408536
 0.7351026234408536
 0.7351026234408536
 0.7351026234408536
 0.7351026234408536
 0.7351026234408536
 0.7351026234408536
 0.7351026234408536
 0.7351026234408536
 0.7351026234408536
 0.7351026234408536
 0.7351026234408536
 0.7351026234408536
 0.7351026234408536
 0.7351026234408536
 0.7351026234408536
 0.3503711095693858
 0.4003238784933796
 0.3670867086076554
 1.095480901341675
 0.8963014355843932
 0.4424132827942446
 0.4643968362601371
 0.4657047750673275
 0.4658649198731907
 0.4657809848319155
 0.4660115128957164
 0.4650346041560111
 0.4646844100038581
 0.465953093813322
 0.4649989505726431
 0.4655012849854523
 0.4648928120611239
 0.4645557144835178
 0.4645150649728955
 0.464502310355825
 0.4644968386080946
 0.4644944030102756
 0.4644941651698236
 0.4644942098323042
 0.4644940396874195
 0.4644940685577453
 0.4644940275864716
 0.4644940348070462
 0.4644940586167209
 0.4644940257969839
 0.4644940283694717
 0.4644940313509303
 0.464494033202821
 0.4644940425368807
 0.464494012584941
 0.464494016101521
 0.4644940113181494
 0.4644940122133455
 0.4644940092941013
 0.464494008888669
 0.4644940088068262
 0.4644940087669577
 0.4644940088144873
 0.4644940087552665
 0.4644940087674064
 0.464494008764523
 0.4644940087479077
 0.4644940087840218
 0.4644940087779288
 0.4644940087412099
 0.4644940087395278
 0.4644940087632316
 0.4644940087612154
 0.4644940088235773
 0.4644940087552417
 0.4644940087879801
 0.4644940087689211
 0.4644940088380728
 0.4644940088156086
 0.4644940087745428
 0.4644940088000645
 0.4644940087601771
 0.4644940088751712
 0.4644940087734427
 0.4644940087483416
 0.4644940087549668
 0.4644940087563708
 0.4644940087895283
 0.4644940087769081
 0.464494008839865
 0.4644940088090542
 0.4644940087329611
 0.4644940087329882
 0.4644940087806252
 0.4644940087651602
 0.4644940087686009
 0.464494008754465
 0.4644940087685769
 0.4644940087595923
 0.464494008784931
 0.4644940087960705
 0.4644940087568757
 0.4644940087514959
 0.4644940087887071
 0.4644940088145252
 0.4644940087389427
 0.4644940087630974
 0.4644940087844911
 0.4644940087824533
 0.4644940087608004
 0.464494008734765
 0.4644940087876978
 0.4644940087868025
 0.4644940088013606
 0.4644940087634111
 0.4644940087499095
 0.4644940088030991
 0.4644940087405707
 0.4644940087588032
 0.4644940087279296
 0.1300045529454541
 0.0005976595702560465
 0.03785538555060745
 0.08885814638629254
 0.2575669726254208
 0.279434793609914
 0.2789344808030967
 0.2810065373610192
 0.2814391780367591
 0.2814873754834721
 0.2814329163850737
 0.281637622867293
 0.2801800378822689
 0.28041109644593
 0.2809895103510432
 0.2810585094418842
 0.2808184240732336
 0.2816096925638071
 0.2813555270261668
 0.2812725477269089
 0.2814464704540888
 0.2811989028603086
 0.2808943791976607
 0.2807154919089448
 0.280909087888714
 0.2808628696618003
 0.281917220139646
 0.2818109463937018
 0.2806770215269679
 0.2808778860445038
 0.2814314447500689
 0.2813257699648344
 0.2815548107566581
 0.2813506658201328
 0.2812969681556224
 0.2814471669353145
 0.2814119566923581
 0.2810131944758882
 0.2812315173444094
 0.2806977553622834
 0.2812948178972827
 0.2814410629248475
 0.2808320972038979
 0.2812169562392076
 0.2810744842991273
 0.2813865914488199
 0.2809652074789482
 0.2814800397411411
 0.2811189273848568
 0.2815693419313463
 0.2810811599055385
 0.2809465020283498
 0.2812183525539302
 0.2817298680401008
 0.2810837629822244
 0.2814374166820853
 0.2811705852820681
 0.2821783556489108
 0.2813415850767341
 0.2814706253253667
 0.2816509785968576
 0.2813785745556969
 0.2811358529750385
 0.2816642232384065
 0.2814501694977569
 0.281728615261977
 0.2809087703721985
 0.2811089363223606
 0.2808950470499648
 0.2805832273281436
 0.2822300235329461
 0.2817761016568988
 0.2814696468727391
 0.2815009670763763
 0.2815844716425451
 0.2811789802638649
 0.2815641891719832
 0.2813864392487576
 0.2813367008951144
 0.2805498303947944
 0.2813755089603069
 0.2815147611104317
 0.2812280351511791
 0.2808072902812635
 0.281666434063563
 0.2818916642961133
 0.2816261645934812
 0.2819596803129104
 0.2819121058419875
 0.2817360242762954
 0.2813675448951284
 0.2814044318808322
 0.2808941349557512
 0.2808739913982551
 0.2814060481794568
 0.2817206581007354
 0.2816306374456867
 0.2808121859620864
 0.2808626733039287
 0.2818256548585276
 0.04300980454139619
 0.1077836563124295
 0.08294434284115219
 0.1410342660216461
 0.07381136551763047
 0.09358876335071979
 0.09358187326352874
 0.09332466988385255
 0.09239656165645799
 0.09367679032493506
 0.09356058410472727
 0.09309875116710242
 0.0935657129817081
 0.09382022108898788
 0.09399773183159139
 0.0940023817784492
 0.09393677287694334
 0.0938880146535587
 0.09407007399511055
 0.09385742509304347
 0.093956747501797
 0.09393494584154333
 0.09380884586602731
 0.09405362476859447
 0.09367915831533899
 0.09389993630640031
 0.09397714319709424
 0.09393366813581339
 0.09389701289866428
 0.09396696027750694
 0.09399798307828598
 0.0937120049896938
 0.09401045436564914
 0.09384400476371475
 0.09396676684848074
 0.09405117592856246
 0.09399954033946449
 0.09390911943407168
 0.09359681210211013
 0.09400659697734974
 0.09399933843577302
 0.094006460787041
 0.09400417455838039
 0.0939649600856558
 0.09396198162248859
 0.09367567541213623
 0.09398605399343177
 0.0939896549266014
 0.09394363479533401
 0.09401555740824805
 0.09391195715453321
 0.09396798711041288
 0.0939915327465731
 0.09391578299823564
 0.09398578197059715
 0.09397401694805764
 0.09402952463337089
 0.09402033583296301
 0.09404131260781394
 0.09396205566692747
 0.09387723936362756
 0.09403047806356532
 0.09398333934964923
 0.09396963428924901
 0.09404701819922658
 0.09389762441116981
 0.09400739940525647
 0.09409596092123912
 0.0937831238949199
 0.0937547640334323
 0.0940511826906163
 0.09398934346217061
 0.0939783894284551
 0.09408973383707989
 0.09386426792609363
 0.09397786457295816
 0.09395515473648822
 0.09387795805172296
 0.09387064915200063
 0.09406876147302234
 0.09404725137231466
 0.09396859226073183
 0.09391376504779485
 0.09390789590448477
 0.09404338342192786
 0.09376935208470741
 0.09404236245541189
 0.09395753431638112
 0.0937903326691517
 0.09406429746107493
 0.09404026975111066
 0.09391923178223298
 0.09376573636266235
 0.09376172632060174
 0.09391315990432678
 0.09395988891242299
 0.09397552711933485
 0.09392776514209412
 0.09396127432609318
 0.093703456360028
 0.0002694096682607661
 0.0008680488311777826
 0.002220689242380744
 0.001677156499212362
 0.0005443896970665774
 0.001685029863726314
 0.0003912094141008439
 4.431461361741398e-05
 1.043466660489815e-05
 0.0001397326536146035
 5.745635323512431e-05
 3.34719082488227e-06
 6.491656539760887e-06
 7.139868223190148e-06
 1.276849416094418e-05
 1.61547526830925e-06
 4.651354943834137e-06
 4.087363555027503e-06
 1.014989562021871e-06
 3.544465835723151e-06
 1.346109299053908e-06
 7.844982529260983e-08
 5.786536256581487e-08
 2.358169898068752e-08
 1.18077174145019e-08
 2.063050394580934e-09
 3.15072731793542e-10
 1.253761721178859e-10
 5.152056060421517e-11
 4.341016131628739e-11
 1.714796360463566e-11
 8.283708137837853e-12
 9.491222044410996e-12
 6.08683676378563e-13
 1.530468460297918e-13
 6.697512553235918e-14
 2.331717077110434e-12
 3.871742336458706e-13
 3.630689499045658e-14
 2.385475714530849e-13
 9.913510984338458e-15
 2.744852956038102e-14
 4.475803408454659e-15
 6.994405055138486e-15
 2.632009193925811e-15
 5.934922692185651e-15
 2.979387569990166e-15
 5.709191799874169e-15
 3.853688201882477e-15
 5.747138875911162e-15
 5.903697669618069e-15
 3.404394821604484e-15
 3.619934213494602e-15
 5.923213308722808e-15
 6.730727086790012e-16
 3.065364802268267e-15
 5.920177542639848e-15
 3.627306788267504e-15
 4.041038337287972e-15
 5.700951863363279e-15
 5.959642501718321e-15
 1.89084858881472e-15
 5.943162628696541e-15
 5.94402999043453e-15
 5.920177542639848e-15
 5.943596309565535e-15
 5.728490598544411e-15
 5.919743861770854e-15
 5.900661903535109e-15
 5.539839420531933e-15
 5.922779627853814e-15
 5.749307280256133e-15
 5.938825820006599e-15
 9.042246118529107e-16
 3.695394684699593e-15
 3.628607830874486e-15
 3.647689789110231e-15
 3.58567342484406e-15
 3.390083352927675e-15
 2.919099152936394e-15
 5.774894451526791e-15
 5.741934705483231e-15
 2.862944256665223e-15
 5.946632075648495e-15
 5.916274414818901e-15
 2.252972114424878e-15
 5.103556466323766e-15
 5.967448757360216e-15
 5.956173054766367e-15
 2.404326737703855e-15
 5.968316119098205e-15
 4.53781977272083e-15
 3.402660098128507e-15
 5.980025502561048e-15
 5.92755011741275e-15
 3.406996906818449e-15
 5.936223734792634e-15
 5.775328132395785e-15
 5.937958458268611e-15
 3.58567342484406e-15
 0.4008933100081277
 1.101125622889523
 1.09504198467244
 1.078575536372222
 0.7351026234408536
 0.928294231613622
 0.7351026234408536
 0.7351026234408536
 0.7351026234408536
 0.7351026234408536
 1.078575536372222
 1.078575536372222
 1.078575536372222
 0.9945605035259297
 1.078575536372222
 0.7351026234408536
 0.9647576114316503
 1.075880089982343
 1.078575536372222
 0.7351026234408536
 0.7351026234408536
 0.7351026234408536
 0.7351026234408536
 0.7351026234408536
 0.7351026234408536
 0.7351026234408536
 0.7351026234408536
 0.7351026234408536
 0.7351026234408536
 0.7351026234408536
 0.7351026234408536
 0.7351026234408536
 0.7351026234408536
 0.7351026234408536
 0.7351026234408536
 0.7351026234408536
 0.7351026234408536
 0.7351026234408536
 0.7351026234408536
 0.7351026234408536
 0.7351026234408536
 0.7351026234408536
 0.7351026234408536
 0.7351026234408536
 0.7351026234408536
 0.7351026234408536
 0.7351026234408536
 0.7351026234408536
 0.7351026234408536
 0.7351026234408536
 0.7351026234408536
 0.7351026234408536
 0.7351026234408536
 0.7351026234408536
 0.7351026234408536
 0.7351026234408536
 0.7351026234408536
 0.7351026234408536
 0.7351026234408536
 0.7351026234408536
 0.7351026234408536
 0.7351026234408536
 0.7351026234408536
 0.7351026234408536
 0.7351026234408536
 0.7351026234408536
 0.7351026234408536
 0.7351026234408536
 0.7351026234408536
 0.7351026234408536
 0.7351026234408536
 0.7351026234408536
 0.7351026234408536
 0.7351026234408536
 0.7351026234408536
 0.7351026234408536
 0.7351026234408536
 0.7351026234408536
 0.7351026234408536
 0.7351026234408536
 0.7351026234408536
 0.7351026234408536
 0.7351026234408536
 0.7351026234408536
 0.7351026234408536
 0.7351026234408536
 0.7351026234408536
 0.7351026234408536
 0.7351026234408536
 0.7351026234408536
 0.7351026234408536
 0.7351026234408536
 0.7351026234408536
 0.7351026234408536
 0.7351026234408536
 0.7351026234408536
 0.7351026234408536
 0.7351026234408536
 0.7351026234408536
 0.7351026234408536
 0.4008933100081277
 0.2294654136883955
 0.388956907085732
 0.794827872754841
 0.406538192225862
 0.3623940963431985
 0.732389777559727
 0.4742351391500499
 0.4830384345964557
 0.4699182557794042
 0.4637879126501422
 0.4516916318625678
 0.4373735135116669
 0.4650665263443672
 0.4641963499489884
 0.4645264140392128
 0.4645550218119415
 0.4644818485731357
 0.4644972416972323
 0.4644998307116445
 0.464495558904707
 0.4644932191608825
 0.4644941466692134
 0.4644940745277379
 0.4644941047066624
 0.4644940251412116
 0.4644940143679768
 0.4644940102136237
 0.4644940091826387
 0.4644940088616228
 0.4644940088081178
 0.4644940087880733
 0.4644940088043647
 0.4644940087831526
 0.4644940087930376
 0.4644940087677653
 0.4644940087758981
 0.4644940086499731
 0.4644940087524422
 0.4644940087571814
 0.4644940087604683
 0.4644940087666535
 0.4644940087703795
 0.4644940087601472
 0.4644940087212637
 0.4644940088644984
 0.4644940086729352
 0.4644940087653205
 0.4644940087834284
 0.4644940087526754
 0.4644940087696088
 0.4644940087881055
 0.4644940087853544
 0.4644940087944683
 0.4644940090206725
 0.4644940087843892
 0.4644940088369355
 0.4644940087528749
 0.4644940087475422
 0.4644940088672179
 0.4644940087605741
 0.4644940087927993
 0.4644940087609301
 0.4644940087629511
 0.464494008763703
 0.4644940087167521
 0.4644940087579916
 0.4644940088057044
 0.4644940087589679
 0.4644940087510949
 0.4644940087646373
 0.4644940087406315
 0.4644940087518361
 0.4644940087630932
 0.4644940087784653
 0.464494008744162
 0.4644940087859262
 0.464494008752476
 0.4644940086185804
 0.4644940087763516
 0.4644940088271152
 0.4644940087546525
 0.4644940087661606
 0.464494008790289
 0.4644940087604201
 0.4644940087485663
 0.4644940087612935
 0.4644940087651585
 0.4644940087623575
 0.4644940087470724
 0.4644940091192046
 0.4644940087588658
 0.464494008749725
 0.4644940087628102
 0.4644940087543461
 0.4644940087606937
 0.464494008766155
 0.4644940087861615
 0.4644940087856866
 0.4644940087538924
 0.4008933100081277
 0.5826317290473793
 0.4262304562994024
 0.313358861540748
 0.2910953574505507
 0.2974733629005799
 0.2846380075516529
 0.2881808925221744
 0.3355333617184096
 0.3176053043604977
 0.2808399237465093
 0.2830205007210427
 0.2804954289494546
 0.2808152110212406
 0.2816410740678025
 0.2814636695861984
 0.2816142514811736
 0.281360120145548
 0.2809457966004901
 0.2814898845430919
 0.2818856425609397
 0.2813112622602558
 0.2813420647565303
 0.2808110239499592
 0.2821490329845313
 0.2810787000865012
 0.2823587917512067
 0.2814116970245888
 0.281734492071532
 0.2813167197052077
 0.2811088350305481
 0.2810220888154443
 0.2808233879441157
 0.2814982128684413
 0.2813086720114187
 0.2812699520288833
 0.2811532555786944
 0.2806554104806387
 0.281020689993535
 0.2817797942290269
 0.2815996828471954
 0.2818649733629005
 0.2819441921945875
 0.281663432090362
 0.2804769092401053
 0.2819463494363387
 0.2822179650164638
 0.2810915005745301
 0.2811555464163699
 0.2814233830806867
 0.281528747225649
 0.2814765412173503
 0.2809366384050969
 0.2816474492367486
 0.2813263667335026
 0.2814711900548398
 0.2814251356189099
 0.2811705916316039
 0.2816430283745009
 0.2815950269479222
 0.281678849946095
 0.281153118716517
 0.2812288568487823
 0.2812700629832799
 0.281334788253143
 0.2809063014957991
 0.2818494183946691
 0.2811010067849246
 0.2815777172864994
 0.2818346527811676
 0.2812784764924049
 0.2809298933437971
 0.2818367892239323
 0.2806223052416692
 0.2819031154887103
 0.281584729349995
 0.2815437789311125
 0.2822454198746695
 0.2808009136414839
 0.2813984701944952
 0.2815162369023141
 0.280913906225249
 0.2812809985692959
 0.2819142706190095
 0.2812047476410497
 0.2809566868550971
 0.281872669879364
 0.2815103385971362
 0.2816920630209123
 0.281102754361648
 0.2805962959907695
 0.2809559134058462
 0.2807060657732132
 0.2811580613094896
 0.2815089535932651
 0.2817684458279592
 0.2804345101344828
 0.2806310767328321
 0.2813013152844541
 0.2807500798101255
 0.3325613948061967
 0.9056743755789559
 0.457973736718795
 0.598494699000842
 0.3954249037975997
 1.284480583943981
 0.5898060404367723
 0.4702060202592651
 0.3927476962573608
 0.4371628899224017
 0.3916684521473157
 0.4244080915683418
 0.2262606064829001
 0.0743883327491377
 0.09321995333963529
 0.08022451309129149
 0.09335157114762194
 0.0936819397272473
 0.09418810045639722
 0.09410313452184388
 0.09392481162071997
 0.09402354085577556
 0.09395568468784136
 0.09395385849589659
 0.09394022354177733
 0.09393120538101508
 0.09359268159056022
 0.09398739293035034
 0.09385823417399776
 0.09384231728674508
 0.09395734097917949
 0.09380992453439245
 0.09404664163349345
 0.09387493598025756
 0.0939695838474066
 0.09392852472034274
 0.09407183104791479
 0.09403800865782552
 0.09406005607650521
 0.09396087509693735
 0.09395428969912298
 0.09374977321587259
 0.09396199041411289
 0.09397750235622099
 0.09399168495832856
 0.09395977816031904
 0.09347880256569288
 0.0940317011185119
 0.09391044389776676
 0.09394617160717531
 0.09391685510942933
 0.09392650533843229
 0.09394286567685821
 0.09404067654222072
 0.09402567094434013
 0.09403539518251083
 0.09403589575639099
 0.09398239026592715
 0.09392492535876311
 0.09405291450329514
 0.09394053818089834
 0.09407587223520664
 0.09391791404500797
 0.09398608720498729
 0.09399973227851235
 0.09385928213012691
 0.09394122009903215
 0.0940364711960725
 0.09408485162053892
 0.09403187764355597
 0.09399681968808837
 0.09398844636817687
 0.09403323841428245
 0.09402092822156907
 0.0940151746933198
 0.09398231616138508
 0.09405421092199395
 0.09371834665088488
 0.09394893984743448
 0.09400576600650766
 0.09386377014997525
 0.09406732922728965
 0.09394551029920922
 0.09402221638261751
 0.0937180879320957
 0.09393145905108402
 0.09402831240068621
 0.09402694018821586
 0.09394734660698748
 0.09392688461760643
 0.09366339311472696
 0.09404486902014617
 0.09393240433260475
 0.09392789969180187
 0.09401692859048554
 0.09396681758673166
 0.09385520731993072
 0.09404584755205626
 0.09400663182883889
 0.09342154719398436
 0.3307869845178394
 0.1683823410731327
 0.3625662930180401
 0.03570194817596502
 0.0167907778418483
 0.002821472350995257
 0.001728711369710536
 0.003195037950676779
 0.001221610639901751
 0.000708527358798131
 0.0005787163813631155
 0.0004652340700082302
 0.000215813687262317
 0.0005570583448413669
 0.001510264161297282
 0.0004807829765543625
 0.0005000486456679569
 0.0002873267805770445
 0.0001366960804879151
 9.727913887489295e-07
 1.245032844489043e-06
 5.428355424258197e-06
 1.606712632436051e-06
 1.403523171960696e-07
 2.826526367604928e-08
 2.571243386349092e-08
 1.603637839013572e-08
 8.734379946737092e-10
 8.523950307095032e-09
 1.425925381243198e-09
 5.745822481001417e-11
 2.844885091390914e-10
 1.656150451154192e-10
 1.358994861089258e-11
 7.455600806866025e-12
 1.16754696188881e-13
 5.779638920233587e-13
 1.347268650808697e-13
 4.199245118297057e-14
 1.604428395696189e-13
 8.389599778779733e-14
 3.886853946338809e-14
 2.829854406360965e-14
 4.906231670931405e-15
 1.704907916233456e-15
 5.603156827405087e-15
 3.488095229320365e-15
 5.706806555094701e-15
 6.043776590303196e-15
 5.960509863456309e-15
 1.459336124165489e-15
 3.521054975363924e-15
 3.675120104074114e-15
 3.646822427372243e-15
 4.533699804465385e-15
 3.583938701368083e-15
 5.923646989591802e-15
 3.629908873481469e-15
 5.978724459954066e-15
 1.684850176042474e-15
 5.340779901663595e-15
 5.907600797439017e-15
 3.377506607726843e-15
 3.293372519141968e-15
 5.960509863456309e-15
 1.715641517741062e-15
 3.592178637878973e-15
 5.908468159177005e-15
 4.972584843887518e-15
 5.761450344587971e-15
 5.951836246076425e-15
 5.946632075648495e-15
 1.790668308077059e-15
 5.939693181744587e-15
 5.920611223508843e-15
 1.722580411644969e-15
 5.913672329604935e-15
 5.968749799967199e-15
 5.959642501718321e-15
 3.658531810835086e-15
 5.940560543482576e-15
 5.906299754832034e-15
 3.614296362197678e-15
 5.968749799967199e-15
 5.750174641994121e-15
 3.058751169016105e-15
 5.065392549852277e-15
 5.752559886773589e-15
 5.90586607396304e-15
 5.960509863456309e-15
 5.922779627853814e-15
 5.934922692185651e-15
 6.005178992962712e-15
 5.113097445441639e-15
 1.712172070789109e-15
 5.744103109828202e-15
 5.938825820006599e-15
 5.924948032198785e-15
 3.607791149162765e-15
 3.410466353770403e-15


# name: PV
# type: matrix
# ndims: 3
 100 5 2
 0.6578881936485885
 0.7407213785373612
 0.7407344692028588
 0.7440647784175195
 0.7440645383378074
 0.7440670713615394
 0.7440674683765319
 0.7440675614738872
 0.744067578626731
 0.7440675742695819
 0.7440675903882008
 0.7440675958885881
 0.7440675962803744
 0.7440675963907659
 0.7440675964351982
 0.7440675964404845
 0.7440675964322763
 0.7440675964328053
 0.7440675964179159
 0.7440675964084453
 0.7440675964309629
 0.744067596428702
 0.7440675964410606
 0.7440675964427681
 0.7440675964428248
 0.7440675964428431
 0.7440675964428491
 0.7440675964428507
 0.7440675964428514
 0.7440675964428516
 0.7440675964428515
 0.7440675964428515
 0.7440675964428516
 0.7440675964428516
 0.7440675964428516
 0.7440675964428516
 0.7440675964428516
 0.7440675964428516
 0.7440675964428516
 0.7440675964428516
 0.7440675964428516
 0.7440675964428516
 0.7440675964428516
 0.7440675964428516
 0.7440675964428516
 0.7440675964428516
 0.7440675964428516
 0.7440675964428516
 0.7440675964428516
 0.7440675964428516
 0.7440675964428516
 0.7440675964428516
 0.7440675964428516
 0.7440675964428516
 0.7440675964428516
 0.7440675964428516
 0.7440675964428516
 0.7440675964428516
 0.7440675964428516
 0.7440675964428516
 0.7440675964428516
 0.7440675964428516
 0.7440675964428516
 0.7440675964428516
 0.7440675964428516
 0.7440675964428516
 0.7440675964428516
 0.7440675964428516
 0.7440675964428516
 0.7440675964428516
 0.7440675964428516
 0.7440675964428516
 0.7440675964428516
 0.7440675964428516
 0.7440675964428516
 0.7440675964428516
 0.7440675964428516
 0.7440675964428516
 0.7440675964428516
 0.7440675964428516
 0.7440675964428516
 0.7440675964428516
 0.7440675964428516
 0.7440675964428516
 0.7440675964428516
 0.7440675964428516
 0.7440675964428516
 0.7440675964428516
 0.7440675964428516
 0.7440675964428516
 0.7440675964428516
 0.7440675964428516
 0.7440675964428516
 0.7440675964428516
 0.7440675964428516
 0.7440675964428516
 0.7440675964428516
 0.7440675964428516
 0.7440675964428516
 0.7440675964428516
 0.4062399563204704
 0.3933278542395688
 0.3981237581427122
 0.2104884584324743
 0.2645130935036597
 0.4409442621593092
 0.4359449347072463
 0.4356494256112923
 0.4356128095058762
 0.4356319523450988
 0.4355793642978733
 0.4358022082786868
 0.435882089197642
 0.4355926995469636
 0.4358103416214446
 0.4356957582521179
 0.4358345523010279
 0.435911445247952
 0.4359207175349765
 0.4359236269056768
 0.4359248750293852
 0.4359254305972494
 0.4359254848494735
 0.4359254746618058
 0.4359255134724221
 0.43592550688701
 0.4359255162326999
 0.4359255145856651
 0.4359255091545881
 0.4359255166408923
 0.4359255160540858
 0.4359255153739949
 0.4359255149515876
 0.4359255128224609
 0.4359255196545882
 0.4359255188524504
 0.4359255199435676
 0.4359255197393539
 0.4359255204052426
 0.4359255204977236
 0.4359255205164007
 0.4359255205254865
 0.4359255205146597
 0.4359255205281515
 0.4359255205253856
 0.4359255205260427
 0.4359255205298282
 0.4359255205216007
 0.4359255205229887
 0.435925520531354
 0.4359255205317372
 0.435925520526337
 0.4359255205267965
 0.4359255205125891
 0.4359255205281575
 0.4359255205206989
 0.4359255205250409
 0.4359255205092869
 0.4359255205144046
 0.4359255205237603
 0.4359255205179459
 0.435925520527033
 0.4359255205008349
 0.4359255205240109
 0.4359255205297294
 0.4359255205282201
 0.4359255205279002
 0.4359255205203462
 0.4359255205232214
 0.4359255205088783
 0.4359255205158978
 0.4359255205332334
 0.4359255205332272
 0.4359255205223745
 0.4359255205258978
 0.435925520525114
 0.4359255205283344
 0.4359255205251194
 0.4359255205271663
 0.4359255205213936
 0.4359255205188557
 0.4359255205277851
 0.4359255205290108
 0.4359255205205333
 0.4359255205146514
 0.4359255205318707
 0.4359255205263678
 0.4359255205214938
 0.4359255205219581
 0.435925520526891
 0.4359255205328225
 0.4359255205207632
 0.4359255205209672
 0.4359255205176505
 0.4359255205262963
 0.4359255205293723
 0.4359255205172545
 0.4359255205314998
 0.435925520527346
 0.4359255205343797
 0.2698165572412429
 0.3383848742113352
 0.3227522040282905
 0.3032696180923139
 0.2355646694764326
 0.2250643473621556
 0.225304843811401
 0.2243083188850556
 0.2241032627022142
 0.2240792553683535
 0.2241039317172814
 0.2240067265887011
 0.2247096221046544
 0.2245971696745679
 0.2243187098765091
 0.2242835490544878
 0.2243996508860571
 0.2240191397501166
 0.2241406107201538
 0.2241802486759114
 0.2240925204380766
 0.2242184888543486
 0.2243634321123482
 0.2244482183865476
 0.2243550600071268
 0.2243765764628449
 0.2238712937832686
 0.2239222265322386
 0.2244656060930983
 0.2243693459958378
 0.2241040744912201
 0.2241547151333802
 0.2240449560983551
 0.2241427846019753
 0.2241685171140786
 0.2240965401419979
 0.2241134132881622
 0.2243045046980937
 0.2241998818826912
 0.2244556667262967
 0.224169547533947
 0.2240994652450287
 0.2243912885800926
 0.2242068597307362
 0.2242751339131616
 0.2241255685991041
 0.2243275006146188
 0.2240807871091519
 0.2242538362784241
 0.2240379924787284
 0.2242719348862612
 0.2243364644803831
 0.224206190600803
 0.2239610665323226
 0.2242706874621563
 0.2241012125663089
 0.2242290812235419
 0.223746146143191
 0.2241471361671143
 0.2240852986048161
 0.2239988712553676
 0.2241294103859416
 0.224245725342121
 0.2239925242717282
 0.2240951012712523
 0.223961666877921
 0.2243545459213492
 0.2242586241097883
 0.2243611222942449
 0.2245105498695809
 0.2237213863025079
 0.2239389108546226
 0.2240857674905007
 0.2240707584908736
 0.2240307421481638
 0.2242250582522958
 0.2240404617399208
 0.2241256415351198
 0.2241494767227811
 0.2245265540618266
 0.2241308794542975
 0.2240641482320646
 0.2242015505895125
 0.2244031763410184
 0.2239914648190397
 0.22388353191683
 0.2240107624094526
 0.22385093786404
 0.2238737360943649
 0.2239581163935616
 0.2241346959253741
 0.2241170192601428
 0.2243615593802189
 0.2243712124032468
 0.2241162447113648
 0.223965480040552
 0.2240086189675432
 0.224400830274802
 0.2243766361634335
 0.2239151643939232
 0.1364468496232204
 0.08702713953372537
 0.1073728883353314
 0.06289166854690686
 0.1245267791431685
 0.1103945481710251
 0.1104021331988317
 0.1105928436556161
 0.1112785948512837
 0.1103315502048623
 0.1104177386431338
 0.1107610751734312
 0.1104149902276109
 0.1102263059562823
 0.1100947240848926
 0.1100912606975287
 0.1101398184195842
 0.1101758763830986
 0.1100412217698944
 0.1101984957452743
 0.1101250365194337
 0.1101411606703101
 0.1102344251365245
 0.1100533856934626
 0.1103303426274233
 0.1101670533239528
 0.1101099509799744
 0.1101421051520396
 0.1101692159552128
 0.1101174824940318
 0.1100945378592348
 0.1103060488902365
 0.1100853140262713
 0.1102084210999595
 0.1101176255519872
 0.1100551961131952
 0.1100933861005937
 0.1101602619188108
 0.1103912462063834
 0.1100881669649599
 0.1100935354313021
 0.110088267698476
 0.1100899586100655
 0.1101189618593006
 0.1101211647477996
 0.1103329184574713
 0.1101033606846684
 0.1101006974139144
 0.1101347341660442
 0.1100815397904333
 0.1101581631302462
 0.110116723054618
 0.1100993085675302
 0.110155333514376
 0.1101035618743127
 0.1101122633522302
 0.1100712095508981
 0.1100780056402017
 0.1100624910976215
 0.1101211099841231
 0.1101838406068423
 0.1100705043884766
 0.1101053684507275
 0.1101155047917358
 0.1100582712096003
 0.1101687637091619
 0.1100875734960763
 0.1100220728926498
 0.1102534489454499
 0.1102744240611073
 0.1100551911279648
 0.110100927774788
 0.1101090294407357
 0.1100266784796872
 0.1101934343561854
 0.1101094176268613
 0.1101262139517208
 0.1101833090610191
 0.1101887147650304
 0.1100421897600194
 0.1100580987534516
 0.1101162754819832
 0.1101568260020564
 0.1101611668539957
 0.1100609595116664
 0.1102636346550009
 0.1100617146243373
 0.1101244540008307
 0.1102481172948237
 0.1100454913687713
 0.1100632624004001
 0.1101527827740188
 0.1102663088636924
 0.1102692747137213
 0.1101572735696243
 0.1101227125281396
 0.1101111464209216
 0.1101464714522899
 0.1101216878682702
 0.1103123715096249
 -0.0002694096682607661
 -0.0008680488311777826
 -0.002220689242380744
 -0.001677156499212362
 -0.0005443896970665774
 -0.001685029863726314
 -0.0003912094141008439
 -4.431461361741398e-05
 -1.043466660489815e-05
 -0.0001397326536146035
 -5.745635323512431e-05
 -3.34719082488227e-06
 -6.491656539760887e-06
 -7.139868223190148e-06
 -1.276849416094418e-05
 -1.61547526830925e-06
 -4.651354943834137e-06
 -4.087363555027503e-06
 -1.014989562021871e-06
 -3.544465835723151e-06
 -1.346109299053908e-06
 -7.844982529260983e-08
 -5.786536256581487e-08
 -2.358169898068752e-08
 -1.18077174145019e-08
 -2.063050394580934e-09
 -3.15072731793542e-10
 -1.253761721178859e-10
 -5.152056060421517e-11
 -4.341016131628739e-11
 -1.714796360463566e-11
 -8.283708137837853e-12
 -9.491222044410996e-12
 -6.08683676378563e-13
 -1.530468460297918e-13
 -6.697512553235918e-14
 -2.331717077110434e-12
 -3.871742336458706e-13
 -3.630689499045658e-14
 -2.385475714530849e-13
 -9.913510984338458e-15
 -2.744852956038102e-14
 -4.475803408454659e-15
 -6.994405055138486e-15
 -2.632009193925811e-15
 -5.934922692185651e-15
 -2.979387569990166e-15
 -5.709191799874169e-15
 -3.853688201882477e-15
 -5.747138875911162e-15
 -5.903697669618069e-15
 -3.404394821604484e-15
 -3.619934213494602e-15
 -5.923213308722808e-15
 -6.730727086790012e-16
 -3.065364802268267e-15
 -5.920177542639848e-15
 -3.627306788267504e-15
 -4.041038337287972e-15
 -5.700951863363279e-15
 -5.959642501718321e-15
 -1.89084858881472e-15
 -5.943162628696541e-15
 -5.94402999043453e-15
 -5.920177542639848e-15
 -5.943596309565535e-15
 -5.728490598544411e-15
 -5.919743861770854e-15
 -5.900661903535109e-15
 -5.539839420531933e-15
 -5.922779627853814e-15
 -5.749307280256133e-15
 -5.938825820006599e-15
 -9.042246118529107e-16
 -3.695394684699593e-15
 -3.628607830874486e-15
 -3.647689789110231e-15
 -3.58567342484406e-15
 -3.390083352927675e-15
 -2.919099152936394e-15
 -5.774894451526791e-15
 -5.741934705483231e-15
 -2.862944256665223e-15
 -5.946632075648495e-15
 -5.916274414818901e-15
 -2.252972114424878e-15
 -5.103556466323766e-15
 -5.967448757360216e-15
 -5.956173054766367e-15
 -2.404326737703855e-15
 -5.968316119098205e-15
 -4.53781977272083e-15
 -3.402660098128507e-15
 -5.980025502561048e-15
 -5.92755011741275e-15
 -3.406996906818449e-15
 -5.936223734792634e-15
 -5.775328132395785e-15
 -5.937958458268611e-15
 -3.58567342484406e-15
 0.6580569563738279
 0.6416084145843703
 0.6856759443334269
 0.7407412361329381
 0.7440675964428516
 0.7421966340657902
 0.7440675964428516
 0.7440675964428516
 0.7440675964428516
 0.7440675964428516
 0.7407412361329381
 0.7407412361329381
 0.7407412361329381
 0.7415548789565042
 0.7407412361329381
 0.7440675964428516
 0.7418435047946729
 0.7407673401590525
 0.7407412361329381
 0.7440675964428516
 0.7440675964428516
 0.7440675964428516
 0.7440675964428516
 0.7440675964428516
 0.7440675964428516
 0.7440675964428516
 0.7440675964428516
 0.7440675964428516
 0.7440675964428516
 0.7440675964428516
 0.7440675964428516
 0.7440675964428516
 0.7440675964428516
 0.7440675964428516
 0.7440675964428516
 0.7440675964428516
 0.7440675964428516
 0.7440675964428516
 0.7440675964428516
 0.7440675964428516
 0.7440675964428516
 0.7440675964428516
 0.7440675964428516
 0.7440675964428516
 0.7440675964428516
 0.7440675964428516
 0.7440675964428516
 0.7440675964428516
 0.7440675964428516
 0.7440675964428516
 0.7440675964428516
 0.7440675964428516
 0.7440675964428516
 0.7440675964428516
 0.7440675964428516
 0.7440675964428516
 0.7440675964428516
 0.7440675964428516
 0.7440675964428516
 0.7440675964428516
 0.7440675964428516
 0.7440675964428516
 0.7440675964428516
 0.7440675964428516
 0.7440675964428516
 0.7440675964428516
 0.7440675964428516
 0.7440675964428516
 0.7440675964428516
 0.7440675964428516
 0.7440675964428516
 0.7440675964428516
 0.7440675964428516
 0.7440675964428516
 0.7440675964428516
 0.7440675964428516
 0.7440675964428516
 0.7440675964428516
 0.7440675964428516
 0.7440675964428516
 0.7440675964428516
 0.7440675964428516
 0.7440675964428516
 0.7440675964428516
 0.7440675964428516
 0.7440675964428516
 0.7440675964428516
 0.7440675964428516
 0.7440675964428516
 0.7440675964428516
 0.7440675964428516
 0.7440675964428516
 0.7440675964428516
 0.7440675964428516
 0.7440675964428516
 0.7440675964428516
 0.7440675964428516
 0.7440675964428516
 0.7440675964428516
 0.7440675964428516
 0.393319389778339
 0.4749371671201173
 0.419494917550062
 0.2945304592115218
 0.4236611421365057
 0.4445768522527132
 0.3647806255831151
 0.4337062809223273
 0.4317007003454673
 0.4346897600630021
 0.4360863844503563
 0.4388421781127977
 0.4421041542939418
 0.43579508867299
 0.4359933336242858
 0.4359181379055344
 0.4359116204378791
 0.4359282908799184
 0.4359247839942422
 0.4359241941609179
 0.4359251673706748
 0.435925700414783
 0.43592548910838
 0.4359255055437641
 0.4359254986683542
 0.4359255167950802
 0.4359255192494553
 0.4359255201959066
 0.4359255204307873
 0.4359255205039215
 0.4359255205161111
 0.4359255205206777
 0.4359255205169661
 0.4359255205217987
 0.4359255205195467
 0.4359255205253043
 0.4359255205234515
 0.4359255205521399
 0.4359255205287952
 0.4359255205277155
 0.4359255205269667
 0.4359255205255576
 0.4359255205247087
 0.4359255205270399
 0.4359255205358984
 0.4359255205032664
 0.4359255205469086
 0.4359255205258612
 0.4359255205217358
 0.4359255205287421
 0.4359255205248843
 0.4359255205206704
 0.4359255205212972
 0.4359255205192208
 0.4359255204676866
 0.435925520521517
 0.4359255205095459
 0.4359255205286966
 0.4359255205299116
 0.4359255205026469
 0.4359255205269426
 0.4359255205196009
 0.4359255205268615
 0.4359255205264011
 0.4359255205262297
 0.4359255205369262
 0.435925520527531
 0.4359255205166609
 0.4359255205273085
 0.4359255205291022
 0.435925520526017
 0.4359255205314859
 0.4359255205289334
 0.4359255205263687
 0.4359255205228667
 0.4359255205306817
 0.4359255205211669
 0.4359255205287876
 0.4359255205592918
 0.4359255205233482
 0.4359255205117831
 0.4359255205282916
 0.4359255205256699
 0.4359255205201729
 0.4359255205269776
 0.4359255205296783
 0.4359255205267787
 0.4359255205258982
 0.4359255205265364
 0.4359255205300186
 0.4359255204452389
 0.4359255205273318
 0.4359255205294143
 0.4359255205264332
 0.4359255205283616
 0.4359255205269154
 0.4359255205256711
 0.4359255205211132
 0.4359255205212215
 0.4359255205284648
 0.1285818231828501
 0.07846355684306283
 0.1543517032777282
 0.2087397805167596
 0.2193869604175911
 0.2163155117632151
 0.2225577975010147
 0.2208569610902755
 0.1980829392485646
 0.206702591309692
 0.2243798467394998
 0.2233395278673297
 0.2245519379303073
 0.2243991776418975
 0.2240035783222645
 0.2240885865925709
 0.2240164165108314
 0.2241382372598846
 0.2243367973664136
 0.2240760304410463
 0.2238863754907647
 0.2241616533421205
 0.2241469039304423
 0.2244013851280267
 0.2237601865257724
 0.2242731098266104
 0.2236596780938724
 0.224113537385731
 0.2239588502763408
 0.2241590518729163
 0.2242586726295643
 0.2243002423986874
 0.2243954621042096
 0.2240720783257017
 0.2241629084820831
 0.2241814635418068
 0.2242373858145043
 0.224475958877531
 0.2243009127593088
 0.2239371413318271
 0.2240234527649624
 0.223896322517135
 0.223858359947372
 0.223992903398912
 0.2245614987127641
 0.2238573261724871
 0.2237271648814551
 0.2242669795194691
 0.2242362880199047
 0.2241079376285273
 0.2240574459257669
 0.2240824636417487
 0.2243411912414044
 0.2240005625650785
 0.2241544289711629
 0.2240850279799968
 0.2241070977921764
 0.2242290781807719
 0.2240026810928057
 0.2240256839251617
 0.2239855149861953
 0.2242374514014271
 0.2242011568226276
 0.2241814103719189
 0.2241503932826787
 0.2243557290351433
 0.2239037766357458
 0.2242624240347759
 0.2240339789127949
 0.2239108524865322
 0.2241773785221653
 0.2243444235518871
 0.2239098286787362
 0.2244918232866912
 0.2238780443744306
 0.2240306186518077
 0.2240502425606705
 0.2237140081995471
 0.2244062320996968
 0.2241198761683879
 0.2240634410157237
 0.2243520847618557
 0.2241761699140874
 0.2238726987084688
 0.2242127102305831
 0.2243315837949759
 0.2238926342584753
 0.2240662675509928
 0.2239791831296945
 0.2242615865760321
 0.2245042872170532
 0.2243319544406988
 0.2244516842824474
 0.2242350828543723
 0.2240669312606808
 0.2239425796153699
 0.2245818168488781
 0.2244876198878527
 0.2241664339119284
 0.2244305922528025
 -0.08474136705794344
 -0.5176063456064177
 -0.1733477760873909
 -0.2774059444411927
 -0.1269210114607852
 -0.8161326265890148
 -0.2717834915596319
 -0.1745979795976128
 -0.1112233193865565
 -0.1440578803181284
 -0.1135581960556727
 -0.1345860753596402
 0.01229028569169105
 0.1246590984631211
 0.1106767219648183
 0.1203142106567838
 0.1105783447154194
 0.1103377667545136
 0.1099560110795332
 0.1100184681209053
 0.110148810745812
 0.1100756769903958
 0.110125857379459
 0.1101271849575905
 0.110137264348264
 0.1101439300526844
 0.1103943019813703
 0.1101023708730267
 0.1101978969848198
 0.1102096691876418
 0.110124596997635
 0.1102336270409618
 0.1100585497204656
 0.1101855442026853
 0.1101155420992829
 0.1101459096659765
 0.1100399194873519
 0.1100649347185401
 0.1100486283213063
 0.1101219831405232
 0.1101268537383525
 0.1102781152983186
 0.1101211582454814
 0.1101096855244308
 0.1100991959908461
 0.1101227944410288
 0.1104785267400062
 0.1100695998100473
 0.1101592823436004
 0.110132857925507
 0.1101545405748091
 0.1101474032102791
 0.1101353030104658
 0.1100629615353699
 0.1100740597613324
 0.1100668676591988
 0.1100664974318959
 0.1101060703984732
 0.1101485717722734
 0.1100539102694087
 0.1101370244397814
 0.1100369305996637
 0.1101537573800024
 0.1101033361212131
 0.1100932441468405
 0.1101971218793805
 0.1101365200892318
 0.1100660718334183
 0.110030289394947
 0.1100694692511157
 0.1100953983153661
 0.1101015912706334
 0.1100684628173084
 0.1100775675062026
 0.1100818228485821
 0.110106125206616
 0.1100529514307289
 0.1103013585653962
 0.1101308105191884
 0.1100887815671272
 0.1101938025142478
 0.1100432490571498
 0.1101333470326587
 0.1100766147749282
 0.1103015499152915
 0.1101437394160871
 0.1100721061251206
 0.1100731210213071
 0.1101319888889297
 0.110147122693234
 0.1103420025148457
 0.1100598607547326
 0.1101430402804713
 0.110146371938557
 0.1100805256562133
 0.1101175880410175
 0.1102001356322927
 0.1100591370269387
 0.1100881411999821
 0.1105208731401857
 -0.3307869845178394
 -0.1683823410731327
 -0.3625662930180401
 -0.03570194817596502
 -0.0167907778418483
 -0.002821472350995257
 -0.001728711369710536
 -0.003195037950676779
 -0.001221610639901751
 -0.000708527358798131
 -0.0005787163813631155
 -0.0004652340700082302
 -0.000215813687262317
 -0.0005570583448413669
 -0.001510264161297282
 -0.0004807829765543625
 -0.0005000486456679569
 -0.0002873267805770445
 -0.0001366960804879151
 -9.727913887489295e-07
 -1.245032844489043e-06
 -5.428355424258197e-06
 -1.606712632436051e-06
 -1.403523171960696e-07
 -2.826526367604928e-08
 -2.571243386349092e-08
 -1.603637839013572e-08
 -8.734379946737092e-10
 -8.523950307095032e-09
 -1.425925381243198e-09
 -5.745822481001417e-11
 -2.844885091390914e-10
 -1.656150451154192e-10
 -1.358994861089258e-11
 -7.455600806866025e-12
 -1.16754696188881e-13
 -5.779638920233587e-13
 -1.347268650808697e-13
 -4.199245118297057e-14
 -1.604428395696189e-13
 -8.389599778779733e-14
 -3.886853946338809e-14
 -2.829854406360965e-14
 -4.906231670931405e-15
 -1.704907916233456e-15
 -5.603156827405087e-15
 -3.488095229320365e-15
 -5.706806555094701e-15
 -6.043776590303196e-15
 -5.960509863456309e-15
 -1.459336124165489e-15
 -3.521054975363924e-15
 -3.675120104074114e-15
 -3.646822427372243e-15
 -4.533699804465385e-15
 -3.583938701368083e-15
 -5.923646989591802e-15
 -3.629908873481469e-15
 -5.978724459954066e-15
 -1.684850176042474e-15
 -5.340779901663595e-15
 -5.907600797439017e-15
 -3.377506607726843e-15
 -3.293372519141968e-15
 -5.960509863456309e-15
 -1.715641517741062e-15
 -3.592178637878973e-15
 -5.908468159177005e-15
 -4.972584843887518e-15
 -5.761450344587971e-15
 -5.951836246076425e-15
 -5.946632075648495e-15
 -1.790668308077059e-15
 -5.939693181744587e-15
 -5.920611223508843e-15
 -1.722580411644969e-15
 -5.913672329604935e-15
 -5.968749799967199e-15
 -5.959642501718321e-15
 -3.658531810835086e-15
 -5.940560543482576e-15
 -5.906299754832034e-15
 -3.614296362197678e-15
 -5.968749799967199e-15
 -5.750174641994121e-15
 -3.058751169016105e-15
 -5.065392549852277e-15
 -5.752559886773589e-15
 -5.90586607396304e-15
 -5.960509863456309e-15
 -5.922779627853814e-15
 -5.934922692185651e-15
 -6.005178992962712e-15
 -5.113097445441639e-15
 -1.712172070789109e-15
 -5.744103109828202e-15
 -5.938825820006599e-15
 -5.924948032198785e-15
 -3.607791149162765e-15
 -3.410466353770403e-15


