# Created by Octave 4.0.0, Fri Apr 20 17:05:07 2018 CEST <olethros@olethros-OptiPlex-9010>
# name: PU
# type: matrix
# ndims: 3
 100 5 2
 0.5279127278258263
 0.5279176295388425
 0.606219793069356
 0.6519765577355896
 0.6519779824164385
 0.6547688638622987
 0.6551427020286533
 0.6520069125976584
 0.6520091380473411
 0.6520142206499613
 0.6520108444245366
 0.6520030821715761
 0.6309054144931627
 0.6520127815024509
 0.6520117944460564
 0.655203295111165
 0.6558040263940791
 0.656353838026608
 0.6563547292544808
 0.6563548092808478
 0.6563547712416782
 0.6563548415404697
 0.6563548297402773
 0.6563548031806705
 0.6563548766231713
 0.6563548859662107
 0.6563548851666675
 0.6563548867176346
 0.6563548862807136
 0.6563548871130355
 0.6563548872513849
 0.6563548868837
 0.6563548868943136
 0.6563548873680209
 0.6563548874027721
 0.6563548873759236
 0.6563548873565332
 0.6563548874074635
 0.656354887429981
 0.6563548874376253
 0.6563548874407735
 0.6563548874421865
 0.6563548874408562
 0.6563548874399927
 0.6563548874411189
 0.656354887441931
 0.6563548874427421
 0.6563548874418877
 0.6563548874425849
 0.6563548874428357
 0.6563548874429344
 0.6563548874429738
 0.6563548874429896
 0.6563548874429992
 0.6563548874430002
 0.6563548874430001
 0.6563548874430004
 0.6563548874430006
 0.6563548874430005
 0.6563548874430006
 0.6563548874430005
 0.6563548874429997
 0.6563548874430002
 0.6563548874430004
 0.6563548874430006
 0.6563548874430005
 0.6563548874430007
 0.6563548874430007
 0.6563548874430007
 0.6563548874430007
 0.6563548874430007
 0.6563548874430007
 0.6563548874430007
 0.6563548874430007
 0.6563548874430007
 0.6563548874430007
 0.6563548874430007
 0.6563548874430007
 0.6563548874430007
 0.6563548874430007
 0.6563548874430007
 0.6563548874430007
 0.6563548874430007
 0.6563548874430007
 0.6563548874430007
 0.6563548874430007
 0.6563548874430007
 0.6563548874430007
 0.6563548874430007
 0.6563548874430007
 0.6563548874430007
 0.6563548874430007
 0.6563548874430007
 0.6563548874430007
 0.6563548874430007
 0.6563548874430007
 0.6563548874430007
 0.6563548874430007
 0.6563548874430007
 0.6563548874430007
 0.5279141088415209
 0.5381698061335455
 0.6493900244994457
 0.6498425666450992
 0.6510407735721023
 0.6495536950772599
 0.6494624349607662
 0.6494449123195246
 0.6494581982918942
 0.6495184595583866
 0.6495163712902492
 0.6495119176238964
 0.6495116599691274
 0.6495128024198782
 0.6495129109357358
 0.6495124774733385
 0.6495120906869049
 0.6495136705729405
 0.6495137481377173
 0.6495133477329547
 0.6495131559818487
 0.6495132675584318
 0.6495132697017222
 0.6495154222338926
 0.6495149045801534
 0.6495137288765793
 0.6495133463842193
 0.6495137553508249
 0.6495153345864529
 0.649513559642351
 0.6495138591372934
 0.6495132030204857
 0.6495132191711462
 0.6495131013868475
 0.6495131287577233
 0.6495131779813355
 0.6495131426654071
 0.6495131431197398
 0.6495131432515074
 0.6495131412907408
 0.6495131408630124
 0.6495131424986003
 0.6495131434856974
 0.6495131404726531
 0.6495131339599107
 0.6495131438868972
 0.6495131422232174
 0.6495131402673291
 0.6495131411498749
 0.6495131456455931
 0.6495131417765123
 0.649513143189174
 0.6495131408161684
 0.6495131452774162
 0.6495131399131036
 0.6495131450236369
 0.6495131452877984
 0.6495131420041319
 0.6495131420202009
 0.649513143142445
 0.6495131396922529
 0.6495131389247697
 0.6495131438742494
 0.6495131413016535
 0.6495131420683112
 0.6495131429567723
 0.6495131406983292
 0.6495131411621344
 0.6495131420436382
 0.6495131398524964
 0.6495131435309488
 0.6495131340100302
 0.6495131407007566
 0.6495131371918524
 0.6495131431032226
 0.64951314152238
 0.6495131425640327
 0.6495131427805383
 0.6495131400268181
 0.649513139848489
 0.6495131394319325
 0.6495131418873271
 0.6495131394154892
 0.6495131376260155
 0.6495131439730238
 0.6495131429298687
 0.6495131424059345
 0.6495131435980903
 0.6495131430370858
 0.6495131414069385
 0.6495131412062665
 0.649513144110119
 0.649513142932017
 0.6495131295822348
 0.6495131397994882
 0.6495131440692966
 0.6495131434180671
 0.649513139996489
 0.6495131423416217
 0.6495131421419075
 0.5279154898866012
 0.5313193135756525
 0.5294811945835584
 0.5290900453582871
 0.5252890418931365
 0.608354703368404
 0.6238634366718934
 0.6258534869305985
 0.6111003031189925
 0.6240847883935565
 0.6310696553902553
 0.6297478997638387
 0.6287443666632444
 0.6360402679081457
 0.6367491122002191
 0.6370529505750266
 0.6371671370171526
 0.6372113352331192
 0.6372276724515814
 0.6372357714699419
 0.6372300452216543
 0.6372188854745805
 0.6371895398619838
 0.6372068244535699
 0.6372255244915268
 0.6372353153594701
 0.6372365208899767
 0.6372363361326694
 0.6372359946736923
 0.6372363869111048
 0.6372362435200977
 0.6372368471866324
 0.6372370754442055
 0.6372369156020898
 0.6372369875707715
 0.6372369481399482
 0.6372372344475404
 0.6372374138349685
 0.6372371137326849
 0.6372403896822799
 0.637237173137515
 0.6372369373370563
 0.6372369131070308
 0.6372370792063599
 0.6372376942902406
 0.637237136378666
 0.6372368105242242
 0.6372371217675654
 0.6372374957359954
 0.6372368863033517
 0.6372371597656459
 0.6372372137945558
 0.6372393407995982
 0.6372369377956
 0.6372373478436725
 0.6372376830318331
 0.6372371951822857
 0.6372370786938557
 0.6372369395464507
 0.6372368502167881
 0.6372372158351741
 0.6372370524665462
 0.6372369420912776
 0.6372379709739816
 0.6372369146196325
 0.6372370558108434
 0.6372375186793673
 0.637237244810403
 0.6372370981665681
 0.637237301947525
 0.6372370288217233
 0.6372372322294824
 0.6372370526790188
 0.6372375197116334
 0.6372376443500946
 0.6372368294842609
 0.637237089962074
 0.6372371656215315
 0.63723878584697
 0.6372370838386797
 0.6372372128371259
 0.6372370729412307
 0.6372370221033357
 0.637237478249785
 0.6372368400903998
 0.6372370361584533
 0.6372374489510763
 0.6372372231230062
 0.6372371695897692
 0.6372372706747795
 0.637237155630352
 0.637237151315726
 0.6372371448552113
 0.6372369988176988
 0.6372370059426335
 0.6372373432116119
 0.6372369064391258
 0.6372369071949954
 0.6372372732943026
 0.6372377632297676
 0.5279168709610692
 0.5290508179636079
 0.5791443326611234
 0.6197285688539724
 0.6217702556142818
 0.6255595600071487
 0.6248511214170192
 0.6241085972444593
 0.6223332502506577
 0.6249759016671401
 0.6241392377992313
 0.6255448492066596
 0.625721743577014
 0.6256506958832032
 0.6257606758043255
 0.6257680778463275
 0.6257710085392814
 0.6257704499499017
 0.6257795360732109
 0.6257706658267325
 0.6257703382832753
 0.6257710555380414
 0.6257704648106581
 0.6257704097852346
 0.6257704068294314
 0.625770644936352
 0.6257711601107829
 0.6257722711719742
 0.6257705294611058
 0.6257704083479169
 0.6257706158005297
 0.6257704425632176
 0.6257705363462296
 0.6257704008518684
 0.6257704144551549
 0.6257704297210144
 0.6257704359621022
 0.6257705312440313
 0.6257708478749069
 0.625770451689901
 0.6257706114229054
 0.6257704100553708
 0.6257771888094251
 0.6258125430196736
 0.6257704600606196
 0.6257706608139669
 0.6257704412968789
 0.6257705299234914
 0.6257755581373828
 0.6257704221946296
 0.6257704952250827
 0.6257704123570111
 0.6257705255941676
 0.6257704632575414
 0.6257736014330885
 0.6257776055799729
 0.6257704094300043
 0.6257704136710398
 0.6257711137221443
 0.6257705696441334
 0.6257704190574507
 0.6257705369586914
 0.6257706832984595
 0.6257704042338273
 0.6257705012081406
 0.6257704040761678
 0.6257704600101194
 0.6257704367873201
 0.6257704130704415
 0.6257704379166228
 0.6257704966261302
 0.6257733461514235
 0.6257704004199452
 0.6257704111814003
 0.6257744858666854
 0.6257759228667606
 0.6257705927846229
 0.6257711212915199
 0.6257704301173646
 0.6258460790675827
 0.6257718055404429
 0.62578625482869
 0.6257704258314098
 0.6257704075722922
 0.6257703967594022
 0.6257704121969206
 0.6257704430194839
 0.6257709442782534
 0.6257864983001876
 0.625770398620809
 0.6257783504050602
 0.6257704137406271
 0.6257808942325626
 0.6257704048522472
 0.6257704638091695
 0.6257704271009291
 0.6257767188595879
 0.6257704308971758
 0.6257703990505253
 0.6257978687923027
 0.5072874709203579
 0.5072235308789729
 0.497841248531339
 0.4968365781756884
 0.5091157341626235
 0.4949335255605081
 0.501603701474437
 0.5087393796288058
 0.4942743004562518
 0.4951210661724489
 0.4762047688719463
 0.473295645954234
 0.5304578841263696
 0.5155766991881734
 0.5064260264988192
 0.4820145282617451
 0.5084914866360644
 0.4981974702742253
 0.4635770711807139
 0.5199649280900691
 0.4952040341461831
 0.482708072915051
 0.4525669062300572
 0.4814043037956963
 0.5082168821779594
 0.5006736019524333
 0.5374907006598204
 0.5050979142844378
 0.5185923952584812
 0.5187728168117548
 0.4493416787021235
 0.5075822954393194
 0.5174455624332334
 0.5179717491659268
 0.5051848970338414
 0.5342655952550178
 0.5014533525813392
 0.4898597735035393
 0.4887638326331852
 0.5388803819638256
 0.5332181295782881
 0.5293256374134886
 0.5063644500393524
 0.5305326148539772
 0.5386236575225156
 0.4772173696863761
 0.4837421714531774
 0.5030639820389901
 0.5217440076032762
 0.5214901675583266
 0.4884513684170722
 0.4813117529374545
 0.4944262486333116
 0.4693995635061008
 0.491982303981538
 0.5415307954665362
 0.5160252709212372
 0.5318234690912147
 0.4965323300404772
 0.4875299792960431
 0.5112840303455237
 0.4733852061453325
 0.4878143700332959
 0.4559313649726551
 0.4932608724410619
 0.5016415677964777
 0.4869015633164825
 0.503006736701872
 0.5142511160724367
 0.4928599178036486
 0.4811790829443776
 0.4783599683443694
 0.5340170779351336
 0.5194661112688492
 0.4891876883263944
 0.5276226040675506
 0.4790511046216492
 0.5296611080583484
 0.4902751598478912
 0.5210770085663696
 0.4877176953584466
 0.545434042182924
 0.52967994300147
 0.4979327398360291
 0.5195704859069997
 0.4872067324890583
 0.56602700187496
 0.50106370331425
 0.5110464371552875
 0.485165123147925
 0.5027367171489769
 0.5187126281169503
 0.5568008541659082
 0.4837594402023712
 0.5047649010064399
 0.5345761386037365
 0.5179318913545781
 0.5510777617492787
 0.5548969080583732
 0.4984781570316338
 0.5279182520649255
 0.5526394699687154
 0.6520202011386417
 0.6520202011386417
 0.6520202011386417
 0.6520202011386417
 0.6520202011386417
 0.6520202011386417
 0.6520202011386417
 0.6542763076247826
 0.6563548874430007
 0.6563548874430007
 0.6563548874430007
 0.6563548874430007
 0.6563548874430007
 0.6563548874430007
 0.6563548874430007
 0.6563548874430007
 0.6563548874430007
 0.6563548874430007
 0.6563548874430007
 0.6563548874430007
 0.6563548874430007
 0.6563548874430007
 0.6563548874430007
 0.6563548874430007
 0.6563548874430007
 0.6563548874430007
 0.6563548874430007
 0.6563548874430007
 0.6563548874430007
 0.6563548874430007
 0.6563548874430007
 0.6563548874430007
 0.6563548874430007
 0.6563548874430007
 0.6563548874430007
 0.6563548874430007
 0.6563548874430007
 0.6563548874430007
 0.6563548874430007
 0.6563548874430007
 0.6563548874430007
 0.6563548874430007
 0.6563548874430007
 0.6563548874430007
 0.6563548874430007
 0.6563548874430007
 0.6563548874430007
 0.6563548874430007
 0.6563548874430007
 0.6563548874430007
 0.6563548874430007
 0.6563548874430007
 0.6563548874430007
 0.6563548874430007
 0.6563548874430007
 0.6563548874430007
 0.6563548874430007
 0.6563548874430007
 0.6563548874430007
 0.6563548874430007
 0.6563548874430007
 0.6563548874430007
 0.6563548874430007
 0.6563548874430007
 0.6563548874430007
 0.6563548874430007
 0.6563548874430007
 0.6563548874430007
 0.6563548874430007
 0.6563548874430007
 0.6563548874430007
 0.6563548874430007
 0.6563548874430007
 0.6563548874430007
 0.6563548874430007
 0.6563548874430007
 0.6563548874430007
 0.6563548874430007
 0.6563548874430007
 0.6563548874430007
 0.6563548874430007
 0.6563548874430007
 0.6563548874430007
 0.6563548874430007
 0.6563548874430007
 0.6563548874430007
 0.6563548874430007
 0.6563548874430007
 0.6563548874430007
 0.6563548874430007
 0.6563548874430007
 0.6563548874430007
 0.6563548874430007
 0.6563548874430007
 0.6563548874430007
 0.6563548874430007
 0.6563548874430007
 0.6563548874430007
 0.5279182520649255
 0.5572650884063054
 0.6025177505213599
 0.6563548874430007
 0.6538432660500423
 0.6515031508199879
 0.6497759670063264
 0.6498964653171995
 0.6503287147540283
 0.649724570093806
 0.6499998490801966
 0.6498494184677133
 0.6496079870719994
 0.6495401177216711
 0.6495320222417492
 0.6495201806866858
 0.6495156161250083
 0.6495199585078644
 0.6495144814712247
 0.6495145156954176
 0.649513532164146
 0.6495132191369817
 0.6495131709798176
 0.6495131531972332
 0.6495131752253021
 0.6495131516246032
 0.6495131453722905
 0.6495131416522801
 0.6495131444762308
 0.6495131425264478
 0.6495131417685847
 0.6495131421127506
 0.6495131410821818
 0.6495131446440177
 0.6495131417498482
 0.6495131419100844
 0.6495131423304221
 0.6495131415136934
 0.6495131404913905
 0.6495131444846404
 0.6495131405438561
 0.6495131427672102
 0.6495131371898222
 0.6495131413400905
 0.649513142939546
 0.6495131420615687
 0.6495131431229965
 0.6495131412996321
 0.6495131416027294
 0.6495131410152896
 0.6495131446241975
 0.6495131429953153
 0.6495131420721593
 0.6495131392636191
 0.6495131356625246
 0.6495131441827556
 0.649513143111103
 0.64951313981437
 0.6495131430693054
 0.6495131438964136
 0.6495131287709075
 0.6495131432369766
 0.6495131341638837
 0.6495131420160631
 0.6495131442042112
 0.6495131427779434
 0.6495131438268575
 0.6495131448321355
 0.6495131428136923
 0.6495131286550382
 0.6495131443053751
 0.6495131400006172
 0.6495131411617782
 0.6495131422142263
 0.6495131411117582
 0.6495131434054381
 0.6495131425617701
 0.6495131429196868
 0.64951314291814
 0.6495131409167201
 0.6495131463725311
 0.649513140837551
 0.6495131428287746
 0.6495131393172452
 0.6495131360553411
 0.6495131444104202
 0.6495131442042922
 0.6495131431961285
 0.6495131430838654
 0.6495131423484909
 0.6495131437077932
 0.6495131361896724
 0.6495131399012942
 0.6495131433240205
 0.6495131419173271
 0.6495131428385083
 0.6495131422175023
 0.6495131396195192
 0.649513143885617
 0.6495131346199194
 0.5279182520649255
 0.5634431726173059
 0.5471566646406887
 0.5655417547424852
 0.5176290848011897
 0.5194053172552617
 0.5235392291114302
 0.5518841899128459
 0.6286277984877744
 0.6368357646561795
 0.6397962462217621
 0.6381603932033308
 0.6386679758033524
 0.6398308477051559
 0.6380892117365119
 0.6374910503759146
 0.6373707536417427
 0.6373193674565879
 0.6374949972581357
 0.6376475395929414
 0.6373319593710096
 0.6372723497390216
 0.6372579183262546
 0.6372499330675204
 0.6372415110168747
 0.6372403828563891
 0.6372377224226228
 0.6372374031307559
 0.6372368919330513
 0.6372374768113022
 0.6372369361390052
 0.6372371057787845
 0.6372371186991267
 0.637239080891264
 0.6372377490810205
 0.6372375381792961
 0.637236985287315
 0.6372396091842955
 0.6372393072752642
 0.6372368448751564
 0.6372372398051341
 0.6372370617140639
 0.6372393218733066
 0.6372372739013084
 0.6372371455121902
 0.6372374615650394
 0.6372377815210868
 0.6372377936213671
 0.6372369637929156
 0.6372368787509082
 0.6372374656222906
 0.6372372306791182
 0.6372371194108583
 0.6372370999929703
 0.6372372236298568
 0.6372369185536469
 0.6372368649493715
 0.6372367901309444
 0.6372369753550096
 0.6372370601525412
 0.6372372925844391
 0.6372370947157998
 0.6372368026990326
 0.6372369653485022
 0.6372374897407941
 0.6372370642003709
 0.6372375112633516
 0.637237355218091
 0.6372368539819885
 0.6372373008124097
 0.6372370285638425
 0.6372379587081316
 0.6372369331016335
 0.6372372202429051
 0.6372370590055827
 0.6372372919864208
 0.6372371061865263
 0.6372371693789807
 0.6372370511938196
 0.6372370357956428
 0.6372369545803053
 0.6372369135781563
 0.6372372090104235
 0.6372370565048775
 0.6372370946656616
 0.6372370384408996
 0.6372370533501645
 0.6372372974385938
 0.6372368100142495
 0.6372370212430888
 0.637236820498754
 0.6372367306599004
 0.6372368113796001
 0.6372370057989476
 0.6372370059798942
 0.6372369563682949
 0.6372370294509433
 0.6372370934305169
 0.6372372394181536
 0.637237285519649
 0.5354702654433479
 0.5289660694026245
 0.5093494053179441
 0.5024315335517577
 0.5043317985381552
 0.5149088194323778
 0.5191690949505289
 0.5128211101307615
 0.5620547296327081
 0.5270481390635832
 0.5764489054521997
 0.6129993915290493
 0.5591991656414232
 0.6133049970798574
 0.6242870703177481
 0.62244371470842
 0.6133999029760523
 0.6219971096576468
 0.6261870713875507
 0.6259974044361603
 0.6217875671635592
 0.6242419616455818
 0.6207402770093144
 0.6260853306067804
 0.6258502514668665
 0.62581044782332
 0.6257849072451713
 0.6257775288143712
 0.6257725448828635
 0.6257712019813185
 0.6257750067646656
 0.6257750947731703
 0.6257713459690341
 0.6257706132761605
 0.6257706864205056
 0.6257710141821626
 0.6257704722155386
 0.6257715438034702
 0.6257704304978658
 0.6257706130115109
 0.625770427133947
 0.625770410465465
 0.6257704092705194
 0.6257708366344849
 0.6257706163015473
 0.6257709488461042
 0.6257704036390161
 0.6257704036861432
 0.6257704211425392
 0.6257704402961509
 0.6257703997412403
 0.6257764416912448
 0.6257704059959041
 0.6258641096725374
 0.6257704381267464
 0.6257704451136105
 0.6257711773774798
 0.6257717470779995
 0.6257704126417952
 0.6257704466825367
 0.6257705286604084
 0.6257705513547273
 0.6257717176047383
 0.6257704148457448
 0.6257706057841302
 0.6257706848678168
 0.6257892522242655
 0.6257704019005372
 0.6257704331828798
 0.6257713508194497
 0.6257704087689304
 0.6257753072397895
 0.6257710955441871
 0.6257704627221996
 0.625770496858842
 0.6257704017746816
 0.625800251388921
 0.6257704012253478
 0.625771458407786
 0.6257704016296448
 0.6257722692191048
 0.6257704619170329
 0.6257704013083709
 0.6257704120039428
 0.6257704106194738
 0.6258076274676075
 0.6257705970160575
 0.6257734201621075
 0.625857479013905
 0.6257704363636352
 0.6257704404401361
 0.625770621822515
 0.6257704295148346
 0.6257720107988041
 0.625770451795449
 0.6257704505828571
 0.6257838095930843
 0.6257705649718913
 0.6257739864092303
 0.6257704340325054
 0.4768956780153811
 0.5365477961446751
 0.5496472773849516
 0.5300037002335952
 0.5233347767551131
 0.4977974372414145
 0.4952590860275176
 0.4726136694695653
 0.5288154128229146
 0.5139229108344555
 0.5053067737740317
 0.4931234113196318
 0.4580569844895036
 0.4930531742116983
 0.5351702925470675
 0.528650599240109
 0.5323439142512942
 0.4703018794093042
 0.4973976193060926
 0.4659409140490142
 0.5074845901425783
 0.5235801730874494
 0.5407740940838598
 0.4627565696420141
 0.5414515454627261
 0.4661290230783413
 0.4610853337215919
 0.5142266892827088
 0.4950357838950548
 0.5034907193691025
 0.5231806758672835
 0.5109692936504066
 0.4875057687294472
 0.4928489787700527
 0.4858437474537202
 0.4812177175643774
 0.5044291920046196
 0.5202707805070074
 0.4752551394616114
 0.469436905483384
 0.5248159960570128
 0.5007754644136879
 0.4740917619189087
 0.4536971701570602
 0.5036160078402083
 0.4961520371741431
 0.5020532937801387
 0.455283070199606
 0.484661085891042
 0.5184673049485329
 0.4973871342692426
 0.5073036383340069
 0.5033418081979162
 0.4861468715880168
 0.5220507404055588
 0.492630904921616
 0.5110651290336875
 0.4666365839504117
 0.5158655011392903
 0.48874142774077
 0.5257264039298224
 0.4790650945666749
 0.4934295495254506
 0.4525913907526884
 0.4807695234101528
 0.5096070967852695
 0.5234400891642979
 0.5032658926247628
 0.52702511063601
 0.5029898119504802
 0.4428708259392585
 0.5027657323055907
 0.5054367054641175
 0.4952868984372387
 0.4954316566973671
 0.4817868034439625
 0.485240784501731
 0.481752075927192
 0.5603180452832315
 0.5245905427868441
 0.5400343577278698
 0.4720184445985359
 0.4926208297056895
 0.5020589055174294
 0.494384068946379
 0.4631244823701103
 0.4952524759659633
 0.5027346440504847
 0.5215244374470982
 0.5071062277784347
 0.5114178783236046
 0.5022973214058968
 0.4802902378315513
 0.4702419723576257
 0.4605827636896559
 0.5135748113261469
 0.4971926976076018
 0.4957187273552379
 0.5148743868912153
 0.5076661576108551


# name: PF
# type: matrix
# ndims: 3
 100 5 2
 0.0004147096256300114
 4.630103958557579e-05
 0.9913344518071445
 1.255833314123264
 1.255681775012545
 1.011091295583569
 0.9799357900804324
 1.256071451770027
 1.255938533383095
 1.256096608005255
 1.256013127843247
 1.255817789701079
 0.2904662675418513
 1.256123413300588
 1.256089320721275
 0.9780482650300126
 0.9256311896531637
 0.8776948537764635
 0.8776902043297352
 0.8776893857787846
 0.8776897430504416
 0.8776892513874349
 0.8776892957486225
 0.8776893558284617
 0.8776890271990314
 0.8776889830993442
 0.8776889869595026
 0.8776889817313229
 0.8776889806927946
 0.8776889767754215
 0.8776889763073967
 0.8776889795902525
 0.8776889773933878
 0.8776889751202008
 0.8776889748455486
 0.877688974970946
 0.8776889750442304
 0.8776889748140342
 0.877688974712953
 0.877688974676878
 0.8776889746622754
 0.8776889746559529
 0.8776889746623011
 0.8776889746678909
 0.8776889746609557
 0.8776889746577702
 0.8776889746548285
 0.8776889746597498
 0.8776889746549701
 0.877688974653192
 0.8776889746525673
 0.8776889746523403
 0.8776889746522549
 0.8776889746522095
 0.8776889746522032
 0.8776889746522037
 0.8776889746522016
 0.8776889746522016
 0.877688974652201
 0.877688974652201
 0.8776889746522012
 0.877688974652204
 0.8776889746522019
 0.8776889746522009
 0.8776889746522007
 0.8776889746522005
 0.8776889746522005
 0.8776889746522005
 0.8776889746522005
 0.8776889746522005
 0.8776889746522005
 0.8776889746522005
 0.8776889746522005
 0.8776889746522005
 0.8776889746522005
 0.8776889746522005
 0.8776889746522005
 0.8776889746522005
 0.8776889746522005
 0.8776889746522005
 0.8776889746522005
 0.8776889746522005
 0.8776889746522005
 0.8776889746522005
 0.8776889746522005
 0.8776889746522005
 0.8776889746522005
 0.8776889746522005
 0.8776889746522005
 0.8776889746522005
 0.8776889746522005
 0.8776889746522005
 0.8776889746522005
 0.8776889746522005
 0.8776889746522005
 0.8776889746522005
 0.8776889746522005
 0.8776889746522005
 0.8776889746522005
 0.8776889746522005
 0.0003110338905642008
 0.07665044816405067
 0.6677051268835346
 0.5741627132998041
 0.6296995771814381
 0.5600433223355799
 0.5556978355405199
 0.5548831035434019
 0.5555051691948532
 0.5583329116685793
 0.5581626836789085
 0.5579390909694553
 0.5579204750580955
 0.5579704441267533
 0.5579747406432451
 0.5579548706000707
 0.5579375311900344
 0.5580098843702196
 0.5580133870801258
 0.5579946269354228
 0.5579856474874612
 0.557990881666513
 0.557990968404031
 0.5580917984227297
 0.5580676433645101
 0.5580124990135924
 0.5579945680338237
 0.5580137151093658
 0.5580876700614806
 0.5580045472260844
 0.5580185769631956
 0.5579878494755691
 0.5579886598480113
 0.557983213102265
 0.5579844116541257
 0.5579866737414818
 0.5579850196710568
 0.5579850390285426
 0.5579850448264858
 0.5579849531079304
 0.5579849330926289
 0.5579850095404115
 0.557985055699979
 0.5579849148732605
 0.5579846107244106
 0.5579850744379851
 0.5579849966530573
 0.5579849052419635
 0.557984946519837
 0.5579851566190537
 0.5579849759007937
 0.557985041813166
 0.5579849308915564
 0.5579851393547539
 0.5579848886854033
 0.5579851274906591
 0.5579851398331157
 0.5579849863917146
 0.5579849871427475
 0.5579850395842927
 0.5579848783614834
 0.5579848424978429
 0.5579850737791922
 0.5579849535658553
 0.5579849893905574
 0.5579850309069559
 0.5579849253734517
 0.5579849470463274
 0.557984988237604
 0.5579848858489981
 0.5579850577372867
 0.5579846128397542
 0.5579849254868596
 0.5579847615212973
 0.5579850377503142
 0.5579849638800287
 0.5579850125548153
 0.5579850226717833
 0.557984893994779
 0.5579848856617381
 0.5579848661967048
 0.5579849809334334
 0.5579848654283374
 0.5579847818090491
 0.557985078394757
 0.5579850296497602
 0.5579850051671389
 0.5579850608747039
 0.5579850346598488
 0.55798495848563
 0.557984949108541
 0.557985084800995
 0.5579850297501436
 0.5579844059358501
 0.5579848833720075
 0.5579850828934317
 0.5579850524625009
 0.5579848925775444
 0.5579850021619033
 0.5579849928295714
 0.000207357038029323
 0.0254110352020453
 0.01169376702227143
 0.008761959041135024
 0.2067169869013735
 0.2028897451132751
 0.1972341309544101
 0.1983113523997277
 0.1860655171475192
 0.2074656698198492
 0.2340581553879295
 0.223673889729412
 0.2119730331285701
 0.2712760534628123
 0.2848377805764059
 0.2908079091314012
 0.2930767128966574
 0.2939571009409643
 0.2942835231236385
 0.2944449690016962
 0.2943299011871999
 0.2941070256127101
 0.2935210681459937
 0.2938670309080191
 0.2942399691629877
 0.2944349248767035
 0.2944601541284746
 0.2944571309636514
 0.2944508028468488
 0.2944578013581104
 0.2944541334281074
 0.2944668491034427
 0.2944716804026655
 0.2944675470152945
 0.2944692636545762
 0.2944683923877693
 0.29447517502526
 0.2944794809770857
 0.2944723117000976
 0.2945505594281566
 0.2944736761556141
 0.2944680474945713
 0.2944674508511166
 0.2944714269839416
 0.2944861168146639
 0.294472785222394
 0.294464992897897
 0.2944724287794837
 0.2944813658362337
 0.294466800111269
 0.2944733356538871
 0.2944746268899674
 0.2945254626997246
 0.2944680305911483
 0.2944778306172847
 0.2944858415505431
 0.2944741820793693
 0.2944713980002679
 0.2944680724033366
 0.2944659374476095
 0.2944746756427383
 0.2944707711650287
 0.2944681332217705
 0.2944927233150602
 0.2944674766619736
 0.2944708511165621
 0.294481913544531
 0.2944753681942916
 0.2944718634160478
 0.2944767337246458
 0.2944702060625139
 0.2944750674621661
 0.2944707762759347
 0.2944819382223243
 0.2944849170358526
 0.2944654419405918
 0.2944716672971474
 0.2944734755387229
 0.29451219886298
 0.2944715209485503
 0.2944746039869773
 0.2944712605020177
 0.2944700454885377
 0.2944809472884807
 0.2944656954237329
 0.2944703814028639
 0.2944802470440917
 0.2944748498164431
 0.2944735703776583
 0.294475986294741
 0.2944732367512551
 0.2944731336329639
 0.2944729792282045
 0.2944694889673433
 0.2944696592524597
 0.2944777198985903
 0.2944672811423473
 0.294467299207123
 0.2944760489015714
 0.2944877582701197
 0.0001036790728901485
 0.008455780083548544
 0.1268938500051417
 0.09659281505867962
 0.1235340296396662
 0.09782139269145626
 0.09982606254452372
 0.07923500100691236
 0.06548935345352054
 0.08671662458511968
 0.08315464043663852
 0.09489072167128962
 0.0971904920211713
 0.1046822472349988
 0.09797739385106166
 0.09810852094081887
 0.09817516453318798
 0.0981598885920263
 0.09837798651726744
 0.09816590847028944
 0.09815589698228562
 0.09817287136287758
 0.09815868415403417
 0.09815735590469181
 0.09815727856721818
 0.09816296682077839
 0.09817527877408358
 0.09820183230416731
 0.09816020536415045
 0.09815730964380982
 0.09816226735149515
 0.09815812691423249
 0.09816036825283925
 0.09815713002258641
 0.09815745508400379
 0.09815781994077312
 0.09815796916474484
 0.09816024629407229
 0.09816781374650191
 0.09815834495643551
 0.09816216254234614
 0.0981573498991158
 0.09831950704968395
 0.09919237083243217
 0.09815854501199806
 0.09816334298043108
 0.09815809656309242
 0.09816021471881782
 0.105296626809122
 0.09815764002379933
 0.09815938543370145
 0.09815740490712192
 0.09816011124905938
 0.09815862141732543
 0.09823364019630272
 0.09832948031563263
 0.09815733495236846
 0.09815743631208416
 0.09817416760064308
 0.09816116403247854
 0.09815756504599252
 0.0981603828565886
 0.09816388035780493
 0.09815721076501201
 0.09815952842731107
 0.0981572069969856
 0.09815854380478886
 0.09815798878553016
 0.09815742195792808
 0.0981580157756075
 0.09815941891920929
 0.09822753544441903
 0.09815711961415995
 0.09815737681030723
 0.09825479519092753
 0.09828918616716173
 0.09816171708230587
 0.09817434824077154
 0.09815782937522334
 0.1001384836762704
 0.09819070328642775
 0.09853768865601542
 0.09815772694195782
 0.09815729055350331
 0.09815703212807481
 0.09815740108099352
 0.09815813773271664
 0.09817011768714001
 0.09854357788549628
 0.09815707661524294
 0.09834735150023075
 0.09815743797520099
 0.09840821501331801
 0.0981572255450941
 0.09815863460137375
 0.09815775728315594
 0.09830824806640001
 0.09815784801253458
 0.09815708688535904
 0.09882165797647816
 1.132328106001786e-05
 0.0003195930260827661
 0.0003109058585134827
 0.0004806751872850901
 0.03725805671609783
 0.003768514535840151
 0.00152261684565198
 0.006030634343342899
 0.001615830816327674
 0.002169137630481485
 0.003190831156838731
 0.002469829053243257
 0.003260986227180965
 0.001131893275673961
 0.001667950979866915
 0.005319521408471473
 0.001739536188023203
 0.0004490232890464133
 0.00192041765362682
 0.002390241207575234
 0.0001481767403947523
 0.001185092566420024
 0.0001422173082687135
 0.0001853873031710321
 3.341536347990781e-06
 1.085507276822953e-05
 3.121537269381441e-05
 3.280107385537565e-06
 2.864685882592033e-06
 3.987810286739182e-06
 7.147592471085096e-07
 2.124350615868853e-07
 3.826191684527802e-07
 1.451587695704137e-08
 1.397697433486167e-08
 1.183606460758435e-08
 9.891892492619458e-09
 8.214659334704333e-10
 8.779759591223679e-09
 1.115168408657996e-08
 5.479141227532347e-09
 5.424411031462739e-09
 6.103772175192201e-11
 2.434543573681669e-10
 2.936787341090152e-10
 4.514627213736411e-10
 5.737255878712766e-10
 1.019294215004463e-09
 1.850952576973319e-10
 4.671204395512163e-12
 2.331374676645126e-12
 2.684054367652067e-12
 6.026464050012947e-12
 3.869401327127875e-12
 1.20243398571418e-12
 3.289122446625825e-13
 1.818181022406051e-13
 2.62758564906207e-13
 2.655514697025296e-13
 3.693052808007025e-14
 7.78543896018391e-15
 5.839079220137933e-15
 8.151465613615017e-15
 4.246603069191224e-15
 5.835609773185979e-15
 5.594483210025203e-15
 5.849487560993794e-15
 5.797445856714489e-15
 5.849487560993794e-15
 7.799316747991725e-15
 3.606923787424776e-15
 5.776629175002768e-15
 4.461708780212348e-15
 5.119168977607558e-15
 5.814793091474257e-15
 5.780098621954721e-15
 5.804384750618397e-15
 2.785965902418752e-15
 5.160802341031001e-15
 5.818262538426211e-15
 5.061923102900323e-15
 2.186185260599771e-15
 4.662936703425657e-15
 5.818262538426211e-15
 5.367234434672241e-15
 5.790506962810582e-15
 3.828534711480813e-15
 5.793976409762536e-15
 5.825201432330118e-15
 5.138250935843303e-15
 5.825201432330118e-15
 4.428749034168789e-15
 4.277828091758806e-15
 3.989863994746656e-15
 5.832140326234025e-15
 5.793976409762536e-15
 5.825201432330118e-15
 4.442626821976603e-15
 3.838943052336674e-15
 5.818262538426211e-15
 5.065392549852277e-16
 0.2090785035197353
 1.256259087492629
 1.256259087492629
 1.256259087492629
 1.256259087492629
 1.256259087492629
 1.256259087492629
 1.256259087492629
 1.059221879476093
 0.8776889746522005
 0.8776889746522005
 0.8776889746522005
 0.8776889746522005
 0.8776889746522005
 0.8776889746522005
 0.8776889746522005
 0.8776889746522005
 0.8776889746522005
 0.8776889746522005
 0.8776889746522005
 0.8776889746522005
 0.8776889746522005
 0.8776889746522005
 0.8776889746522005
 0.8776889746522005
 0.8776889746522005
 0.8776889746522005
 0.8776889746522005
 0.8776889746522005
 0.8776889746522005
 0.8776889746522005
 0.8776889746522005
 0.8776889746522005
 0.8776889746522005
 0.8776889746522005
 0.8776889746522005
 0.8776889746522005
 0.8776889746522005
 0.8776889746522005
 0.8776889746522005
 0.8776889746522005
 0.8776889746522005
 0.8776889746522005
 0.8776889746522005
 0.8776889746522005
 0.8776889746522005
 0.8776889746522005
 0.8776889746522005
 0.8776889746522005
 0.8776889746522005
 0.8776889746522005
 0.8776889746522005
 0.8776889746522005
 0.8776889746522005
 0.8776889746522005
 0.8776889746522005
 0.8776889746522005
 0.8776889746522005
 0.8776889746522005
 0.8776889746522005
 0.8776889746522005
 0.8776889746522005
 0.8776889746522005
 0.8776889746522005
 0.8776889746522005
 0.8776889746522005
 0.8776889746522005
 0.8776889746522005
 0.8776889746522005
 0.8776889746522005
 0.8776889746522005
 0.8776889746522005
 0.8776889746522005
 0.8776889746522005
 0.8776889746522005
 0.8776889746522005
 0.8776889746522005
 0.8776889746522005
 0.8776889746522005
 0.8776889746522005
 0.8776889746522005
 0.8776889746522005
 0.8776889746522005
 0.8776889746522005
 0.8776889746522005
 0.8776889746522005
 0.8776889746522005
 0.8776889746522005
 0.8776889746522005
 0.8776889746522005
 0.8776889746522005
 0.8776889746522005
 0.8776889746522005
 0.8776889746522005
 0.8776889746522005
 0.8776889746522005
 0.8776889746522005
 0.8776889746522005
 0.8776889746522005
 5.065392549852277e-16
 0.3264577282349551
 0.4452882792903144
 0.8776889746522005
 0.7603248628909208
 0.6509749639912041
 0.5702663847813173
 0.5758970810574336
 0.5960954164255583
 0.5678646880119944
 0.580728041467595
 0.573698655882128
 0.5624169470271704
 0.559245519184011
 0.5588672301580573
 0.558313892940997
 0.5581005981632249
 0.5583035108746153
 0.5580475775790521
 0.5580491768216854
 0.5580032179544732
 0.5579885906881167
 0.5579863403796925
 0.5579855094275287
 0.5579865387644894
 0.5579854359410086
 0.5579851437802862
 0.5579849699500558
 0.5579851019088219
 0.5579850107985322
 0.557984975384783
 0.5579849914671128
 0.5579849433102594
 0.5579851097492392
 0.557984974509258
 0.5579849819968401
 0.5579850016385658
 0.5579849634741177
 0.5579849157035118
 0.5579851023017894
 0.5579849181551491
 0.5579850220489835
 0.5579847614264266
 0.5579849553619282
 0.5579850301019642
 0.5579849890754682
 0.5579850386743136
 0.5579849534713678
 0.5579849676346293
 0.5579849401844915
 0.5579851088230722
 0.5579850327079722
 0.5579849895703483
 0.5579848583316875
 0.5579846900582115
 0.5579850881951925
 0.5579850381185507
 0.5579848840674101
 0.5579850361654178
 0.557985074814879
 0.5579843680238015
 0.5579850440004258
 0.5579846200290863
 0.5579849869490613
 0.5579850891977792
 0.5579850225505286
 0.5579850715646311
 0.557985118539689
 0.5579850242210185
 0.5579843626094112
 0.5579850939250056
 0.5579848927704477
 0.5579849470296712
 0.5579849962089167
 0.5579849446923146
 0.5579850518723649
 0.557985012449088
 0.5579850291739702
 0.5579850291016931
 0.5579849355784935
 0.5579851905199474
 0.5579849318790479
 0.5579850249257919
 0.5579848608375498
 0.55798470841391
 0.5579850988335954
 0.5579850892015625
 0.5579850420916612
 0.5579850368457832
 0.5579850024828878
 0.5579850660009452
 0.5579847146910023
 0.5579848881292415
 0.5579850480678515
 0.5579849823352848
 0.5579850253806266
 0.5579849963620008
 0.5579848749623382
 0.5579850743103719
 0.5579846413389176
 5.065392549852277e-16
 0.7505752227396496
 0.8183238350565024
 0.8278854315599797
 0.3761466069416752
 0.3103067374034488
 0.4203686105386898
 0.3980285004325697
 0.2598760563145404
 0.3218712653821742
 0.3215527801393273
 0.3046030992531245
 0.3101034248863128
 0.3228619439499532
 0.3042578632129185
 0.2974097048370782
 0.2960198527219995
 0.2954201265423138
 0.2974796710879429
 0.2992913051243511
 0.2955580419315705
 0.2948853897150846
 0.2947128765999689
 0.2946210630366006
 0.2945213209230991
 0.2945281498051606
 0.2944788943197381
 0.294475954593943
 0.2944655043775803
 0.2944803307401678
 0.2944676155670829
 0.2944719672080339
 0.2944723220931169
 0.294519232737153
 0.2944873597959503
 0.2944821723537282
 0.2944690458525497
 0.2945318097133104
 0.2945246374887194
 0.2944657874916781
 0.2944752356563148
 0.2944709773552446
 0.2945250050736654
 0.2944760573093272
 0.2944729932012105
 0.2944805479388036
 0.2944881932788436
 0.2944884834293747
 0.2944686505041713
 0.2944666173827125
 0.294480644662302
 0.2944750302242041
 0.2944723710645579
 0.2944719069488901
 0.294474861907654
 0.2944675706662594
 0.2944662895435626
 0.2944645014033624
 0.2944689282143187
 0.2944709548559866
 0.2944765099206568
 0.2944717809085335
 0.2944648017791535
 0.2944686890617972
 0.2944812219186242
 0.2944710515972137
 0.29448173630757
 0.2944780068576742
 0.2944660274292638
 0.2944767065681727
 0.2944701998933343
 0.2944924301834378
 0.2944679183694366
 0.2944747809763739
 0.2944709274437844
 0.2944764956286222
 0.2944720550559365
 0.2944735653413049
 0.2944707407438349
 0.2944703727313592
 0.2944684317043121
 0.2944674517630819
 0.2944745125212314
 0.294470867676872
 0.2944717797102131
 0.2944704359521415
 0.2944707922806692
 0.2944766259334691
 0.2944649766109446
 0.2944700249282683
 0.2944652271881501
 0.2944630800614814
 0.294465009242573
 0.2944696558174751
 0.294469660142044
 0.2944684744369539
 0.2944702210944118
 0.2944717501909474
 0.2944752392601345
 0.2944763410745585
 0.1176838228724022
 0.2488509154954017
 0.5229144872031337
 0.5659607572687922
 0.4771643674686115
 0.3463129872640562
 0.3121983160635282
 0.3630305718623952
 0.1877124187718643
 0.3826808719673097
 0.08069274064503079
 0.0952274274361217
 0.03788171279103465
 0.08808096496762
 0.08824697754550917
 0.08325286549858238
 0.08559475771697599
 0.08301319465483667
 0.09382660659780492
 0.09654440643401144
 0.07883409550265159
 0.09560705177771445
 0.07227850781272457
 0.09410768722812704
 0.09743982531487649
 0.09770904675404492
 0.09795814920394627
 0.09817267767833138
 0.0981351137161536
 0.09815009031859284
 0.09817411520665378
 0.0982183081436223
 0.09815954037607741
 0.09815402397576381
 0.09815634664034092
 0.0981622027399191
 0.0981567564082636
 0.09818328917403374
 0.09815719171826234
 0.09815984235289658
 0.09815692127185832
 0.09815701849924842
 0.09815726043026565
 0.09816751997104214
 0.09816223801999908
 0.09817020376560581
 0.0981571899837335
 0.09815719499540654
 0.0981576131710625
 0.09815807049773076
 0.09815710218483971
 0.09830160766964924
 0.09815725268656339
 0.1007598584840222
 0.09815802077913989
 0.09815818777159183
 0.09817568892856005
 0.09818930580098544
 0.09815741171141919
 0.09815822527834042
 0.09816018452950853
 0.09816072691924779
 0.09818859985322032
 0.09815746438723863
 0.09816202776759816
 0.09816391784688638
 0.09861039452335915
 0.09815715499994701
 0.09815790264028854
 0.09817983434119738
 0.09815731915286494
 0.09827438482801246
 0.09817373291266551
 0.0981586086230046
 0.09815942448017081
 0.09815715199202804
 0.09888081136856766
 0.0981571388630828
 0.09818240518185894
 0.09815714852568658
 0.09820178687081055
 0.09815858937954197
 0.09815714084731716
 0.09815739646887162
 0.09815736338040087
 0.0990664136778599
 0.09816181821915732
 0.09822928912100294
 0.1005167465204426
 0.09815797865956097
 0.09815807608693491
 0.09816241108114943
 0.09815781497490494
 0.09819560970407083
 0.09815834747627353
 0.09815831849553855
 0.09847852647261257
 0.09816105236507636
 0.09824283738696053
 0.09815792294613181
 0.1058562536707325
 0.05526406625130728
 0.1185415791806366
 0.7531069946744997
 0.3723272336945851
 0.227289213426292
 0.0347602355090068
 0.387746796957701
 0.4013309128146708
 0.4609304701241665
 0.2208502559304974
 0.4471249342118926
 0.2713348169154681
 0.06882836538449338
 0.2888492773696011
 0.2127203354079092
 0.07962162776880038
 0.1164440862623556
 0.3187480215182373
 0.3313523724525592
 0.1340422602490907
 0.01049527108690743
 0.03105919726450214
 0.004346727837477631
 0.004786775500380213
 0.0006463192047220963
 0.001938325031266544
 0.0002925883182117381
 0.0002299700097819525
 9.233034673839305e-05
 1.31069569730205e-05
 3.662439603793755e-05
 2.995273583562136e-05
 1.593396322003421e-05
 5.508911392322277e-06
 3.27472685473628e-06
 3.471485579789602e-06
 0.0001259779191701421
 6.721020636525112e-05
 3.730790394702345e-05
 2.684951527193516e-05
 0.0001233035732864669
 8.871569256494426e-05
 3.913484582051749e-05
 3.24870672237694e-05
 1.983688868790676e-05
 1.582433169002029e-05
 3.41089661817541e-05
 0.0001237983511686649
 0.0001104302349649207
 5.222086657978575e-06
 1.118980469127367e-06
 5.7652390672569e-07
 5.786738202818997e-07
 5.914477782253957e-07
 1.048120409768982e-07
 6.181145106171071e-08
 2.162462026354672e-07
 1.465210019303137e-07
 4.167982815828086e-08
 3.813739322140047e-07
 6.622788877724828e-08
 1.107535138947235e-08
 4.871302266076794e-09
 1.229141954883772e-09
 2.016250204989189e-10
 2.697715141553036e-10
 2.848886248435489e-10
 2.118987277310858e-11
 1.018626190341099e-10
 1.535944201686013e-11
 3.398462414261338e-11
 1.717718189908624e-10
 4.034548736764343e-11
 8.508010615471129e-11
 7.416543074123538e-12
 1.419839940064449e-12
 3.249997493348644e-12
 3.107999968499087e-13
 4.021921684582708e-13
 6.377016970038341e-13
 1.913469382941457e-13
 1.725702913901728e-14
 1.12269568641743e-13
 3.982578156147554e-14
 5.739159147921669e-14
 1.621619505343119e-14
 2.023034517684152e-14
 5.568462357885551e-15
 6.206840597045016e-15
 4.062722380737682e-15
 4.718447854656915e-15
 5.455705331947058e-15
 2.253405795293872e-15
 5.427949756331429e-15
 4.432218481120742e-15
 5.818262538426211e-15
 5.835609773185979e-15
 5.755812493291046e-15
 5.898059818321144e-15


# name: PV
# type: matrix
# ndims: 3
 100 5 2
 0.5279127278258263
 0.5279176295388425
 0.606219793069356
 0.6519765577355896
 0.6519779824164385
 0.6547688638622987
 0.6551427020286533
 0.6520069125976584
 0.6520091380473411
 0.6520142206499613
 0.6520108444245366
 0.6520030821715761
 0.6309054144931627
 0.6520127815024509
 0.6520117944460564
 0.655203295111165
 0.6558040263940791
 0.656353838026608
 0.6563547292544808
 0.6563548092808478
 0.6563547712416782
 0.6563548415404697
 0.6563548297402773
 0.6563548031806705
 0.6563548766231713
 0.6563548859662107
 0.6563548851666675
 0.6563548867176346
 0.6563548862807136
 0.6563548871130355
 0.6563548872513849
 0.6563548868837
 0.6563548868943136
 0.6563548873680209
 0.6563548874027721
 0.6563548873759236
 0.6563548873565332
 0.6563548874074635
 0.656354887429981
 0.6563548874376253
 0.6563548874407735
 0.6563548874421865
 0.6563548874408562
 0.6563548874399927
 0.6563548874411189
 0.656354887441931
 0.6563548874427421
 0.6563548874418877
 0.6563548874425849
 0.6563548874428357
 0.6563548874429344
 0.6563548874429738
 0.6563548874429896
 0.6563548874429992
 0.6563548874430002
 0.6563548874430001
 0.6563548874430004
 0.6563548874430006
 0.6563548874430005
 0.6563548874430006
 0.6563548874430005
 0.6563548874429997
 0.6563548874430002
 0.6563548874430004
 0.6563548874430006
 0.6563548874430005
 0.6563548874430007
 0.6563548874430007
 0.6563548874430007
 0.6563548874430007
 0.6563548874430007
 0.6563548874430007
 0.6563548874430007
 0.6563548874430007
 0.6563548874430007
 0.6563548874430007
 0.6563548874430007
 0.6563548874430007
 0.6563548874430007
 0.6563548874430007
 0.6563548874430007
 0.6563548874430007
 0.6563548874430007
 0.6563548874430007
 0.6563548874430007
 0.6563548874430007
 0.6563548874430007
 0.6563548874430007
 0.6563548874430007
 0.6563548874430007
 0.6563548874430007
 0.6563548874430007
 0.6563548874430007
 0.6563548874430007
 0.6563548874430007
 0.6563548874430007
 0.6563548874430007
 0.6563548874430007
 0.6563548874430007
 0.6563548874430007
 0.3958578231584996
 0.3844647425591464
 0.3201162366537006
 0.3438412466588734
 0.3308556858837172
 0.34715444072405
 0.3481723673354447
 0.348362908353793
 0.3482173564202074
 0.3475556167516451
 0.3475966075479597
 0.3476491654755585
 0.3476536262123217
 0.3476419907832203
 0.3476409980409906
 0.3476456404549862
 0.34764968521767
 0.3476327818371505
 0.3476319643332565
 0.3476363540658603
 0.3476384551145212
 0.3476372302521956
 0.3476372101752839
 0.347613617069737
 0.3476192675939875
 0.3476321719040364
 0.3476363677797085
 0.3476318877357772
 0.3476145834244696
 0.3476340329252422
 0.3476307501121711
 0.347637939896472
 0.3476377494163568
 0.3476390227645694
 0.347638743654761
 0.3476382150506311
 0.347638602081291
 0.3476385975826692
 0.3476385962320092
 0.347638617691073
 0.347638622374102
 0.3476386044888473
 0.3476385936892784
 0.3476386266361747
 0.3476386977888304
 0.3476385893056766
 0.3476386075041488
 0.347638628890006
 0.3476386192324469
 0.3476385700794314
 0.3476386123571858
 0.347638596938589
 0.3476386228892372
 0.3476385741193737
 0.3476386327634768
 0.3476385768950629
 0.3476385740075698
 0.3476386099051703
 0.3476386097294638
 0.3476385974607606
 0.3476386351788188
 0.3476386435691166
 0.347638589460889
 0.3476386175847763
 0.3476386092035941
 0.3476385994908402
 0.347638624180384
 0.347638619110019
 0.3476386094733276
 0.3476386334271228
 0.34763859321389
 0.3476386972975841
 0.3476386241538525
 0.347638662513565
 0.3476385978898384
 0.3476386151717779
 0.3476386037843207
 0.3476386014174579
 0.3476386315214188
 0.3476386334709323
 0.3476386380247731
 0.347638611182137
 0.3476386382045326
 0.3476386577672493
 0.3476385883810786
 0.3476385997849615
 0.3476386055126662
 0.3476385924798918
 0.3476385986128522
 0.3476386164337964
 0.3476386186275646
 0.3476385868823405
 0.3476385997614768
 0.3476387457027136
 0.3476386340066143
 0.3476385873286145
 0.3476385944479251
 0.3476386318529807
 0.3476386062157404
 0.3476386083990378
 0.2638540664242859
 0.2529541391868036
 0.2588937137806435
 0.2601640431585761
 0.1592860274958815
 0.2027324791275645
 0.2133146528587416
 0.2137710672654354
 0.2125173929857367
 0.2083095592868537
 0.1985057500011629
 0.2030370050172133
 0.2083856667673372
 0.1823821072226667
 0.1759556658119066
 0.1731225207218127
 0.1720452120602476
 0.1716271171460775
 0.1714720746639715
 0.1713954012341229
 0.1714500720172272
 0.1715559299309352
 0.1718342358579951
 0.1716698967727754
 0.1714927776642695
 0.1714001952413833
 0.1713881833807511
 0.171389602584509
 0.1713925959134218
 0.1713892927764972
 0.1713910550459951
 0.1713849990415949
 0.17138269752077
 0.1713846842933976
 0.1713838619580977
 0.1713842778760895
 0.1713810297111402
 0.1713789664289414
 0.1713824010162936
 0.1713449151270617
 0.1713817484909505
 0.1713844449212425
 0.1713847311279571
 0.1713828261112091
 0.1713757887377884
 0.171382175578136
 0.1713859088131636
 0.1713823464940409
 0.1713780649498808
 0.1713850430960414
 0.1713819120558794
 0.1713812934522942
 0.1713569390499368
 0.1713844536022258
 0.1713797586131939
 0.171375920740645
 0.1713815065514582
 0.1713828403467939
 0.171384433571557
 0.1713854563845893
 0.1713812700962179
 0.1713831406507587
 0.1713844044347536
 0.1713726238294607
 0.1713847189788295
 0.1713831023471407
 0.1713778025674181
 0.1713809383080557
 0.1713826173752602
 0.1713802841114396
 0.1713834113796047
 0.1713810823836581
 0.171383138201542
 0.1713777907446546
 0.171376363657121
 0.1713856937718345
 0.1713827113324633
 0.1713818450414043
 0.171363293491995
 0.1713827814450647
 0.1713813044250743
 0.1713829062196065
 0.171383488307399
 0.1713782654806522
 0.1713855723333335
 0.1713833273777947
 0.1713786009534923
 0.1713811866532816
 0.1713817996060555
 0.1713806421900193
 0.1713819594395484
 0.1713820088413811
 0.1713820828135034
 0.1713837549251777
 0.1713836733450869
 0.1713798116565108
 0.1713848126483893
 0.1713848039939362
 0.1713806121963656
 0.1713750024798239
 0.1319014584355997
 0.1259208694282405
 0.04961569566142458
 0.0824875309194834
 0.06279204167382077
 0.083023845483195
 0.081343233445862
 0.09660089855593057
 0.106466297472524
 0.09120650697794527
 0.09366882912232893
 0.08521817104819771
 0.08353756687837503
 0.07790098854455171
 0.08295712356278512
 0.08286062875596772
 0.08281137873492936
 0.0828226960434557
 0.08266139413035214
 0.08281823510396603
 0.08282566183410461
 0.08281311036235214
 0.0828236030871389
 0.08282458551778979
 0.08282464278194422
 0.08282043611850422
 0.08281133094713305
 0.08279169356486807
 0.08282247834216361
 0.08282461985412184
 0.08282095343651107
 0.08282401545513002
 0.08282235789692796
 0.08282475269602729
 0.08282451230078589
 0.08282424247467375
 0.08282413211696693
 0.0828224480904536
 0.08281685165885029
 0.08282385420514861
 0.08282103094896673
 0.08282459008950585
 0.08270466691509332
 0.08205885763059427
 0.08282370625615637
 0.08282015796816841
 0.0828240379019004
 0.08282247144175947
 0.07747141942750421
 0.08282437553080792
 0.08282308473099458
 0.08282454940891135
 0.08282254796174736
 0.08282364975139128
 0.08276817021104507
 0.08269729115826874
 0.08282460114322472
 0.08282452618369683
 0.08281215273005377
 0.08282176938667443
 0.08282443097986827
 0.08282234709723141
 0.08281976055626118
 0.08282469298469783
 0.08282297898155185
 0.08282469577130275
 0.08282370714893819
 0.08282411760768242
 0.08282453679916431
 0.08282409764745008
 0.08282305996712558
 0.08277268495454161
 0.08282476039436636
 0.08282457018761966
 0.08275252507347569
 0.08272709109131887
 0.08282136038442632
 0.08281201914230132
 0.08282423549792363
 0.08135765700969284
 0.08279992392028991
 0.08254329721516093
 0.08282431125138409
 0.08282463397794557
 0.08282482509379444
 0.08282455223848502
 0.0828240074553335
 0.08281514780420834
 0.08253894116092469
 0.08282479219377004
 0.08268407397609201
 0.08282452495375604
 0.08263906229815213
 0.08282468205424123
 0.08282364000126205
 0.08282428881286533
 0.08271299366509696
 0.08282422171489301
 0.08282478459861206
 0.08233322371571705
 -1.132328106001786e-05
 -0.0003195930260827661
 -0.0003109058585134827
 -0.0004806751872850901
 -0.03725805671609783
 -0.003768514535840151
 -0.00152261684565198
 -0.006030634343342899
 -0.001615830816327674
 -0.002169137630481485
 -0.003190831156838731
 -0.002469829053243257
 -0.003260986227180965
 -0.001131893275673961
 -0.001667950979866915
 -0.005319521408471473
 -0.001739536188023203
 -0.0004490232890464133
 -0.00192041765362682
 -0.002390241207575234
 -0.0001481767403947523
 -0.001185092566420024
 -0.0001422173082687135
 -0.0001853873031710321
 -3.341536347990781e-06
 -1.085507276822953e-05
 -3.121537269381441e-05
 -3.280107385537565e-06
 -2.864685882592033e-06
 -3.987810286739182e-06
 -7.147592471085096e-07
 -2.124350615868853e-07
 -3.826191684527802e-07
 -1.451587695704137e-08
 -1.397697433486167e-08
 -1.183606460758435e-08
 -9.891892492619458e-09
 -8.214659334704333e-10
 -8.779759591223679e-09
 -1.115168408657996e-08
 -5.479141227532347e-09
 -5.424411031462739e-09
 -6.103772175192201e-11
 -2.434543573681669e-10
 -2.936787341090152e-10
 -4.514627213736411e-10
 -5.737255878712766e-10
 -1.019294215004463e-09
 -1.850952576973319e-10
 -4.671204395512163e-12
 -2.331374676645126e-12
 -2.684054367652067e-12
 -6.026464050012947e-12
 -3.869401327127875e-12
 -1.20243398571418e-12
 -3.289122446625825e-13
 -1.818181022406051e-13
 -2.62758564906207e-13
 -2.655514697025296e-13
 -3.693052808007025e-14
 -7.78543896018391e-15
 -5.839079220137933e-15
 -8.151465613615017e-15
 -4.246603069191224e-15
 -5.835609773185979e-15
 -5.594483210025203e-15
 -5.849487560993794e-15
 -5.797445856714489e-15
 -5.849487560993794e-15
 -7.799316747991725e-15
 -3.606923787424776e-15
 -5.776629175002768e-15
 -4.461708780212348e-15
 -5.119168977607558e-15
 -5.814793091474257e-15
 -5.780098621954721e-15
 -5.804384750618397e-15
 -2.785965902418752e-15
 -5.160802341031001e-15
 -5.818262538426211e-15
 -5.061923102900323e-15
 -2.186185260599771e-15
 -4.662936703425657e-15
 -5.818262538426211e-15
 -5.367234434672241e-15
 -5.790506962810582e-15
 -3.828534711480813e-15
 -5.793976409762536e-15
 -5.825201432330118e-15
 -5.138250935843303e-15
 -5.825201432330118e-15
 -4.428749034168789e-15
 -4.277828091758806e-15
 -3.989863994746656e-15
 -5.832140326234025e-15
 -5.793976409762536e-15
 -5.825201432330118e-15
 -4.442626821976603e-15
 -3.838943052336674e-15
 -5.818262538426211e-15
 0.5279182520649255
 0.5526394699687154
 0.6520202011386417
 0.6520202011386417
 0.6520202011386417
 0.6520202011386417
 0.6520202011386417
 0.6520202011386417
 0.6520202011386417
 0.6542763076247826
 0.6563548874430007
 0.6563548874430007
 0.6563548874430007
 0.6563548874430007
 0.6563548874430007
 0.6563548874430007
 0.6563548874430007
 0.6563548874430007
 0.6563548874430007
 0.6563548874430007
 0.6563548874430007
 0.6563548874430007
 0.6563548874430007
 0.6563548874430007
 0.6563548874430007
 0.6563548874430007
 0.6563548874430007
 0.6563548874430007
 0.6563548874430007
 0.6563548874430007
 0.6563548874430007
 0.6563548874430007
 0.6563548874430007
 0.6563548874430007
 0.6563548874430007
 0.6563548874430007
 0.6563548874430007
 0.6563548874430007
 0.6563548874430007
 0.6563548874430007
 0.6563548874430007
 0.6563548874430007
 0.6563548874430007
 0.6563548874430007
 0.6563548874430007
 0.6563548874430007
 0.6563548874430007
 0.6563548874430007
 0.6563548874430007
 0.6563548874430007
 0.6563548874430007
 0.6563548874430007
 0.6563548874430007
 0.6563548874430007
 0.6563548874430007
 0.6563548874430007
 0.6563548874430007
 0.6563548874430007
 0.6563548874430007
 0.6563548874430007
 0.6563548874430007
 0.6563548874430007
 0.6563548874430007
 0.6563548874430007
 0.6563548874430007
 0.6563548874430007
 0.6563548874430007
 0.6563548874430007
 0.6563548874430007
 0.6563548874430007
 0.6563548874430007
 0.6563548874430007
 0.6563548874430007
 0.6563548874430007
 0.6563548874430007
 0.6563548874430007
 0.6563548874430007
 0.6563548874430007
 0.6563548874430007
 0.6563548874430007
 0.6563548874430007
 0.6563548874430007
 0.6563548874430007
 0.6563548874430007
 0.6563548874430007
 0.6563548874430007
 0.6563548874430007
 0.6563548874430007
 0.6563548874430007
 0.6563548874430007
 0.6563548874430007
 0.6563548874430007
 0.6563548874430007
 0.6563548874430007
 0.6563548874430007
 0.6563548874430007
 0.6563548874430007
 0.6563548874430007
 0.6563548874430007
 0.6563548874430007
 0.395938689048694
 0.3363343842459903
 0.3405662430684413
 0.2728439219192004
 0.3003012338148016
 0.3258836221171899
 0.3447653790594155
 0.3434480787235412
 0.3387226819591316
 0.3453272555673559
 0.3423178764432487
 0.343962399880253
 0.346601753547207
 0.3473437084952505
 0.3474322091417976
 0.3475616622797651
 0.34761156255295
 0.3475640911622445
 0.3476239667086555
 0.3476235925661418
 0.3476343446344912
 0.3476377666807071
 0.3476382931399401
 0.3476384875410428
 0.3476382467278541
 0.3476385047332002
 0.3476385730841464
 0.3476386137516961
 0.3476385828799676
 0.3476386041952028
 0.3476386124802427
 0.3476386087177847
 0.3476386199840715
 0.3476385810457034
 0.3476386126850717
 0.3476386109333532
 0.3476386063381751
 0.3476386152667407
 0.347638626442665
 0.3476385827880329
 0.3476386258691048
 0.3476386015631617
 0.34763866253576
 0.3476386171645859
 0.3476385996791684
 0.3476386092773095
 0.347638597673669
 0.3476386176068821
 0.3476386142933898
 0.3476386207153443
 0.3476385812623801
 0.3476385990694933
 0.3476386091615324
 0.3476386398647924
 0.3476386792323405
 0.3476385860882686
 0.3476385978036896
 0.3476386338439249
 0.3476385982606246
 0.3476385892185904
 0.3476387545722303
 0.347638596427626
 0.3476386956156411
 0.347638609774782
 0.3476385858537137
 0.3476386014458254
 0.3476385899789854
 0.3476385789891794
 0.3476386010550147
 0.3476387558389258
 0.34763858474778
 0.347638631807851
 0.3476386191139159
 0.3476386076084405
 0.34763861966074
 0.3476385945859873
 0.3476386038090555
 0.3476385998962725
 0.3476385999131817
 0.3476386217929167
 0.3476385621494115
 0.3476386226584013
 0.347638600890133
 0.3476386392785464
 0.3476386749380284
 0.3476385835994162
 0.3476385858528285
 0.3476385968741811
 0.3476385981014533
 0.3476386061406462
 0.3476385912806086
 0.3476386734695037
 0.3476386328936603
 0.3476385954760526
 0.3476386108541741
 0.3476386007837245
 0.3476386075726265
 0.3476386359740548
 0.3476385893366197
 0.3476386906302102
 0.2639591260324625
 -0.09356602506117184
 -0.1355835852079069
 -0.1311718384087472
 0.07074123892975726
 0.1045492899259065
 0.0515853092863702
 0.07692784474013814
 0.184375871086617
 0.1574822496370027
 0.1591217330412174
 0.1667786469751032
 0.1642822754585198
 0.1584844518776014
 0.1669156742617967
 0.1700406727694182
 0.1706754504598716
 0.170949620457137
 0.1700076630850964
 0.1691781172342952
 0.1708869587197195
 0.1711934800119685
 0.1712725208631428
 0.1713144350154599
 0.1713600950468878
 0.1713561165256142
 0.1713794140514424
 0.1713807242684064
 0.1713856937777355
 0.1713785730355672
 0.1713846602859612
 0.1713825692853753
 0.1713823983030049
 0.1713599240770555
 0.1713751946425351
 0.1713776829127839
 0.1713839697173827
 0.1713538997354925
 0.1713573348932724
 0.1713855286917391
 0.1713810020744096
 0.1713830421794097
 0.1713571583998206
 0.1713806082959906
 0.1713820761554899
 0.1713784568131179
 0.1713747941211216
 0.1713746550959962
 0.1713841566443722
 0.1713851306840978
 0.1713784104799943
 0.1713811002274571
 0.1713823741731502
 0.1713825965220401
 0.1713811808611014
 0.1713846739436937
 0.1713852877029044
 0.171386144363791
 0.1713840235703454
 0.1713830526482773
 0.1713803913318911
 0.1713826569036331
 0.1713860004599395
 0.1713841381433525
 0.1713781339110849
 0.1713830063015786
 0.1713778874778908
 0.1713796741802084
 0.1713854132763624
 0.1713802971221185
 0.1713834143352541
 0.1713727642623469
 0.1713845073660985
 0.1713812196332656
 0.1713830657808991
 0.1713803981788993
 0.1713825255652949
 0.1713818020188379
 0.1713831552249923
 0.1713833315321418
 0.1713842614379966
 0.1713847309075372
 0.171381348244596
 0.1713830944140028
 0.1713826574777242
 0.1713833012443791
 0.1713831305347476
 0.1713803357525624
 0.1713859167016525
 0.1713834981574102
 0.1713857966553019
 0.1713868252992095
 0.1713859010685136
 0.1713836749907362
 0.1713836729189251
 0.1713842409656705
 0.1713834041782657
 0.1713826716197848
 0.1713810000790096
 0.1713804722225452
 0.04560469920653532
 -0.05439666927089515
 -0.2648485140728642
 -0.2988626845636548
 -0.2317903259669198
 -0.1310075355899477
 -0.1043564633100139
 -0.1440676513641061
 -0.0002706316707211942
 -0.1552486192095865
 0.08359267087927684
 0.08182927730517103
 0.1113885068170798
 0.08726552554424935
 0.08988653442030514
 0.0931712795531682
 0.08915390745628109
 0.0932393814232842
 0.08617681289853399
 0.08409104628353148
 0.0963213201639011
 0.08435520157810961
 0.1009761883927852
 0.08594056723059981
 0.08338269388055924
 0.0831708268902963
 0.08297761490833314
 0.08281487394484427
 0.08284180093360066
 0.082830232756385
 0.08281316528617605
 0.08278004258557585
 0.08282318121020046
 0.08282713533721725
 0.0828254116248707
 0.08282110149060133
 0.08282505074768695
 0.08280541907034225
 0.0828247138357697
 0.0828227714882053
 0.08282491582959302
 0.08282483874192993
 0.08282465699493061
 0.0828170691803396
 0.08282097556038751
 0.08281508438732169
 0.08282470842195391
 0.0828247046749809
 0.08282439540733794
 0.08282405720073965
 0.08282477329668028
 0.08271790467057427
 0.08282466198405347
 0.08089613355511771
 0.08282409394733167
 0.08282397044970874
 0.08281102764794991
 0.08280095741876081
 0.08282454437688441
 0.08282394271187885
 0.0828224937679707
 0.08282209264924598
 0.08280147951126933
 0.08282450542100722
 0.08282113062033394
 0.08281973283178942
 0.08248951716354702
 0.08282473422517406
 0.08282418131550356
 0.08280796194896438
 0.08282461282758391
 0.08273803818893802
 0.08281247420154764
 0.08282365921329646
 0.08282305585458238
 0.08282473644964936
 0.08228945432080451
 0.08282474615902484
 0.0828060607155523
 0.08282473901314627
 0.08279172715166828
 0.08282367344460174
 0.08282474469160486
 0.08282455564933199
 0.08282458011956779
 0.08215209660850696
 0.0828212855896464
 0.08277138819977466
 0.08107680986314428
 0.08282412509623807
 0.08282405304483284
 0.08282084714476667
 0.08282424614752995
 0.08279629542164789
 0.08282385234165709
 0.08282387377406036
 0.08258705754381165
 0.08282185196916556
 0.08276136856208718
 0.0828241662985275
 -0.1058562536707325
 -0.05526406625130728
 -0.1185415791806366
 -0.7531069946744997
 -0.3723272336945851
 -0.227289213426292
 -0.0347602355090068
 -0.387746796957701
 -0.4013309128146708
 -0.4609304701241665
 -0.2208502559304974
 -0.4471249342118926
 -0.2713348169154681
 -0.06882836538449338
 -0.2888492773696011
 -0.2127203354079092
 -0.07962162776880038
 -0.1164440862623556
 -0.3187480215182373
 -0.3313523724525592
 -0.1340422602490907
 -0.01049527108690743
 -0.03105919726450214
 -0.004346727837477631
 -0.004786775500380213
 -0.0006463192047220963
 -0.001938325031266544
 -0.0002925883182117381
 -0.0002299700097819525
 -9.233034673839305e-05
 -1.31069569730205e-05
 -3.662439603793755e-05
 -2.995273583562136e-05
 -1.593396322003421e-05
 -5.508911392322277e-06
 -3.27472685473628e-06
 -3.471485579789602e-06
 -0.0001259779191701421
 -6.721020636525112e-05
 -3.730790394702345e-05
 -2.684951527193516e-05
 -0.0001233035732864669
 -8.871569256494426e-05
 -3.913484582051749e-05
 -3.24870672237694e-05
 -1.983688868790676e-05
 -1.582433169002029e-05
 -3.41089661817541e-05
 -0.0001237983511686649
 -0.0001104302349649207
 -5.222086657978575e-06
 -1.118980469127367e-06
 -5.7652390672569e-07
 -5.786738202818997e-07
 -5.914477782253957e-07
 -1.048120409768982e-07
 -6.181145106171071e-08
 -2.162462026354672e-07
 -1.465210019303137e-07
 -4.167982815828086e-08
 -3.813739322140047e-07
 -6.622788877724828e-08
 -1.107535138947235e-08
 -4.871302266076794e-09
 -1.229141954883772e-09
 -2.016250204989189e-10
 -2.697715141553036e-10
 -2.848886248435489e-10
 -2.118987277310858e-11
 -1.018626190341099e-10
 -1.535944201686013e-11
 -3.398462414261338e-11
 -1.717718189908624e-10
 -4.034548736764343e-11
 -8.508010615471129e-11
 -7.416543074123538e-12
 -1.419839940064449e-12
 -3.249997493348644e-12
 -3.107999968499087e-13
 -4.021921684582708e-13
 -6.377016970038341e-13
 -1.913469382941457e-13
 -1.725702913901728e-14
 -1.12269568641743e-13
 -3.982578156147554e-14
 -5.739159147921669e-14
 -1.621619505343119e-14
 -2.023034517684152e-14
 -5.568462357885551e-15
 -6.206840597045016e-15
 -4.062722380737682e-15
 -4.718447854656915e-15
 -5.455705331947058e-15
 -2.253405795293872e-15
 -5.427949756331429e-15
 -4.432218481120742e-15
 -5.818262538426211e-15
 -5.835609773185979e-15
 -5.755812493291046e-15
 -5.898059818321144e-15


