# Created by Octave 4.0.0, Fri Apr 20 17:11:21 2018 CEST <olethros@olethros-OptiPlex-9010>
# name: PU
# type: matrix
# ndims: 3
 100 5 2
 0.5248257055938442
 0.5248011775742811
 0.4344745034552641
 0.5148566809167092
 0.5880026857034905
 0.4345251167042616
 0.4855022074736675
 0.578799002198271
 0.5828499228155654
 0.5746192007769354
 0.6422134366412734
 0.6447832072898566
 0.6484267672446526
 0.6500786716039955
 0.6448599219463239
 0.6448589817668002
 0.6500735271133438
 0.6501052342531199
 0.6502456742965146
 0.6505230446187739
 0.6504513986512348
 0.6504768196517886
 0.6503927725265032
 0.6505745099148637
 0.6505409736449648
 0.6505882263560705
 0.650485999614247
 0.6506119891788623
 0.650556835205915
 0.6504042201927441
 0.6505204292858392
 0.6506133594730567
 0.6503743020074337
 0.6503170096047628
 0.6503367211620391
 0.6504956851228626
 0.6506133605463118
 0.6504622210659818
 0.6504708625267577
 0.6506133606036151
 0.6503651869058019
 0.6506133606204157
 0.6506005797351857
 0.6505201574354418
 0.650613360622992
 0.6505491967647129
 0.6503859450603092
 0.6504792669260799
 0.6506133606240587
 0.6504253528253342
 0.6504062604012152
 0.6503718366981494
 0.6504767653356902
 0.6502626272757602
 0.6505969247549176
 0.650589156188591
 0.6504472147841976
 0.6505567080335839
 0.6504568180451279
 0.6505065631581755
 0.6503574994137264
 0.6503851907533399
 0.6505429020504253
 0.6503834626575382
 0.6503472934654754
 0.6504754566683093
 0.6502987162301821
 0.6505977401422778
 0.6505629226327394
 0.6505949218831371
 0.6505518395758423
 0.650613360624136
 0.6504884253511931
 0.650613360624136
 0.650613360624136
 0.6502664284318764
 0.6504940406210511
 0.650613360624136
 0.650613360624136
 0.6505420759263798
 0.650613360624136
 0.6503992882644127
 0.6502347665821933
 0.650613360624136
 0.6502846321898801
 0.650424627657076
 0.6505325980123078
 0.650613360624136
 0.6504579419000975
 0.6504644643789805
 0.650613360624136
 0.6503711804430714
 0.650448104272648
 0.6504887495030944
 0.650613360624136
 0.6506018363002075
 0.650613360624136
 0.6502428940491547
 0.6505464918361521
 0.650553714893455
 0.5248215749855064
 0.5226271485321082
 0.6320602907258863
 0.617436425299567
 0.6500526569340077
 0.6500785999356352
 0.6497079037284484
 0.6500777681790919
 0.6500903763659156
 0.6500955367919554
 0.650095957811343
 0.6500964581996402
 0.6500971742303662
 0.6500973316971972
 0.6500973696913227
 0.6500973869754195
 0.6500973563671423
 0.6500973778149118
 0.6500973833834874
 0.6500973877768678
 0.6500973919923028
 0.650097393616706
 0.6500973953135171
 0.6500973960808504
 0.6500973965594057
 0.6500973967360859
 0.6500973967803586
 0.6500973967839268
 0.6500973967894277
 0.6500973967939631
 0.6500973967962244
 0.6500973967968592
 0.650097396797098
 0.65009739679729
 0.6500973967971427
 0.6500973967972007
 0.6500973967973923
 0.6500973967974076
 0.6500973967971598
 0.6500973967973832
 0.6500973967974382
 0.6500973967974443
 0.6500973967974724
 0.6500973967974789
 0.6500973967974795
 0.6500973967974801
 0.6500973967974804
 0.6500973967974802
 0.6500973967974804
 0.6500973967974805
 0.6500973967974805
 0.6500973967974806
 0.6500973967974806
 0.6500973967974806
 0.6500973967974806
 0.6500973967974806
 0.6500973967974806
 0.6500973967974806
 0.6500973967974806
 0.6500973967974805
 0.6500973967974805
 0.6500973967974806
 0.6500973967974806
 0.6500973967974806
 0.6500973967974806
 0.6500973967974806
 0.6500973967974806
 0.6500973967974806
 0.6500973967974806
 0.6500973967974806
 0.6500973967974806
 0.6500973967974806
 0.6500973967974806
 0.6500973967974806
 0.6500973967974806
 0.6500973967974806
 0.6500973967974806
 0.6500973967974806
 0.6500973967974806
 0.6500973967974806
 0.6500973967974806
 0.6500973967974806
 0.6500973967974806
 0.6500973967974806
 0.6500973967974806
 0.6500973967974806
 0.6500973967974806
 0.6500973967974806
 0.6500973967974806
 0.6500973967974806
 0.6500973967974806
 0.6500973967974806
 0.6500973967974806
 0.6500973967974806
 0.6500973967974806
 0.6500973967974806
 0.6500973967974806
 0.6500973967974806
 0.6500973967974806
 0.6500973967974806
 0.5177974268923969
 0.5274292320723795
 0.5270596032296374
 0.5519808562101002
 0.5834546324479293
 0.5835022923225731
 0.5899384576396309
 0.6449542613429987
 0.648298353596012
 0.6495194762506806
 0.6500852061984633
 0.6492634991715831
 0.6500906299746783
 0.6500958549711512
 0.650096988261851
 0.6500960604965909
 0.6500966732395866
 0.6500968612551172
 0.6500967060338824
 0.6500972127650119
 0.6500971336873287
 0.650097193212999
 0.6500973515597629
 0.650097368855261
 0.6500973578711957
 0.6500973742386317
 0.6500973922848983
 0.650097392597402
 0.6500973959112
 0.6500973952353574
 0.6500973952889133
 0.6500973944137648
 0.6500973962766643
 0.6500973967677466
 0.6500973967787601
 0.6500973967930446
 0.6500973967941617
 0.6500973967970142
 0.6500973967973822
 0.6500973967974166
 0.6500973967974276
 0.6500973967974191
 0.6500973967973894
 0.6500973967974349
 0.6500973967974502
 0.6500973967974604
 0.6500973967974655
 0.6500973967974738
 0.650097396797475
 0.6500973967974757
 0.6500973967974791
 0.650097396797478
 0.6500973967974764
 0.650097396797479
 0.6500973967974799
 0.6500973967974801
 0.6500973967974802
 0.6500973967974804
 0.6500973967974804
 0.6500973967974804
 0.6500973967974804
 0.6500973967974804
 0.6500973967974804
 0.6500973967974805
 0.6500973967974805
 0.6500973967974806
 0.6500973967974806
 0.6500973967974806
 0.6500973967974806
 0.6500973967974806
 0.6500973967974806
 0.6500973967974806
 0.6500973967974806
 0.6500973967974806
 0.6500973967974806
 0.6500973967974806
 0.6500973967974806
 0.6500973967974806
 0.6500973967974806
 0.6500973967974806
 0.6500973967974806
 0.6500973967974806
 0.6500973967974806
 0.6500973967974806
 0.6500973967974806
 0.6500973967974806
 0.6500973967974806
 0.6500973967974806
 0.6500973967974806
 0.6500973967974806
 0.6500973967974806
 0.6500973967974806
 0.6500973967974806
 0.6500973967974806
 0.6500973967974806
 0.6500973967974806
 0.6500973967974806
 0.6500973967974806
 0.6500973967974806
 0.6500973967974806
 0.5240092964041986
 0.5224140918037473
 0.455151538158618
 0.5120238873946065
 0.5382419169473318
 0.546239060101032
 0.5985824230332933
 0.5921885152303987
 0.6281545009385752
 0.6497189280327361
 0.649011005911431
 0.6493555810636957
 0.6486138304643672
 0.6489084884443143
 0.6489303402181109
 0.6489579516484915
 0.6487308531554851
 0.6492654494360205
 0.6486390616206263
 0.6490631505947937
 0.6493256467218077
 0.6492032815320321
 0.6477945158270967
 0.649030835025306
 0.6486390971136103
 0.6487601661918636
 0.6492895422196764
 0.6488699311072194
 0.6488980972430426
 0.6491863786517419
 0.6488952247149702
 0.648125112485649
 0.6482805736213325
 0.6487821600422347
 0.6490761699562059
 0.6487662708812241
 0.6490431709169392
 0.6481780563432327
 0.6492784814787083
 0.648777770387215
 0.648444856170812
 0.6488456205417152
 0.6489048573096822
 0.6486689988746579
 0.6485079466420581
 0.6492341819924143
 0.6491925975264889
 0.6487110285119121
 0.6490534357409077
 0.6492077248452041
 0.6492120845590997
 0.6492134140319622
 0.6491268466394554
 0.6484874233619665
 0.6491483857785686
 0.6492275560014227
 0.6489574546819574
 0.6481771478148945
 0.6490430975228695
 0.6491471609560562
 0.6488570082633215
 0.6489871895097101
 0.6477492004366825
 0.6481957634779195
 0.6490548438483774
 0.6490012252374474
 0.6479891778311272
 0.6489861575575903
 0.649232314185329
 0.649313182379285
 0.6486854178279632
 0.6485290441194022
 0.6487803507343862
 0.6485857822432041
 0.6486587325418226
 0.6489361036004585
 0.648346998889389
 0.6484541058033839
 0.64901264210892
 0.6490475141352556
 0.6485819079072834
 0.648821833854984
 0.648210840983989
 0.6488369346562246
 0.6483448239550308
 0.6489587246020511
 0.6486418532827085
 0.6486333448901334
 0.6479527807971985
 0.6480768694163251
 0.6492015766632723
 0.6479941823566909
 0.6489097149097764
 0.6489012544828874
 0.6487411556712274
 0.6482942321052753
 0.6488895623554367
 0.6479616330294644
 0.6483308756678733
 0.649023087491632
 0.5029656054528143
 0.4915499126708158
 0.5116939906486859
 0.4970679276509696
 0.50568767697925
 0.5205022669230888
 0.4900351086740413
 0.5180274869419016
 0.5046102195671548
 0.4866278323684731
 0.4946400422100484
 0.5112655583579362
 0.4738102941237506
 0.4854625000621973
 0.4807509073419847
 0.5204384861651592
 0.5065736513756742
 0.5256152570493703
 0.512232966742306
 0.5057981124344822
 0.4984297701203747
 0.5196359172000882
 0.4998525155480313
 0.5390108734156305
 0.5019135280456104
 0.477290895028638
 0.4906044058635863
 0.4791775606224347
 0.4829918291342329
 0.5060650910338192
 0.4957641715402671
 0.4763985968274954
 0.5058333990724653
 0.4866070639428064
 0.5029305847844272
 0.5037991569309329
 0.5396190602074391
 0.5494456166119052
 0.5016018255653211
 0.5084855550826305
 0.5106224452586838
 0.5395193613684565
 0.4808074509062716
 0.4820222047616686
 0.515519134738019
 0.4742894494514779
 0.487686257527593
 0.5307086726240516
 0.5220614463174864
 0.4936612706211865
 0.5505691065387431
 0.4840263669359245
 0.5142368072482197
 0.5066212270933422
 0.5163663943140101
 0.4781453279687515
 0.47490936729389
 0.4993620484369442
 0.5170761114110993
 0.4966070093178009
 0.4916546226773946
 0.4779841949542413
 0.4706001837390383
 0.4912322493736664
 0.4905723474701723
 0.5053141861224868
 0.4961146652765531
 0.4876161490846261
 0.4917544654867366
 0.5140121121712032
 0.5308787476277053
 0.4588795283088644
 0.5254918269217461
 0.4905243410968713
 0.4840960132460608
 0.5558538825005341
 0.524964011487865
 0.4815123987004497
 0.5177269666045086
 0.487794188546831
 0.4938133167226045
 0.4987494693569248
 0.5111343383268059
 0.492590548410322
 0.4920940567698321
 0.5000353743686579
 0.5149727031514471
 0.4620314010466358
 0.4848333429237378
 0.5155119101250832
 0.5599714122445215
 0.5184760363065622
 0.5337983661824605
 0.5008869129331124
 0.4983848326086593
 0.4981250358064936
 0.5170085129786554
 0.4805481639525918
 0.5146597232710839
 0.5380783046564578
 0.5248237811084483
 0.5266190748416796
 0.5828763578995508
 0.5828763578995508
 0.6448947124716967
 0.6500973967974806
 0.6500973967974806
 0.6501263775962309
 0.6502212501993965
 0.6199695808456631
 0.62352007344047
 0.6501376110933144
 0.6503698483179925
 0.650613360624136
 0.6454106762983521
 0.6454106762983521
 0.6503723580565461
 0.6504403064896798
 0.6502247542445054
 0.6502844694847654
 0.6505246572439212
 0.6502458007288039
 0.6505341693366562
 0.650613360624136
 0.6505942885694667
 0.650613360624136
 0.6505498547049084
 0.6504396792455007
 0.6504441146457471
 0.6506089592136273
 0.650265964284449
 0.650613360624136
 0.6505019252300428
 0.6505312017748699
 0.6505695408878311
 0.6503856524907878
 0.6504583674912703
 0.6503281981695097
 0.6502568035791119
 0.6504327956519784
 0.650451140377506
 0.650613360624136
 0.6503426116539122
 0.650613360624136
 0.6503980295406633
 0.6503975698886275
 0.650613360624136
 0.6505057179090028
 0.650474156204665
 0.6505805984176529
 0.65024973771005
 0.650613360624136
 0.6505027771522101
 0.650506376899302
 0.6505997464999054
 0.650280940586426
 0.6503218885121793
 0.650613360624136
 0.6504880389750249
 0.650613360624136
 0.6503631884904153
 0.650613360624136
 0.6503561675740275
 0.6505395714981492
 0.6504638237051483
 0.6504661985242073
 0.6504187618198431
 0.6506011335930695
 0.650613360624136
 0.650539755775474
 0.6502764082294261
 0.650613360624136
 0.6504166166925982
 0.650613360624136
 0.650613360624136
 0.65053393727813
 0.6504039605945726
 0.6505740225605727
 0.6505988386276818
 0.6504282985912342
 0.6502389939229614
 0.6505904560633025
 0.6505105936784956
 0.650442638063174
 0.6504986048049159
 0.6505118779233616
 0.6505783887401249
 0.6506061621968513
 0.6504865505625876
 0.650613360624136
 0.6505350701175658
 0.650372108143997
 0.6504660046368063
 0.6505392893960751
 0.6504373907945804
 0.6505029753251845
 0.6503986118810536
 0.6503350024993408
 0.650613360624136
 0.650297997335205
 0.5248237811084483
 0.5738414562182081
 0.5453070193164899
 0.6129716027866481
 0.6430994187384655
 0.6500973967974806
 0.6500973967974806
 0.6500973967974806
 0.6500973967974806
 0.6500973967974806
 0.6500973967974806
 0.6500973967974806
 0.6500973967974806
 0.6500973967974806
 0.6500973967974806
 0.6500973967974806
 0.6500973967974806
 0.6500973967974806
 0.6500973967974806
 0.6500973967974806
 0.6500973967974806
 0.6500973967974806
 0.6500973967974806
 0.6500973967974806
 0.6500973967974806
 0.6500973967974806
 0.6500973967974806
 0.6500973967974806
 0.6500973967974806
 0.6500973967974806
 0.6500973967974806
 0.6500973967974806
 0.6500973967974806
 0.6500973967974806
 0.6500973967974806
 0.6500973967974806
 0.6500973967974806
 0.6500973967974806
 0.6500973967974806
 0.6500973967974806
 0.6500973967974806
 0.6500973967974806
 0.6500973967974806
 0.6500973967974806
 0.6500973967974806
 0.6500973967974806
 0.6500973967974806
 0.6500973967974806
 0.6500973967974806
 0.6500973967974806
 0.6500973967974806
 0.6500973967974806
 0.6500973967974806
 0.6500973967974806
 0.6500973967974806
 0.6500973967974806
 0.6500973967974806
 0.6500973967974806
 0.6500973967974806
 0.6500973967974806
 0.6500973967974806
 0.6500973967974806
 0.6500973967974806
 0.6500973967974806
 0.6500973967974806
 0.6500973967974806
 0.6500973967974806
 0.6500973967974806
 0.6500973967974806
 0.6500973967974806
 0.6500973967974806
 0.6500973967974806
 0.6500973967974806
 0.6500973967974806
 0.6500973967974806
 0.6500973967974806
 0.6500973967974806
 0.6500973967974806
 0.6500973967974806
 0.6500973967974806
 0.6500973967974806
 0.6500973967974806
 0.6500973967974806
 0.6500973967974806
 0.6500973967974806
 0.6500973967974806
 0.6500973967974806
 0.6500973967974806
 0.6500973967974806
 0.6500973967974806
 0.6500973967974806
 0.6500973967974806
 0.6500973967974806
 0.6500973967974806
 0.6500973967974806
 0.6500973967974806
 0.6500973967974806
 0.6500973967974806
 0.6500973967974806
 0.6500973967974806
 0.5248237811084483
 0.5441558986214063
 0.5828763578995508
 0.6500973967974806
 0.5751325450021127
 0.5746414732957953
 0.5400169186499334
 0.5828763578995508
 0.5940866097116941
 0.6416245780107989
 0.6378967344126817
 0.5828763578995508
 0.6238060538192484
 0.5828763578995508
 0.5828763578995508
 0.5828763578995508
 0.5828763578995508
 0.5828763578995508
 0.5828763578995508
 0.5828763578995508
 0.5828763578995508
 0.6378967344126817
 0.5828763578995508
 0.6480298678329005
 0.6500973967974806
 0.6500973967974806
 0.6500973967974806
 0.6500973967974806
 0.6500973967974806
 0.6500973967974806
 0.6500973967974806
 0.6500973967974806
 0.6500973967974806
 0.6500973967974806
 0.6500973967974806
 0.6500973967974806
 0.6500973967974806
 0.6500973967974806
 0.6500973967974806
 0.6500973967974806
 0.6500973967974806
 0.6500973967974806
 0.6500973967974806
 0.6500973967974806
 0.6500973967974806
 0.6500973967974806
 0.6500973967974806
 0.6500973967974806
 0.6500973967974806
 0.6500973967974806
 0.6500973967974806
 0.6500973967974806
 0.6500973967974806
 0.6500973967974806
 0.6500973967974806
 0.6500973967974806
 0.6500973967974806
 0.6500973967974806
 0.6500973967974806
 0.6500973967974806
 0.6500973967974806
 0.6500973967974806
 0.6500973967974806
 0.6500973967974806
 0.6500973967974806
 0.6500973967974806
 0.6500973967974806
 0.6500973967974806
 0.6500973967974806
 0.6500973967974806
 0.6500973967974806
 0.6500973967974806
 0.6500973967974806
 0.6500973967974806
 0.6500973967974806
 0.6500973967974806
 0.6500973967974806
 0.6500973967974806
 0.6500973967974806
 0.6500973967974806
 0.6500973967974806
 0.6500973967974806
 0.6500973967974806
 0.6500973967974806
 0.6500973967974806
 0.6500973967974806
 0.6500973967974806
 0.6500973967974806
 0.6500973967974806
 0.6500973967974806
 0.6500973967974806
 0.6500973967974806
 0.6500973967974806
 0.6500973967974806
 0.6500973967974806
 0.6500973967974806
 0.6500973967974806
 0.6500973967974806
 0.6500973967974806
 0.6500973967974806
 0.5245969311738733
 0.5338071756548196
 0.5428744580815111
 0.5846205558724312
 0.5767454585274879
 0.5941437717643739
 0.5899128117592869
 0.5993380088157727
 0.6500973967974806
 0.6487120398938591
 0.6500943546034701
 0.649549620003755
 0.6491261327937744
 0.6490852485911932
 0.6491486760199087
 0.6487162127946289
 0.6489423966357094
 0.6487099196169087
 0.6491527398476566
 0.6492670805376094
 0.6485846023866806
 0.6486044625834674
 0.6485501993337531
 0.6482724980850582
 0.6486807283049185
 0.6488368363163415
 0.6486674890713213
 0.6486554865246009
 0.6482076055635513
 0.6488299767029732
 0.6482451150153217
 0.6486211548101868
 0.6491369323935985
 0.6489452853546913
 0.6477535675126489
 0.6489959507090867
 0.6488885283258744
 0.6488451904546274
 0.6488569322759359
 0.648837783587044
 0.6490918537716256
 0.6489451153046851
 0.6482885997366196
 0.6489951361609342
 0.6492850606945155
 0.6481433921584133
 0.6489328486200738
 0.6489954391651046
 0.6477495562869036
 0.6477497973334284
 0.6488421923152048
 0.6488152898086916
 0.648049040778032
 0.648847730694267
 0.6485546356148608
 0.6489086411930939
 0.648869531692821
 0.6490622897796396
 0.6485992298949252
 0.6487504219918534
 0.6488911288523058
 0.6487007824336526
 0.649015572526331
 0.6486612351619799
 0.6486571569022759
 0.6489398659514392
 0.6492701598972593
 0.6489662002940066
 0.6490644722384012
 0.6485357501972062
 0.6486705338246206
 0.6477493470860177
 0.6488550068080331
 0.6493164567315742
 0.6490054435078956
 0.6489737867543075
 0.6492453533988574
 0.6477491936770484
 0.6488530912512357
 0.6479680788624067
 0.6488582960603894
 0.6492282740987304
 0.6483715167275819
 0.6490960236375606
 0.6486180806576417
 0.6488552431203068
 0.6488392759867601
 0.6488438673400019
 0.6492751859654673
 0.6486470516600911
 0.6489287663611053
 0.649256635747857
 0.6486911316635884
 0.6492199359315318
 0.6486245083948643
 0.6477498761764738
 0.6487639999506634
 0.6481621158320973
 0.6489155279997564
 0.6489979795973014
 0.4869309462163781
 0.5101378418038627
 0.5121355647751779
 0.4928315668120992
 0.4840033817678386
 0.4983387033248712
 0.4890090156970459
 0.5177990936383262
 0.4913276361593486
 0.5112984399234395
 0.4784859701359128
 0.5254297661908207
 0.477920878736701
 0.48405813314018
 0.5154109761308515
 0.500581576828824
 0.5269705873514811
 0.5347109538824338
 0.5125026777507301
 0.5037025140675269
 0.5079563310007503
 0.506804307924653
 0.5218959657743215
 0.489921242915675
 0.5119922446657617
 0.4999181425586926
 0.4866445962616912
 0.5066148470238591
 0.5112338871844868
 0.5188319048309551
 0.5011730564960605
 0.4881941153299829
 0.4955984103058912
 0.4821807895847537
 0.5241514264034007
 0.5066455882325722
 0.4666755382116132
 0.5219058908157912
 0.466848283459074
 0.5311128264214946
 0.5007470130463259
 0.4876360224195924
 0.5097935394652267
 0.4950599448021218
 0.4707090079059224
 0.4831161444953941
 0.5097850483827215
 0.5037673548659901
 0.496307903964928
 0.4751152919117237
 0.5091910637482699
 0.4905870692866897
 0.4821743632800704
 0.4944019836339437
 0.4672306132964857
 0.4926055334058636
 0.4949522586775572
 0.4920944308017406
 0.4832560375538716
 0.4929142749858187
 0.490476112400632
 0.5202969550109194
 0.4686997428061854
 0.5019271492970507
 0.4711613031189084
 0.506502760206329
 0.4690442137415312
 0.5129598946235965
 0.5237730440702203
 0.5089697242538052
 0.5295529187944149
 0.5314987899618187
 0.5208592434479075
 0.5032241624632882
 0.4922912942954865
 0.5055328035932315
 0.5146954189631195
 0.5250918989881033
 0.5073785957529933
 0.5098280953678863
 0.4448668361958249
 0.5106881253787673
 0.4983715126125799
 0.5242784111820368
 0.5208442988189931
 0.4833142992572985
 0.4914227807043395
 0.4986246286852784
 0.5197759140829465
 0.5048810326429978
 0.4952422274787774
 0.4988720034020118
 0.4699956555271086
 0.5115451934909021
 0.4930396584534691
 0.5095231510856908
 0.5152222815828325
 0.4981449879790518
 0.4969420007511857
 0.4971231726040111


# name: PF
# type: matrix
# ndims: 3
 100 5 2
 0.299155474901927
 0.2990207074059809
 0.3135196547851833
 0.2502795601652994
 0.4234673681901425
 0.3134356510508891
 0.1060664043501444
 0.4078696653667525
 0.4276728341885723
 0.388047366393394
 0.5093195986868116
 0.3009655868964419
 0.2962377309247526
 0.2949822827852664
 0.29897834991716
 0.2989765351117404
 0.2949746797538787
 0.3035904513181872
 0.4057406994928248
 0.6121809429027506
 0.5595753231523609
 0.5775570145312438
 0.5149966251366136
 0.6501046027592108
 0.6251419939374652
 0.6602974873984198
 0.5842143377053497
 0.6779714029355655
 0.6369239548646238
 0.52334620164926
 0.6098284881304112
 0.6789892000088726
 0.5010786035727918
 0.458439192634694
 0.4731087558440531
 0.5914128352446557
 0.6789892107461046
 0.5665081713361062
 0.5729393048325115
 0.6789892113424409
 0.4942933871801849
 0.6789892115118199
 0.6694774220099416
 0.6096255453330837
 0.6789892115381908
 0.6312371892358797
 0.509742016021997
 0.5791940080205491
 0.6789892115492263
 0.5390700590267725
 0.5248610963052616
 0.4992422901011263
 0.577332274322909
 0.4179664603950113
 0.666757309965026
 0.6609757880062731
 0.5553401646747227
 0.6368272240620707
 0.562487102938896
 0.5995084079399229
 0.4885721971273719
 0.5091806442073963
 0.6265525361159344
 0.507894560854945
 0.4809767269414777
 0.5763583379463246
 0.4448245798506462
 0.667364137493249
 0.6414522526657191
 0.6652667328471857
 0.633204020736879
 0.6789892115500261
 0.5860098903318953
 0.6789892115500261
 0.6789892115500261
 0.4207953565625268
 0.590188886123422
 0.6789892115500261
 0.6789892115500261
 0.6259377181287811
 0.6789892115500261
 0.5196722930386554
 0.3972319767203045
 0.6789892115500261
 0.434342956235113
 0.5385303743026503
 0.6188840654955255
 0.6789892115500261
 0.5633234982146715
 0.5681776570515498
 0.6789892115500261
 0.4987538919523614
 0.5560021397134035
 0.5862511306401043
 0.6789892115500261
 0.6704125798981183
 0.6789892115500261
 0.4032805996872342
 0.6292241262305016
 0.6345996694963766
 0.2992919981752787
 0.3010702023294383
 0.4465746951951605
 0.2009939839705678
 0.2949349789816466
 0.295003827663108
 0.3060806252312143
 0.29499663574477
 0.2949977898775792
 0.2949946143911873
 0.2949978322273829
 0.2949971275303449
 0.294998394019415
 0.294998515270024
 0.2949985212381268
 0.2949986060078199
 0.2949984276239371
 0.2949985516631841
 0.2949985847835602
 0.2949985970289236
 0.2949986227839647
 0.2949986274756727
 0.2949986355986393
 0.2949986399093033
 0.2949986425857841
 0.2949986435730485
 0.2949986438342592
 0.2949986438575961
 0.2949986438716523
 0.2949986438913101
 0.294998643904216
 0.294998643907343
 0.294998643908873
 0.2949986439092562
 0.2949986439084274
 0.2949986439087166
 0.294998643909838
 0.2949986439099136
 0.2949986439084648
 0.2949986439097678
 0.2949986439100886
 0.2949986439101264
 0.2949986439102932
 0.2949986439103273
 0.2949986439103304
 0.2949986439103338
 0.2949986439103347
 0.2949986439103346
 0.2949986439103347
 0.2949986439103351
 0.2949986439103354
 0.2949986439103355
 0.2949986439103355
 0.2949986439103355
 0.2949986439103356
 0.2949986439103356
 0.2949986439103356
 0.2949986439103356
 0.2949986439103356
 0.2949986439103355
 0.2949986439103355
 0.2949986439103356
 0.2949986439103356
 0.2949986439103356
 0.2949986439103356
 0.2949986439103356
 0.2949986439103356
 0.2949986439103356
 0.2949986439103356
 0.2949986439103356
 0.2949986439103356
 0.2949986439103356
 0.2949986439103356
 0.2949986439103356
 0.2949986439103356
 0.2949986439103356
 0.2949986439103356
 0.2949986439103356
 0.2949986439103356
 0.2949986439103356
 0.2949986439103356
 0.2949986439103356
 0.2949986439103356
 0.2949986439103356
 0.2949986439103356
 0.2949986439103356
 0.2949986439103356
 0.2949986439103356
 0.2949986439103356
 0.2949986439103356
 0.2949986439103356
 0.2949986439103356
 0.2949986439103356
 0.2949986439103356
 0.2949986439103356
 0.2949986439103356
 0.2949986439103356
 0.2949986439103356
 0.2949986439103356
 0.2949986439103356
 0.3361824720393121
 0.19766381714993
 0.1688788094691665
 0.3177186105770546
 0.4273306019510266
 0.4569325051045393
 0.2891068333103341
 0.3868656838624116
 0.2963826364740234
 0.2954408483871383
 0.2950055482387997
 0.2956349563019113
 0.2950033337668836
 0.2949998140162357
 0.2949989558297034
 0.2949996807934565
 0.2949992053612441
 0.2949989806353965
 0.2949982518046397
 0.2949985996610555
 0.2949986968290577
 0.2949986993714835
 0.2949986671022666
 0.2949986539550529
 0.2949986619584751
 0.294998637704771
 0.2949986454612277
 0.2949986448160563
 0.2949986443569528
 0.2949986424835176
 0.2949986443393088
 0.2949986445694899
 0.2949986441386954
 0.2949986438765078
 0.2949986438754205
 0.2949986439037056
 0.2949986439041989
 0.2949986439087749
 0.294998643910073
 0.2949986439102583
 0.2949986439103144
 0.2949986439102529
 0.2949986439102574
 0.2949986439102658
 0.2949986439102584
 0.2949986439102599
 0.2949986439102669
 0.2949986439103018
 0.2949986439103061
 0.2949986439103101
 0.2949986439103274
 0.2949986439103232
 0.2949986439103136
 0.2949986439103285
 0.294998643910332
 0.2949986439103337
 0.2949986439103346
 0.2949986439103351
 0.2949986439103349
 0.2949986439103351
 0.2949986439103353
 0.2949986439103354
 0.2949986439103354
 0.2949986439103354
 0.2949986439103354
 0.2949986439103356
 0.2949986439103356
 0.2949986439103356
 0.2949986439103356
 0.2949986439103356
 0.2949986439103356
 0.2949986439103356
 0.2949986439103356
 0.2949986439103356
 0.2949986439103356
 0.2949986439103356
 0.2949986439103356
 0.2949986439103356
 0.2949986439103356
 0.2949986439103356
 0.2949986439103356
 0.2949986439103356
 0.2949986439103356
 0.2949986439103356
 0.2949986439103356
 0.2949986439103356
 0.2949986439103356
 0.2949986439103356
 0.2949986439103356
 0.2949986439103356
 0.2949986439103356
 0.2949986439103356
 0.2949986439103356
 0.2949986439103356
 0.2949986439103356
 0.2949986439103356
 0.2949986439103356
 0.2949986439103356
 0.2949986439103356
 0.2949986439103356
 0.1920919668127494
 0.4782574631993184
 0.132212603299137
 0.1400938688978118
 0.2614982969490659
 0.2545929133811348
 0.3296720190609554
 0.3387644602639057
 0.4186805736599397
 0.2952995098016536
 0.2899858633709268
 0.2945833684732706
 0.2862008000513953
 0.2898510729864241
 0.2900028259371711
 0.2900124524187296
 0.2878452095662539
 0.2937800178850846
 0.2870563745903167
 0.2915971962838185
 0.2944948716678152
 0.2931146036276667
 0.2780409505468894
 0.2912544873672212
 0.2870661849386013
 0.2883600212205296
 0.2940745178322489
 0.2895331719849529
 0.2898342866795356
 0.2929309218873689
 0.2898035803825402
 0.2815735592350479
 0.2832352135982949
 0.2885950863474699
 0.2917410480958275
 0.2884252835170513
 0.291386956313353
 0.2821397411512027
 0.2939488592312142
 0.2885481749715808
 0.2849906664976547
 0.2892733244001257
 0.2899065690015609
 0.2873858183176913
 0.2856648495401876
 0.2934545043564545
 0.2929986532308317
 0.2878349463646759
 0.2914970407537834
 0.2931638301872279
 0.2932115590550001
 0.2932261258450547
 0.2922863152793549
 0.2854454884674787
 0.292518884280069
 0.2933814595214668
 0.2904690882789591
 0.2821300308140958
 0.2913861692807383
 0.2925056423435262
 0.2893950450418775
 0.2907872795561784
 0.2775571207625392
 0.2823289515653469
 0.2915121458575448
 0.2909375417764477
 0.2801214492832972
 0.2907762336652314
 0.293433895015086
 0.2943478318159855
 0.2875612700889
 0.2858900521668318
 0.2885757505868189
 0.2864965808922175
 0.2872761134598197
 0.2902407023525531
 0.2839450146429124
 0.2850895220506746
 0.2910598062119641
 0.2914335288376103
 0.2864551862522169
 0.2890190898677661
 0.2824900200264203
 0.2891804865221354
 0.28392176936838
 0.2904826743522678
 0.2870957442287013
 0.287004821406184
 0.2797324928146676
 0.28105842132174
 0.2930966200699353
 0.2801749185291457
 0.2899585076336665
 0.2898680479960945
 0.2881568910159771
 0.2833811590337181
 0.2897430440964667
 0.2798271004810645
 0.2837727202956944
 0.29117170201938
 0.0001755932018746957
 0.01391427976150906
 0.000598284796082248
 0.0008858821743138023
 0.0009727018256689302
 0.00772665202035178
 0.0006435896345505648
 0.0002549158415477981
 0.0002289310695834674
 0.0002207442714124916
 0.0003281438200456316
 0.0006699275691897291
 0.0002331890238087327
 0.01487458511653549
 4.294022737232235e-05
 0.0001233787752013878
 1.662896463099257e-05
 1.677767496214774e-05
 3.99637643080878e-05
 4.053721664178458e-06
 0.0004203517416808307
 2.053208706282415e-05
 0.0002807623068735096
 3.871005220547862e-05
 2.627688788487542e-05
 1.892124993657651e-06
 3.557074310430591e-07
 1.696979130081516e-07
 7.991773793517704e-07
 3.483436625030707e-06
 6.064628589770582e-08
 5.474602769242609e-07
 1.872472690095384e-08
 2.894694748831195e-08
 3.329008483807239e-08
 1.217791781304989e-08
 8.217349162231713e-10
 1.120951161753814e-10
 4.6892752528227e-10
 2.02664378334827e-11
 1.821660062378827e-10
 2.390520507239424e-11
 7.662934956714773e-12
 4.524335767142063e-12
 6.050378947852764e-12
 3.143922622239614e-12
 1.82498981204926e-13
 1.17724406611952e-12
 4.334381811799126e-12
 1.726153942005482e-13
 1.671447702467077e-12
 2.746070731918238e-12
 6.371014826811461e-13
 4.582046547740859e-13
 7.609603919211949e-12
 4.563533578805234e-12
 2.706677763864018e-12
 1.922607906212903e-12
 2.679908378544482e-12
 5.364493571580198e-13
 2.706976136301886e-12
 2.787043165697334e-12
 2.333999313264279e-12
 1.364280216575864e-12
 2.01797779875168e-12
 1.51941653703247e-12
 2.09413736351749e-12
 2.332922483666566e-12
 1.38951870842785e-12
 2.021612044433851e-13
 4.765805805551082e-14
 5.886853504666334e-13
 4.376585899246166e-12
 3.524187885961538e-12
 3.225105946191853e-12
 2.294878696795788e-12
 2.082386346691223e-12
 1.872366844901663e-12
 1.057313958607864e-12
 4.123822811008537e-12
 6.743171993006669e-12
 5.556985427368488e-12
 2.511508362390558e-12
 4.05808373016292e-12
 2.524735628894881e-12
 5.071989703231417e-12
 4.593889504911353e-12
 7.508169433401157e-13
 8.483248825630341e-13
 6.832897095354618e-12
 2.47813401743624e-12
 4.19215530345074e-12
 4.197532946226268e-12
 3.446928506511959e-12
 7.013660485721829e-13
 3.996275532713867e-12
 6.911532110520646e-12
 6.546826882697365e-12
 2.963683118362148e-12
 5.859528140472747e-12
 0.2991764204807458
 0.1692559777084381
 0.4278235992364437
 0.4278235992364437
 0.2990162697434408
 0.2949986439103356
 0.2949986439103356
 0.3165667321907544
 0.3871728151387908
 0.1246295529225928
 0.1447071515412026
 0.3249269247058725
 0.4977624979072547
 0.6789892115500261
 0.6830068373831313
 0.6830068373831313
 0.4996302953808681
 0.5501988741478603
 0.3897805953762276
 0.4342218678444384
 0.6129743873305855
 0.405443808638612
 0.6200534764063859
 0.6789892115500261
 0.6647954081860001
 0.6789892115500261
 0.6317268402114928
 0.5497320665231553
 0.5530329798243874
 0.6757135940893267
 0.4204499287924235
 0.6789892115500261
 0.5960567693469812
 0.617844957754589
 0.6463776900668505
 0.5095242784221535
 0.5636402316512668
 0.4667656269408652
 0.41363234922459
 0.5446091589713377
 0.5582616694858118
 0.6789892115500261
 0.4774924294246942
 0.6789892115500261
 0.5187355257265361
 0.5183934435164539
 0.6789892115500261
 0.5988793566514289
 0.5753905069720634
 0.6546069242372345
 0.4083737885818163
 0.6789892115500261
 0.5966907868103323
 0.5993697903717252
 0.6688573088445948
 0.4315955913373546
 0.4620698541468091
 0.6789892115500261
 0.5857223414834697
 0.6789892115500261
 0.4928061214335364
 0.6789892115500261
 0.4875810154671151
 0.6240738727036204
 0.5677008548111813
 0.5694682425066405
 0.53416490127461
 0.6698896112346702
 0.6789892115500261
 0.6242110155628978
 0.428222520887065
 0.6789892115500261
 0.5325684548070235
 0.6789892115500261
 0.6789892115500261
 0.6198807738241378
 0.5231495343056225
 0.6497130402815824
 0.668181652233556
 0.5412623566983557
 0.4003780480092426
 0.6619431806818944
 0.6025080015263562
 0.5519340776317808
 0.5935856427613569
 0.6034637621623323
 0.6529624381617604
 0.6736319984347173
 0.5846146352701683
 0.6789892115500261
 0.6207238555201002
 0.499444305478679
 0.5693239476367628
 0.6238639267150512
 0.5480289557187362
 0.5968382710893172
 0.5191689150563464
 0.4718295448733059
 0.6789892115500261
 0.4442895638744634
 0.2991764204807458
 0.3957541726924654
 0.3395338038066633
 0.3385036169177709
 0.5088727079055136
 0.2949986439103356
 0.2949986439103356
 0.2949986439103356
 0.2949986439103356
 0.2949986439103356
 0.2949986439103356
 0.2949986439103356
 0.2949986439103356
 0.2949986439103356
 0.2949986439103356
 0.2949986439103356
 0.2949986439103356
 0.2949986439103356
 0.2949986439103356
 0.2949986439103356
 0.2949986439103356
 0.2949986439103356
 0.2949986439103356
 0.2949986439103356
 0.2949986439103356
 0.2949986439103356
 0.2949986439103356
 0.2949986439103356
 0.2949986439103356
 0.2949986439103356
 0.2949986439103356
 0.2949986439103356
 0.2949986439103356
 0.2949986439103356
 0.2949986439103356
 0.2949986439103356
 0.2949986439103356
 0.2949986439103356
 0.2949986439103356
 0.2949986439103356
 0.2949986439103356
 0.2949986439103356
 0.2949986439103356
 0.2949986439103356
 0.2949986439103356
 0.2949986439103356
 0.2949986439103356
 0.2949986439103356
 0.2949986439103356
 0.2949986439103356
 0.2949986439103356
 0.2949986439103356
 0.2949986439103356
 0.2949986439103356
 0.2949986439103356
 0.2949986439103356
 0.2949986439103356
 0.2949986439103356
 0.2949986439103356
 0.2949986439103356
 0.2949986439103356
 0.2949986439103356
 0.2949986439103356
 0.2949986439103356
 0.2949986439103356
 0.2949986439103356
 0.2949986439103356
 0.2949986439103356
 0.2949986439103356
 0.2949986439103356
 0.2949986439103356
 0.2949986439103356
 0.2949986439103356
 0.2949986439103356
 0.2949986439103356
 0.2949986439103356
 0.2949986439103356
 0.2949986439103356
 0.2949986439103356
 0.2949986439103356
 0.2949986439103356
 0.2949986439103356
 0.2949986439103356
 0.2949986439103356
 0.2949986439103356
 0.2949986439103356
 0.2949986439103356
 0.2949986439103356
 0.2949986439103356
 0.2949986439103356
 0.2949986439103356
 0.2949986439103356
 0.2949986439103356
 0.2949986439103356
 0.2949986439103356
 0.2949986439103356
 0.2949986439103356
 0.2949986439103356
 0.2949986439103356
 0.2949986439103356
 0.2991764204807458
 0.3372657923392361
 0.4278235992364437
 0.2949986439103356
 0.387881564578856
 0.3882607808160263
 0.3433791963855497
 0.4278235992364437
 0.402185850676662
 0.3989589876349167
 0.5128903337386189
 0.4278235992364437
 0.4911048015238317
 0.4278235992364437
 0.4278235992364437
 0.4278235992364437
 0.4278235992364437
 0.4278235992364437
 0.4278235992364437
 0.4278235992364437
 0.4278235992364437
 0.5128903337386189
 0.4278235992364437
 0.2965952346813004
 0.2949986439103356
 0.2949986439103356
 0.2949986439103356
 0.2949986439103356
 0.2949986439103356
 0.2949986439103356
 0.2949986439103356
 0.2949986439103356
 0.2949986439103356
 0.2949986439103356
 0.2949986439103356
 0.2949986439103356
 0.2949986439103356
 0.2949986439103356
 0.2949986439103356
 0.2949986439103356
 0.2949986439103356
 0.2949986439103356
 0.2949986439103356
 0.2949986439103356
 0.2949986439103356
 0.2949986439103356
 0.2949986439103356
 0.2949986439103356
 0.2949986439103356
 0.2949986439103356
 0.2949986439103356
 0.2949986439103356
 0.2949986439103356
 0.2949986439103356
 0.2949986439103356
 0.2949986439103356
 0.2949986439103356
 0.2949986439103356
 0.2949986439103356
 0.2949986439103356
 0.2949986439103356
 0.2949986439103356
 0.2949986439103356
 0.2949986439103356
 0.2949986439103356
 0.2949986439103356
 0.2949986439103356
 0.2949986439103356
 0.2949986439103356
 0.2949986439103356
 0.2949986439103356
 0.2949986439103356
 0.2949986439103356
 0.2949986439103356
 0.2949986439103356
 0.2949986439103356
 0.2949986439103356
 0.2949986439103356
 0.2949986439103356
 0.2949986439103356
 0.2949986439103356
 0.2949986439103356
 0.2949986439103356
 0.2949986439103356
 0.2949986439103356
 0.2949986439103356
 0.2949986439103356
 0.2949986439103356
 0.2949986439103356
 0.2949986439103356
 0.2949986439103356
 0.2949986439103356
 0.2949986439103356
 0.2949986439103356
 0.2949986439103356
 0.2949986439103356
 0.2949986439103356
 0.2949986439103356
 0.2949986439103356
 0.2949986439103356
 0.2993515989271624
 0.1892769803815986
 0.2525603094822043
 0.221692350491491
 0.3761634236966073
 0.4309391804761028
 0.1980598753742109
 0.2515088051275359
 0.2949986439103356
 0.3041969107833612
 0.2950009931586236
 0.2936760559732335
 0.2908507868105049
 0.2893165582486676
 0.2908512047501002
 0.2871089565254253
 0.2900320913899911
 0.2876942066965883
 0.2924933727622758
 0.2936744028680197
 0.2864423680898193
 0.2866819220289006
 0.2861047520075307
 0.2830879167873989
 0.2874904590453652
 0.2891752268027272
 0.2873661374006822
 0.287239558601601
 0.2824549084021291
 0.2891059349580863
 0.2828562086561696
 0.2868745230972405
 0.2923951200295741
 0.2903389023916673
 0.2776037672128391
 0.290881064000841
 0.2897319871304034
 0.2892687266822057
 0.2893942326515093
 0.2891895600294285
 0.2919095722357202
 0.2903370898670858
 0.2833209754673673
 0.290872347912158
 0.2940234722328346
 0.2817693169720632
 0.2902058901719023
 0.2908755918831483
 0.277560913563334
 0.2775634869573325
 0.2892366819399996
 0.2889491495293556
 0.2807611158592189
 0.2892958789064055
 0.2861637557925821
 0.2899470270179544
 0.2895289118964904
 0.29159203711639
 0.2866402794152936
 0.2882559142650689
 0.2897597913822118
 0.2877254561728005
 0.2910911946290524
 0.2873028561441325
 0.2872592763824477
 0.2902809425137892
 0.2938550147093016
 0.2905626575224537
 0.2916154594946284
 0.2859619530929605
 0.2874022206433215
 0.2775586824578184
 0.2893736515572184
 0.2943863348098563
 0.2909827113046523
 0.2906438360090077
 0.2935781019867426
 0.2775570488420007
 0.2893531764058717
 0.2798959805514964
 0.2894088103557612
 0.2933893670749387
 0.2842070010173887
 0.291954408524234
 0.286841713036197
 0.289376177481388
 0.2892055112327636
 0.2892545853172327
 0.2939116282424777
 0.2871512932392662
 0.2901622320066746
 0.2937035773345448
 0.2876223279359631
 0.2932976716431565
 0.2869103999718691
 0.2775643290246413
 0.2884010133900086
 0.2819693983857186
 0.2900206653829216
 0.2909027905228975
 0.2761053419482595
 0.2673700646510738
 0.1584639086815123
 0.07071295065101441
 0.2583491764421013
 0.1033807389644021
 0.07611755710453075
 0.006593637590467138
 0.001893490220609594
 0.0004700184512608022
 0.001924503694551398
 0.0005642518990587996
 0.0001045379260591148
 0.0006114903226401621
 0.0002947880870701764
 0.0001185703595731197
 3.279105261180977e-05
 1.137416292262307e-05
 4.73203819170466e-05
 2.06554242196226e-06
 3.055066789405675e-06
 1.269266673225092e-06
 1.061928988052921e-05
 1.987001890290177e-06
 1.400184015225292e-07
 1.144579003301699e-06
 1.267578254304791e-07
 4.431868735020605e-08
 5.695315507224519e-08
 1.215964779161666e-07
 1.402492254970467e-08
 9.405589813937798e-09
 9.995959737024718e-10
 2.536039399314571e-10
 5.094020691376322e-10
 1.487526046783927e-09
 1.93950751292693e-10
 5.931591415958559e-11
 1.319228927487703e-11
 1.687910358358358e-11
 1.053249328031303e-11
 3.648137347767033e-12
 2.465253695627112e-12
 9.902044462162252e-13
 3.370810575109573e-12
 3.860351274753704e-12
 2.203159529812204e-12
 5.573114886248121e-12
 3.011266583308192e-12
 3.119457817057913e-12
 5.909688537142355e-12
 1.196933177571857e-12
 3.206672774536123e-12
 1.377581208827916e-12
 1.862086873583024e-13
 4.927407440402654e-12
 9.267656086997533e-13
 6.022170609409905e-12
 4.855848362295134e-12
 5.152562404520111e-13
 2.668603185651541e-12
 1.032739865847176e-12
 9.922913185578253e-13
 1.63848275225309e-12
 4.057608415930503e-12
 1.169829857983196e-12
 3.547873800302526e-12
 2.065481466417829e-12
 2.864677245417724e-12
 1.647296882234528e-12
 2.014501412905823e-12
 7.722383496555629e-12
 1.131468009563097e-11
 3.599684786359525e-12
 4.48548316545061e-12
 1.337902878761899e-12
 1.503084549187017e-12
 2.861547804267062e-13
 2.37553032800264e-12
 5.821428408769869e-13
 3.737399278946896e-12
 2.837972044866799e-12
 2.366086493399422e-12
 5.934766567072813e-13
 5.145798717687278e-12
 5.648620460263487e-12
 3.997930458909948e-13
 1.587299736094394e-12
 5.031740649141803e-12
 7.634056581329318e-12
 5.014500967237545e-12
 5.712435646038072e-11
 4.368295655754473e-12
 1.248941474871722e-12
 1.066749119593702e-12
 4.169806860909731e-12
 4.924984031706714e-13
 4.863876662541955e-12
 1.068329452680317e-12
 5.397514032945416e-12


# name: PV
# type: matrix
# ndims: 3
 100 5 2
 0.5248257055938442
 0.5248011775742811
 0.4344745034552641
 0.5148566809167092
 0.5880026857034905
 0.4345251167042616
 0.4855022074736675
 0.578799002198271
 0.5828499228155654
 0.5746192007769354
 0.6422134366412734
 0.6447832072898566
 0.6484267672446526
 0.6500786716039955
 0.6448599219463239
 0.6448589817668002
 0.6500735271133438
 0.6501052342531199
 0.6502456742965146
 0.6505230446187739
 0.6504513986512348
 0.6504768196517886
 0.6503927725265032
 0.6505745099148637
 0.6505409736449648
 0.6505882263560705
 0.650485999614247
 0.6506119891788623
 0.650556835205915
 0.6504042201927441
 0.6505204292858392
 0.6506133594730567
 0.6503743020074337
 0.6503170096047628
 0.6503367211620391
 0.6504956851228626
 0.6506133605463118
 0.6504622210659818
 0.6504708625267577
 0.6506133606036151
 0.6503651869058019
 0.6506133606204157
 0.6506005797351857
 0.6505201574354418
 0.650613360622992
 0.6505491967647129
 0.6503859450603092
 0.6504792669260799
 0.6506133606240587
 0.6504253528253342
 0.6504062604012152
 0.6503718366981494
 0.6504767653356902
 0.6502626272757602
 0.6505969247549176
 0.650589156188591
 0.6504472147841976
 0.6505567080335839
 0.6504568180451279
 0.6505065631581755
 0.6503574994137264
 0.6503851907533399
 0.6505429020504253
 0.6503834626575382
 0.6503472934654754
 0.6504754566683093
 0.6502987162301821
 0.6505977401422778
 0.6505629226327394
 0.6505949218831371
 0.6505518395758423
 0.650613360624136
 0.6504884253511931
 0.650613360624136
 0.650613360624136
 0.6502664284318764
 0.6504940406210511
 0.650613360624136
 0.650613360624136
 0.6505420759263798
 0.650613360624136
 0.6503992882644127
 0.6502347665821933
 0.650613360624136
 0.6502846321898801
 0.650424627657076
 0.6505325980123078
 0.650613360624136
 0.6504579419000975
 0.6504644643789805
 0.650613360624136
 0.6503711804430714
 0.650448104272648
 0.6504887495030944
 0.650613360624136
 0.6506018363002075
 0.650613360624136
 0.6502428940491547
 0.6505464918361521
 0.650553714893455
 0.3187931816953101
 0.3167028108167216
 0.3624015442456246
 0.4128288229820333
 0.4138057479550942
 0.4138079930359495
 0.4107607714885328
 0.4138091671981264
 0.4138183348050419
 0.4138229989961697
 0.4138225103016615
 0.413823061767144
 0.4138232821679209
 0.4138233699553919
 0.4138233969589604
 0.4138233887296097
 0.4138234103693725
 0.4138233954453878
 0.4138233913417256
 0.4138233915754199
 0.4138233882982359
 0.4138233883436113
 0.4138233875854779
 0.4138233870833119
 0.4138233867731083
 0.4138233866588023
 0.4138233866267041
 0.413823386623546
 0.4138233866241577
 0.4138233866226447
 0.4138233866211142
 0.4138233866208086
 0.4138233866206052
 0.4138233866206534
 0.4138233866207502
 0.4138233866207214
 0.4138233866205847
 0.4138233866205774
 0.4138233866207537
 0.4138233866205955
 0.4138233866205565
 0.4138233866205516
 0.413823386620531
 0.4138233866205273
 0.413823386620527
 0.4138233866205266
 0.4138233866205266
 0.4138233866205265
 0.4138233866205266
 0.4138233866205266
 0.4138233866205265
 0.4138233866205265
 0.4138233866205265
 0.4138233866205265
 0.4138233866205265
 0.4138233866205265
 0.4138233866205265
 0.4138233866205265
 0.4138233866205265
 0.4138233866205265
 0.4138233866205265
 0.4138233866205265
 0.4138233866205265
 0.4138233866205265
 0.4138233866205265
 0.4138233866205265
 0.4138233866205265
 0.4138233866205265
 0.4138233866205265
 0.4138233866205265
 0.4138233866205265
 0.4138233866205265
 0.4138233866205265
 0.4138233866205265
 0.4138233866205265
 0.4138233866205265
 0.4138233866205265
 0.4138233866205265
 0.4138233866205265
 0.4138233866205265
 0.4138233866205265
 0.4138233866205265
 0.4138233866205265
 0.4138233866205265
 0.4138233866205265
 0.4138233866205265
 0.4138233866205265
 0.4138233866205265
 0.4138233866205265
 0.4138233866205265
 0.4138233866205265
 0.4138233866205265
 0.4138233866205265
 0.4138233866205265
 0.4138233866205265
 0.4138233866205265
 0.4138233866205265
 0.4138233866205265
 0.4138233866205265
 0.4138233866205265
 0.09080747742654244
 0.1648827074612247
 0.1790903968802355
 0.1171311228165228
 0.07806201524845133
 0.0632848936090169
 0.1504158121646484
 0.1290442887402936
 0.1759578585609943
 0.1770393139317712
 0.1775398289798318
 0.1768142714348359
 0.1775436481038973
 0.1775480204774577
 0.1775490162160738
 0.1775481898515672
 0.1775487339391713
 0.1775489403098603
 0.1775492271146213
 0.1775493065519782
 0.1775492184291355
 0.1775492469207577
 0.1775493422287481
 0.1775493574501041
 0.1775493479563603
 0.1775493682669304
 0.1775493734118353
 0.1775493738906729
 0.1775493757771236
 0.1775493763759199
 0.1775493754748022
 0.1775493749221375
 0.1775493760689845
 0.1775493764456194
 0.1775493764516698
 0.1775493764446695
 0.1775493764449814
 0.1775493764441196
 0.1775493764436546
 0.1775493764435792
 0.1775493764435566
 0.1775493764435831
 0.177549376443566
 0.1775493764435846
 0.1775493764435959
 0.1775493764436002
 0.1775493764435993
 0.177549376443586
 0.1775493764435845
 0.1775493764435828
 0.1775493764435759
 0.1775493764435774
 0.1775493764435814
 0.1775493764435753
 0.1775493764435739
 0.1775493764435732
 0.1775493764435728
 0.1775493764435726
 0.1775493764435727
 0.1775493764435726
 0.1775493764435725
 0.1775493764435725
 0.1775493764435725
 0.1775493764435725
 0.1775493764435725
 0.1775493764435725
 0.1775493764435725
 0.1775493764435725
 0.1775493764435725
 0.1775493764435725
 0.1775493764435725
 0.1775493764435725
 0.1775493764435725
 0.1775493764435725
 0.1775493764435725
 0.1775493764435725
 0.1775493764435725
 0.1775493764435725
 0.1775493764435725
 0.1775493764435725
 0.1775493764435725
 0.1775493764435725
 0.1775493764435725
 0.1775493764435725
 0.1775493764435725
 0.1775493764435725
 0.1775493764435725
 0.1775493764435725
 0.1775493764435725
 0.1775493764435725
 0.1775493764435725
 0.1775493764435725
 0.1775493764435725
 0.1775493764435725
 0.1775493764435725
 0.1775493764435725
 0.1775493764435725
 0.1775493764435725
 0.1775493764435725
 0.1775493764435725
 -0.0130666510085124
 -0.228089574448552
 0.01462843206530176
 0.02293557017529274
 -0.06156324347496647
 -0.05438492001059311
 -0.09760840853739325
 -0.1060262163903296
 -0.1569718050103109
 -0.05904490034305621
 -0.05523664605033735
 -0.05859863108902902
 -0.05249714242245465
 -0.05516118262873951
 -0.05526953439835061
 -0.05526985140192436
 -0.05370119388581915
 -0.0580186510548083
 -0.05313251553758097
 -0.05643210956416547
 -0.05853974207040946
 -0.05753513233774202
 -0.04658208395339286
 -0.05618315676908942
 -0.05313986442554838
 -0.05407997436743131
 -0.05823350281926759
 -0.05493239621190985
 -0.05515119069889104
 -0.05740159675259121
 -0.05512887910816258
 -0.04914889130487368
 -0.05035626679338803
 -0.05425077475004378
 -0.05653674358281913
 -0.05412739491748242
 -0.05627942450577994
 -0.04956029177759383
 -0.05814202405373359
 -0.05421668863188187
 -0.05163178583053801
 -0.05474358816466546
 -0.05520371242375013
 -0.05337211401960398
 -0.05212165049462614
 -0.05778233276923728
 -0.05745084054150157
 -0.05369845264552889
 -0.0563594216301106
 -0.05757094142911992
 -0.05760564815147512
 -0.05761624087580047
 -0.05693302479965237
 -0.05196226051011743
 -0.0571020667654096
 -0.05772920564074441
 -0.05561245253872998
 -0.0495532361568482
 -0.05627885257983639
 -0.05709244151863063
 -0.05483203171557774
 -0.05584366228970628
 -0.04623054046273381
 -0.04969777280453028
 -0.05637039843106426
 -0.05595285002297393
 -0.04809379250469109
 -0.05583563585952597
 -0.05776734271498227
 -0.05843257826716783
 -0.05349959810968419
 -0.05228527809527331
 -0.05423672525651765
 -0.05272599010836213
 -0.05329240195940915
 -0.05544650086430017
 -0.05087201125983709
 -0.05170361508715993
 -0.05604169413174312
 -0.05631326809439383
 -0.05269591271234181
 -0.05455885893707857
 -0.049814804773818
 -0.05467613122754539
 -0.05085512103752735
 -0.0556223246136881
 -0.05316134485084886
 -0.05309527983210466
 -0.04781117441170107
 -0.04877459863722375
 -0.05752207088663341
 -0.04813264330768652
 -0.05524145199780575
 -0.05517572237634905
 -0.05393237934417597
 -0.05046231124896974
 -0.05508489248349085
 -0.04787991710343226
 -0.05074682130480249
 -0.05612300464162703
 -0.0001755932018746957
 -0.01391427976150906
 -0.000598284796082248
 -0.0008858821743138023
 -0.0009727018256689302
 -0.00772665202035178
 -0.0006435896345505648
 -0.0002549158415477981
 -0.0002289310695834674
 -0.0002207442714124916
 -0.0003281438200456316
 -0.0006699275691897291
 -0.0002331890238087327
 -0.01487458511653549
 -4.294022737232235e-05
 -0.0001233787752013878
 -1.662896463099257e-05
 -1.677767496214774e-05
 -3.99637643080878e-05
 -4.053721664178458e-06
 -0.0004203517416808307
 -2.053208706282415e-05
 -0.0002807623068735096
 -3.871005220547862e-05
 -2.627688788487542e-05
 -1.892124993657651e-06
 -3.557074310430591e-07
 -1.696979130081516e-07
 -7.991773793517704e-07
 -3.483436625030707e-06
 -6.064628589770582e-08
 -5.474602769242609e-07
 -1.872472690095384e-08
 -2.894694748831195e-08
 -3.329008483807239e-08
 -1.217791781304989e-08
 -8.217349162231713e-10
 -1.120951161753814e-10
 -4.6892752528227e-10
 -2.02664378334827e-11
 -1.821660062378827e-10
 -2.390520507239424e-11
 -7.662934956714773e-12
 -4.524335767142063e-12
 -6.050378947852764e-12
 -3.143922622239614e-12
 -1.82498981204926e-13
 -1.17724406611952e-12
 -4.334381811799126e-12
 -1.726153942005482e-13
 -1.671447702467077e-12
 -2.746070731918238e-12
 -6.371014826811461e-13
 -4.582046547740859e-13
 -7.609603919211949e-12
 -4.563533578805234e-12
 -2.706677763864018e-12
 -1.922607906212903e-12
 -2.679908378544482e-12
 -5.364493571580198e-13
 -2.706976136301886e-12
 -2.787043165697334e-12
 -2.333999313264279e-12
 -1.364280216575864e-12
 -2.01797779875168e-12
 -1.51941653703247e-12
 -2.09413736351749e-12
 -2.332922483666566e-12
 -1.38951870842785e-12
 -2.021612044433851e-13
 -4.765805805551082e-14
 -5.886853504666334e-13
 -4.376585899246166e-12
 -3.524187885961538e-12
 -3.225105946191853e-12
 -2.294878696795788e-12
 -2.082386346691223e-12
 -1.872366844901663e-12
 -1.057313958607864e-12
 -4.123822811008537e-12
 -6.743171993006669e-12
 -5.556985427368488e-12
 -2.511508362390558e-12
 -4.05808373016292e-12
 -2.524735628894881e-12
 -5.071989703231417e-12
 -4.593889504911353e-12
 -7.508169433401157e-13
 -8.483248825630341e-13
 -6.832897095354618e-12
 -2.47813401743624e-12
 -4.19215530345074e-12
 -4.197532946226268e-12
 -3.446928506511959e-12
 -7.013660485721829e-13
 -3.996275532713867e-12
 -6.911532110520646e-12
 -6.546826882697365e-12
 -2.963683118362148e-12
 -5.859528140472747e-12
 0.5248237811084483
 0.5266190748416796
 0.5828763578995508
 0.5828763578995508
 0.6448947124716967
 0.6500973967974806
 0.6500973967974806
 0.6501263775962309
 0.6502212501993965
 0.6199695808456631
 0.62352007344047
 0.6501376110933144
 0.6503698483179925
 0.650613360624136
 0.6454106762983521
 0.6454106762983521
 0.6503723580565461
 0.6504403064896798
 0.6502247542445054
 0.6502844694847654
 0.6505246572439212
 0.6502458007288039
 0.6505341693366562
 0.650613360624136
 0.6505942885694667
 0.650613360624136
 0.6505498547049084
 0.6504396792455007
 0.6504441146457471
 0.6506089592136273
 0.650265964284449
 0.650613360624136
 0.6505019252300428
 0.6505312017748699
 0.6505695408878311
 0.6503856524907878
 0.6504583674912703
 0.6503281981695097
 0.6502568035791119
 0.6504327956519784
 0.650451140377506
 0.650613360624136
 0.6503426116539122
 0.650613360624136
 0.6503980295406633
 0.6503975698886275
 0.650613360624136
 0.6505057179090028
 0.650474156204665
 0.6505805984176529
 0.65024973771005
 0.650613360624136
 0.6505027771522101
 0.650506376899302
 0.6505997464999054
 0.650280940586426
 0.6503218885121793
 0.650613360624136
 0.6504880389750249
 0.650613360624136
 0.6503631884904153
 0.650613360624136
 0.6503561675740275
 0.6505395714981492
 0.6504638237051483
 0.6504661985242073
 0.6504187618198431
 0.6506011335930695
 0.650613360624136
 0.650539755775474
 0.6502764082294261
 0.650613360624136
 0.6504166166925982
 0.650613360624136
 0.650613360624136
 0.65053393727813
 0.6504039605945726
 0.6505740225605727
 0.6505988386276818
 0.6504282985912342
 0.6502389939229614
 0.6505904560633025
 0.6505105936784956
 0.650442638063174
 0.6504986048049159
 0.6505118779233616
 0.6505783887401249
 0.6506061621968513
 0.6504865505625876
 0.650613360624136
 0.6505350701175658
 0.650372108143997
 0.6504660046368063
 0.6505392893960751
 0.6504373907945804
 0.6505029753251845
 0.6503986118810536
 0.6503350024993408
 0.650613360624136
 0.650297997335205
 0.3188237307111498
 0.3314425489905398
 0.3240968135357016
 0.3751027978605433
 0.3551063870774708
 0.4138233866205265
 0.4138233866205265
 0.4138233866205265
 0.4138233866205265
 0.4138233866205265
 0.4138233866205265
 0.4138233866205265
 0.4138233866205265
 0.4138233866205265
 0.4138233866205265
 0.4138233866205265
 0.4138233866205265
 0.4138233866205265
 0.4138233866205265
 0.4138233866205265
 0.4138233866205265
 0.4138233866205265
 0.4138233866205265
 0.4138233866205265
 0.4138233866205265
 0.4138233866205265
 0.4138233866205265
 0.4138233866205265
 0.4138233866205265
 0.4138233866205265
 0.4138233866205265
 0.4138233866205265
 0.4138233866205265
 0.4138233866205265
 0.4138233866205265
 0.4138233866205265
 0.4138233866205265
 0.4138233866205265
 0.4138233866205265
 0.4138233866205265
 0.4138233866205265
 0.4138233866205265
 0.4138233866205265
 0.4138233866205265
 0.4138233866205265
 0.4138233866205265
 0.4138233866205265
 0.4138233866205265
 0.4138233866205265
 0.4138233866205265
 0.4138233866205265
 0.4138233866205265
 0.4138233866205265
 0.4138233866205265
 0.4138233866205265
 0.4138233866205265
 0.4138233866205265
 0.4138233866205265
 0.4138233866205265
 0.4138233866205265
 0.4138233866205265
 0.4138233866205265
 0.4138233866205265
 0.4138233866205265
 0.4138233866205265
 0.4138233866205265
 0.4138233866205265
 0.4138233866205265
 0.4138233866205265
 0.4138233866205265
 0.4138233866205265
 0.4138233866205265
 0.4138233866205265
 0.4138233866205265
 0.4138233866205265
 0.4138233866205265
 0.4138233866205265
 0.4138233866205265
 0.4138233866205265
 0.4138233866205265
 0.4138233866205265
 0.4138233866205265
 0.4138233866205265
 0.4138233866205265
 0.4138233866205265
 0.4138233866205265
 0.4138233866205265
 0.4138233866205265
 0.4138233866205265
 0.4138233866205265
 0.4138233866205265
 0.4138233866205265
 0.4138233866205265
 0.4138233866205265
 0.4138233866205265
 0.4138233866205265
 0.4138233866205265
 0.4138233866205265
 0.4138233866205265
 0.4138233866205265
 0.1128236803138513
 0.1034450531410851
 0.07752637933155357
 0.1775493764435725
 0.09362549021162836
 0.09319034623988451
 0.09831886113219185
 0.07752637933155357
 0.09595037951751606
 0.1213327951879411
 0.06250320033703138
 0.07752637933155357
 0.06635062614770834
 0.07752637933155357
 0.07752637933155357
 0.07752637933155357
 0.07752637933155357
 0.07752637933155357
 0.07752637933155357
 0.07752637933155357
 0.07752637933155357
 0.06250320033703138
 0.07752637933155357
 0.1757173165758001
 0.1775493764435725
 0.1775493764435725
 0.1775493764435725
 0.1775493764435725
 0.1775493764435725
 0.1775493764435725
 0.1775493764435725
 0.1775493764435725
 0.1775493764435725
 0.1775493764435725
 0.1775493764435725
 0.1775493764435725
 0.1775493764435725
 0.1775493764435725
 0.1775493764435725
 0.1775493764435725
 0.1775493764435725
 0.1775493764435725
 0.1775493764435725
 0.1775493764435725
 0.1775493764435725
 0.1775493764435725
 0.1775493764435725
 0.1775493764435725
 0.1775493764435725
 0.1775493764435725
 0.1775493764435725
 0.1775493764435725
 0.1775493764435725
 0.1775493764435725
 0.1775493764435725
 0.1775493764435725
 0.1775493764435725
 0.1775493764435725
 0.1775493764435725
 0.1775493764435725
 0.1775493764435725
 0.1775493764435725
 0.1775493764435725
 0.1775493764435725
 0.1775493764435725
 0.1775493764435725
 0.1775493764435725
 0.1775493764435725
 0.1775493764435725
 0.1775493764435725
 0.1775493764435725
 0.1775493764435725
 0.1775493764435725
 0.1775493764435725
 0.1775493764435725
 0.1775493764435725
 0.1775493764435725
 0.1775493764435725
 0.1775493764435725
 0.1775493764435725
 0.1775493764435725
 0.1775493764435725
 0.1775493764435725
 0.1775493764435725
 0.1775493764435725
 0.1775493764435725
 0.1775493764435725
 0.1775493764435725
 0.1775493764435725
 0.1775493764435725
 0.1775493764435725
 0.1775493764435725
 0.1775493764435725
 0.1775493764435725
 0.1775493764435725
 0.1775493764435725
 0.1775493764435725
 0.1775493764435725
 0.1775493764435725
 0.1775493764435725
 -0.09336446640190346
 -0.00850594137249408
 -0.05370161759127542
 -0.02011412390051046
 -0.1379362031405835
 -0.1746684424159836
 -0.00106670359083641
 -0.03879710164170877
 -0.05872463373338155
 -0.06596967311405613
 -0.05872715621810018
 -0.05786963697898639
 -0.05585655690943508
 -0.05471610653870243
 -0.05585123455759797
 -0.05315266419541179
 -0.05528846938356596
 -0.05359317511821404
 -0.05708184460979265
 -0.05793903201661244
 -0.0526856254706943
 -0.05286032587580861
 -0.05244101417220973
 -0.05024781306928461
 -0.05344766220779426
 -0.05467221102296005
 -0.05335773078268136
 -0.05326579732005052
 -0.04978927991070897
 -0.05462195704282147
 -0.05008087773829675
 -0.05300060362038367
 -0.05701210692378098
 -0.05551785545507762
 -0.04626443353146714
 -0.0559118103233591
 -0.05507685826633399
 -0.0547402473979974
 -0.05483144141964802
 -0.05468272412531033
 -0.05665921573388377
 -0.0555165385741431
 -0.05041858166637062
 -0.05590547689388495
 -0.05819633900099708
 -0.04929113968944407
 -0.05542120547390827
 -0.05590783412108505
 -0.04623329610077459
 -0.04623516588464224
 -0.05471696337619852
 -0.05450803969484377
 -0.04855857669990613
 -0.05475997650623737
 -0.05248415794072139
 -0.05523310996519232
 -0.05492930099916254
 -0.05642845539238261
 -0.05283040208773893
 -0.05400433020083828
 -0.05509706132358239
 -0.05361889652118726
 -0.05606450284020656
 -0.05331183331760439
 -0.05328016806126679
 -0.05547574039748213
 -0.0580737210576614
 -0.05568044306833864
 -0.056445476561371
 -0.05233752727041879
 -0.05338403202633601
 -0.04623167507185935
 -0.05481648696590552
 -0.05846063692449863
 -0.0559856726015153
 -0.05573943031817891
 -0.05787223814034262
 -0.04623048821223844
 -0.05480160949159482
 -0.0479299656980206
 -0.05484203375172356
 -0.05773495678152141
 -0.05106237158114602
 -0.05669180048378539
 -0.05297676461273734
 -0.05481832233096429
 -0.0546943144278827
 -0.05472997215292405
 -0.05811492469049148
 -0.05320170701442692
 -0.0553894824147296
 -0.05796352406394437
 -0.05354396303607523
 -0.05766826974948439
 -0.05302667288018573
 -0.04623577772436252
 -0.05410976005484058
 -0.04943651983126465
 -0.0552866170372521
 -0.05592759799284774
 -0.2761053419482595
 -0.2673700646510738
 -0.1584639086815123
 -0.07071295065101441
 -0.2583491764421013
 -0.1033807389644021
 -0.07611755710453075
 -0.006593637590467138
 -0.001893490220609594
 -0.0004700184512608022
 -0.001924503694551398
 -0.0005642518990587996
 -0.0001045379260591148
 -0.0006114903226401621
 -0.0002947880870701764
 -0.0001185703595731197
 -3.279105261180977e-05
 -1.137416292262307e-05
 -4.73203819170466e-05
 -2.06554242196226e-06
 -3.055066789405675e-06
 -1.269266673225092e-06
 -1.061928988052921e-05
 -1.987001890290177e-06
 -1.400184015225292e-07
 -1.144579003301699e-06
 -1.267578254304791e-07
 -4.431868735020605e-08
 -5.695315507224519e-08
 -1.215964779161666e-07
 -1.402492254970467e-08
 -9.405589813937798e-09
 -9.995959737024718e-10
 -2.536039399314571e-10
 -5.094020691376322e-10
 -1.487526046783927e-09
 -1.93950751292693e-10
 -5.931591415958559e-11
 -1.319228927487703e-11
 -1.687910358358358e-11
 -1.053249328031303e-11
 -3.648137347767033e-12
 -2.465253695627112e-12
 -9.902044462162252e-13
 -3.370810575109573e-12
 -3.860351274753704e-12
 -2.203159529812204e-12
 -5.573114886248121e-12
 -3.011266583308192e-12
 -3.119457817057913e-12
 -5.909688537142355e-12
 -1.196933177571857e-12
 -3.206672774536123e-12
 -1.377581208827916e-12
 -1.862086873583024e-13
 -4.927407440402654e-12
 -9.267656086997533e-13
 -6.022170609409905e-12
 -4.855848362295134e-12
 -5.152562404520111e-13
 -2.668603185651541e-12
 -1.032739865847176e-12
 -9.922913185578253e-13
 -1.63848275225309e-12
 -4.057608415930503e-12
 -1.169829857983196e-12
 -3.547873800302526e-12
 -2.065481466417829e-12
 -2.864677245417724e-12
 -1.647296882234528e-12
 -2.014501412905823e-12
 -7.722383496555629e-12
 -1.131468009563097e-11
 -3.599684786359525e-12
 -4.48548316545061e-12
 -1.337902878761899e-12
 -1.503084549187017e-12
 -2.861547804267062e-13
 -2.37553032800264e-12
 -5.821428408769869e-13
 -3.737399278946896e-12
 -2.837972044866799e-12
 -2.366086493399422e-12
 -5.934766567072813e-13
 -5.145798717687278e-12
 -5.648620460263487e-12
 -3.997930458909948e-13
 -1.587299736094394e-12
 -5.031740649141803e-12
 -7.634056581329318e-12
 -5.014500967237545e-12
 -5.712435646038072e-11
 -4.368295655754473e-12
 -1.248941474871722e-12
 -1.066749119593702e-12
 -4.169806860909731e-12
 -4.924984031706714e-13
 -4.863876662541955e-12
 -1.068329452680317e-12
 -5.397514032945416e-12


