# Created by Octave 4.0.0, Sat Apr 21 07:17:12 2018 CEST <olethros@olethros-OptiPlex-9010>
# name: PU
# type: matrix
# ndims: 3
 100 5 2
 0.4685188753084394
 0.7147771297093668
 0.4991516508920181
 0.7147805937437077
 0.7148609579697067
 0.7148116668101679
 0.6645307259931
 0.7148956681856423
 0.7149139742973513
 0.7149182737385867
 0.7149192245652387
 0.7149193761721853
 0.7149194422546213
 0.7149195091001574
 0.7149195288558209
 0.7149195299212868
 0.7149195308216199
 0.7149195310840843
 0.7149195311711587
 0.7149195310151819
 0.7149195311850078
 0.7149195312010248
 0.7149195312040045
 0.7149195312081511
 0.7149195312070914
 0.714919531208385
 0.7149195312085018
 0.7149195312080256
 0.7149195312086039
 0.7149195312086043
 0.7149195312086301
 0.7149195312086362
 0.7149195312086332
 0.7149195312086365
 0.7149195312086345
 0.7149195312086378
 0.714919531208638
 0.7149195312086382
 0.714919531208638
 0.7149195312086384
 0.7149195312086384
 0.7149195312086384
 0.7149195312086384
 0.7149195312086384
 0.7149195312086384
 0.7149195312086384
 0.7149195312086384
 0.7149195312086384
 0.7149195312086384
 0.7149195312086384
 0.7149195312086384
 0.7149195312086384
 0.7149195312086384
 0.7149195312086384
 0.7149195312086384
 0.7149195312086384
 0.7149195312086384
 0.7149195312086384
 0.7149195312086384
 0.7149195312086384
 0.7149195312086384
 0.7149195312086384
 0.7149195312086384
 0.7149195312086384
 0.7149195312086384
 0.7149195312086384
 0.7149195312086384
 0.7149195312086384
 0.7149195312086384
 0.7149195312086384
 0.7149195312086384
 0.7149195312086384
 0.7149195312086384
 0.7149195312086384
 0.7149195312086384
 0.7149195312086384
 0.7149195312086384
 0.7149195312086384
 0.7149195312086384
 0.7149195312086384
 0.7149195312086384
 0.7149195312086384
 0.7149195312086384
 0.7149195312086384
 0.7149195312086384
 0.7149195312086384
 0.7149195312086384
 0.7149195312086384
 0.7149195312086384
 0.7149195312086384
 0.7149195312086384
 0.7149195312086384
 0.7149195312086384
 0.7149195312086384
 0.7149195312086384
 0.7149195312086384
 0.7149195312086384
 0.7149195312086384
 0.7149195312086384
 0.7149195312086384
 0.4685246611165257
 0.4507825449506519
 0.5660308756096337
 0.7148303025883662
 0.7148917992520968
 0.7148864417483296
 0.7148730987541737
 0.7148474133831006
 0.7148906498417145
 0.7149191658849918
 0.7149192055481312
 0.7125672183292225
 0.7089952476618829
 0.7086974135822031
 0.7086641949311622
 0.7086324735066336
 0.7086517588300023
 0.7085892108130344
 0.708638618025169
 0.7086381092658327
 0.7085978795926798
 0.7086184628284331
 0.7086261053580599
 0.7086291923387155
 0.7086300565881355
 0.7086582156973701
 0.708605174216947
 0.7086037585262414
 0.7086477112967097
 0.7085865615994297
 0.7086289159107126
 0.7086139596712082
 0.7086109272735235
 0.7086429842873223
 0.708641216885832
 0.7086747744290762
 0.7086073624795522
 0.7085864155270734
 0.7086585382156567
 0.7086480596473271
 0.7086200870751063
 0.7086229809699564
 0.7086386922021353
 0.7086674778785056
 0.708628077478944
 0.7086346460156743
 0.7086259350380059
 0.7086275696752338
 0.7086741542640871
 0.7086040651205564
 0.7086585459697318
 0.7086461659124752
 0.7085893090059113
 0.7086388284551373
 0.7086383576931706
 0.7086185380680964
 0.7086427585026368
 0.7086526913287619
 0.7086575715202881
 0.7086248158762174
 0.7085954360584362
 0.7086696192408994
 0.7086405874873662
 0.7086513769282244
 0.7086743322330233
 0.7086673843578061
 0.7085846736321323
 0.7086222904762782
 0.708623461833595
 0.7086251761127605
 0.7086348370251156
 0.7086140235618139
 0.70862484471112
 0.7086406455935165
 0.7086814823072057
 0.7086294440649888
 0.708640068119608
 0.7086451142598948
 0.7086531015043475
 0.7086296583807885
 0.7086468289371113
 0.7086533677398132
 0.708636829990824
 0.7086426393722625
 0.7086213353798025
 0.7086379562518691
 0.7086328938891671
 0.7085906878602097
 0.7085977675322238
 0.708620296421092
 0.7086308047561197
 0.7086427436922892
 0.7085939812710924
 0.7086119976860485
 0.7086516624892983
 0.7086510343815732
 0.7085895835504681
 0.7086037539006714
 0.7086469282915396
 0.7085800888634443
 0.4685304217682247
 0.4757449329583875
 0.468553071566537
 0.539124856879737
 0.679254750076801
 0.6841450066730069
 0.7087405126088592
 0.6222632897216224
 0.6689768740239903
 0.5423165655130502
 0.6162613380419606
 0.6123663895344873
 0.5455897649053814
 0.6862766314764622
 0.7061397253242343
 0.7059486023590702
 0.7059485699946274
 0.7061908235364383
 0.7059482739967693
 0.7059573930748667
 0.7059598192719569
 0.7059598439262669
 0.7059598409834039
 0.7059598389890612
 0.7059598638740465
 0.7059598506365146
 0.7059598653837563
 0.7059598694666581
 0.7059598702123241
 0.7059598705683924
 0.7059598706762512
 0.7059598706814584
 0.7059598705391011
 0.7059598705413855
 0.7059598706967215
 0.7059598707098619
 0.7059598707103174
 0.7059598707103457
 0.7059598707103518
 0.7059598707103532
 0.7059598707103537
 0.7059598707103539
 0.7059598707103539
 0.7059598707103539
 0.7059598707103539
 0.7059598707103539
 0.7059598707103539
 0.7059598707103539
 0.7059598707103539
 0.7059598707103539
 0.7059598707103539
 0.7059598707103539
 0.7059598707103539
 0.7059598707103539
 0.7059598707103539
 0.7059598707103539
 0.7059598707103539
 0.7059598707103539
 0.7059598707103539
 0.7059598707103539
 0.7059598707103539
 0.7059598707103539
 0.7059598707103539
 0.7059598707103539
 0.7059598707103539
 0.7059598707103539
 0.7059598707103539
 0.7059598707103539
 0.7059598707103539
 0.7059598707103539
 0.7059598707103539
 0.7059598707103539
 0.7059598707103539
 0.7059598707103539
 0.7059598707103539
 0.7059598707103539
 0.7059598707103539
 0.7059598707103539
 0.7059598707103539
 0.7059598707103539
 0.7059598707103539
 0.7059598707103539
 0.7059598707103539
 0.7059598707103539
 0.7059598707103539
 0.7059598707103539
 0.7059598707103539
 0.7059598707103539
 0.7059598707103539
 0.7059598707103539
 0.7059598707103539
 0.7059598707103539
 0.7059598707103539
 0.7059598707103539
 0.7059598707103539
 0.7059598707103539
 0.7059598707103539
 0.7059598707103539
 0.7059598707103539
 0.7059598707103539
 0.4685361572718806
 0.5010420443302182
 0.6827490949867464
 0.5824581540918762
 0.6883677430456793
 0.69036677667371
 0.689140678940816
 0.6890861738129072
 0.6892926940551508
 0.6894520271783444
 0.6903626595009941
 0.6891443644700873
 0.6890974405741735
 0.6890529344307034
 0.6890223288123198
 0.6890098083068708
 0.6890028261154263
 0.6889960009913707
 0.6889956006543355
 0.6889971493087368
 0.6889951731446018
 0.6889949710573728
 0.6889952271778143
 0.6889948593248674
 0.688994782114337
 0.68899475659857
 0.6889947528864665
 0.6889947492601336
 0.6889947900653196
 0.688994753959236
 0.6889947668900863
 0.6889947759212579
 0.688994779933092
 0.6889947324683743
 0.6889947385868341
 0.6889947786565569
 0.688994685507644
 0.6889947573593926
 0.6889947693771887
 0.6889947666103968
 0.6889947830971077
 0.6889947670103226
 0.6889947695500618
 0.6889947796363485
 0.6889947765460643
 0.6889947445429753
 0.6889947804898725
 0.6889947539536161
 0.6889947622747865
 0.6889947303382878
 0.688994772308039
 0.6889947667449134
 0.6889947500853398
 0.6889947657247069
 0.6889947518109918
 0.6889947533452893
 0.6889947606221158
 0.6889947407539461
 0.6889947638625001
 0.6889947834327715
 0.6889947609957287
 0.688994771289773
 0.6889947855837731
 0.6889947642561568
 0.6889947822019139
 0.6889947783370249
 0.6889947523522134
 0.6889947586384985
 0.6889947696226352
 0.6889947604114887
 0.6889947703713747
 0.6889947698166
 0.6889947719384618
 0.6889947566674912
 0.6889947557238026
 0.6889947569242816
 0.6889947830461701
 0.6889947791715625
 0.6889947686546251
 0.6889947601842336
 0.6889947667177286
 0.6889947617590695
 0.6889947444516317
 0.6889947505987205
 0.6889947732873587
 0.688994757564507
 0.6889947439897974
 0.6889947639095497
 0.6889947558406591
 0.6889947616010724
 0.6889947295721034
 0.6889947702458277
 0.6889947831549424
 0.6889947425108829
 0.6889947607065442
 0.6889947668864987
 0.688994779327157
 0.6889947654419531
 0.6889947444568946
 0.6889947720432383
 0.492372225319514
 0.5014923410354066
 0.5016755227862811
 0.4958442794737861
 0.5060846234691704
 0.5074117756917939
 0.5008627236243599
 0.5141358643544405
 0.5010248664736332
 0.5091108135135247
 0.4956112855267977
 0.5019515405144152
 0.4676286682036975
 0.5182708544429734
 0.4797736771128829
 0.4818665123116017
 0.5300568254651401
 0.4996260530840383
 0.5372784774687684
 0.4638592219217414
 0.5676804166763819
 0.574443055338227
 0.429093095516892
 0.5122792763593315
 0.5200672918667644
 0.5307690131980082
 0.5610680422031203
 0.5386886348943001
 0.525360617262481
 0.5028378102352059
 0.4930587215456888
 0.4775837965709467
 0.4741145613927734
 0.5936496225067519
 0.4957552860118694
 0.5447658792647099
 0.512597132414189
 0.5182748838158923
 0.4496185758468099
 0.5113942778735492
 0.44638191392163
 0.5565302888363212
 0.5220751636891789
 0.5138750156497652
 0.5377334188433855
 0.4416761715275096
 0.5132681077574268
 0.4976367773317909
 0.4965351264953884
 0.5636824544728108
 0.4568452438110228
 0.4663166699203083
 0.5115964924823369
 0.4574086437096155
 0.449649988051372
 0.5155651281790207
 0.5416017752129649
 0.5710132581856927
 0.5252408750958727
 0.4442170159475884
 0.5466248788046421
 0.4621339883221404
 0.5164564565248787
 0.4825736467402011
 0.4890124359536135
 0.4327811769078986
 0.5475542132845935
 0.4627172612028712
 0.5115335897762292
 0.4651875595636888
 0.4969394677393307
 0.4771036391100552
 0.5248901491913661
 0.4559994752164304
 0.4841371750253727
 0.4611116641983868
 0.5305993486945875
 0.4833166059184612
 0.5287436836495775
 0.4646735081257862
 0.5100192221876528
 0.4685468490765231
 0.5256369696868874
 0.5723457860881181
 0.4974883139870913
 0.4905260112217092
 0.4415908371801842
 0.4823970771182451
 0.4642609882242167
 0.5254407720823292
 0.5013437324347114
 0.4677428080925293
 0.4982260976056792
 0.5573541219322133
 0.5310397340218063
 0.5003495102973279
 0.4810288847664284
 0.4454688029347115
 0.5081758148374794
 0.5461662836480741
 0.4685418676358356
 0.7149195312086384
 0.7149195312086384
 0.5949762729949429
 0.6503046304235273
 0.6537451005564433
 0.6266076382223731
 0.6506426397363557
 0.6525708322433011
 0.7149195312086384
 0.7149195312086384
 0.7149195312086384
 0.7149195312086384
 0.7149195312086384
 0.7149195312086384
 0.7149195312086384
 0.7149195312086384
 0.7149195312086384
 0.7149195312086384
 0.7149195312086384
 0.7149195312086384
 0.7149195312086384
 0.7149195312086384
 0.7149195312086384
 0.7149195312086384
 0.7149195312086384
 0.7149195312086384
 0.7149195312086384
 0.7149195312086384
 0.7149195312086384
 0.7149195312086384
 0.7149195312086384
 0.7149195312086384
 0.7149195312086384
 0.7149195312086384
 0.7149195312086384
 0.7149195312086384
 0.7149195312086384
 0.7149195312086384
 0.7149195312086384
 0.7149195312086384
 0.7149195312086384
 0.7149195312086384
 0.7149195312086384
 0.7149195312086384
 0.7149195312086384
 0.7149195312086384
 0.7149195312086384
 0.7149195312086384
 0.7149195312086384
 0.7149195312086384
 0.7149195312086384
 0.7149195312086384
 0.7149195312086384
 0.7149195312086384
 0.7149195312086384
 0.7149195312086384
 0.7149195312086384
 0.7149195312086384
 0.7149195312086384
 0.7149195312086384
 0.7149195312086384
 0.7149195312086384
 0.7149195312086384
 0.7149195312086384
 0.7149195312086384
 0.7149195312086384
 0.7149195312086384
 0.7149195312086384
 0.7149195312086384
 0.7149195312086384
 0.7149195312086384
 0.7149195312086384
 0.7149195312086384
 0.7149195312086384
 0.7149195312086384
 0.7149195312086384
 0.7149195312086384
 0.7149195312086384
 0.7149195312086384
 0.7149195312086384
 0.7149195312086384
 0.7149195312086384
 0.7149195312086384
 0.7149195312086384
 0.7149195312086384
 0.7149195312086384
 0.7149195312086384
 0.7149195312086384
 0.7149195312086384
 0.7149195312086384
 0.7149195312086384
 0.7149195312086384
 0.7149195312086384
 0.7149195312086384
 0.7149195312086384
 0.7149195312086384
 0.7149195312086384
 0.7149195312086384
 0.7149195312086384
 0.4685418676358356
 0.5884851258495308
 0.7149195312086384
 0.7149195312086384
 0.7124702780700148
 0.7105598044512158
 0.7093412356876498
 0.7090755641630689
 0.7087424808767609
 0.7086654313671318
 0.7086770672313963
 0.708716926339014
 0.7086679004329149
 0.7086884080829318
 0.708672853901675
 0.7086103154181724
 0.7086130117083533
 0.7086793290914801
 0.7086124904139574
 0.7086316224898247
 0.7086272063516196
 0.7086197072247921
 0.7086574909107137
 0.7086372446799698
 0.7086239715126248
 0.708636157730443
 0.7086476973545826
 0.7086038427972314
 0.7086378006215874
 0.7086539933307048
 0.7086774201104487
 0.7086319940961355
 0.7085861545839163
 0.7086732392979527
 0.7086305949696662
 0.7086711878313767
 0.7085878235525009
 0.7086690646988639
 0.7086351055210911
 0.7086416636365107
 0.7086343191172833
 0.7085957156878818
 0.7086700774335528
 0.7086044950463104
 0.708634466261323
 0.7086517058294574
 0.7086026308609948
 0.7086020579582671
 0.7086223437797516
 0.7085986696654474
 0.7086314955599754
 0.7086724522648165
 0.7085981246643147
 0.7085939103543485
 0.7086552556043193
 0.7086414994215821
 0.7086286351036453
 0.7086451256236266
 0.7086362103497138
 0.7086224844381441
 0.7086186144391993
 0.7086298229031863
 0.7086418525880437
 0.7086180557234067
 0.7086523439790433
 0.7086357047204858
 0.7086292833570387
 0.7085970714060583
 0.7086704647615468
 0.7086022711710095
 0.7086678969272476
 0.7086310729862479
 0.7086804215629096
 0.7086012177067196
 0.7086303111854636
 0.7086355815588015
 0.7085904886794631
 0.7086642391768433
 0.7086775019770191
 0.708635467712154
 0.7086216156150013
 0.7086246982152911
 0.7086434996421808
 0.7086437662690832
 0.708604001012615
 0.7085821011996207
 0.7086159569606171
 0.7086127906249352
 0.7086359400295608
 0.7086217592096139
 0.7086303393748922
 0.7086061665490409
 0.7086325402328917
 0.7086264225676637
 0.7086310368861573
 0.7086441708256733
 0.7086436853999588
 0.7086365946815567
 0.7086136705017622
 0.7086148243035207
 0.4685418676358356
 0.6419772730459464
 0.5884851258495308
 0.5884851258495308
 0.7149195312086384
 0.7149195312086384
 0.704523390815081
 0.7059598707103539
 0.7059598707103539
 0.7059598707103539
 0.7059598707103539
 0.7059598707103539
 0.7059598707103539
 0.7059598707103539
 0.7059598707103539
 0.7059598707103539
 0.7059598707103539
 0.7059598707103539
 0.7059598707103539
 0.7059598707103539
 0.7059598707103539
 0.7059598707103539
 0.7059598707103539
 0.7059598707103539
 0.7059598707103539
 0.7059598707103539
 0.7059598707103539
 0.7059598707103539
 0.7059598707103539
 0.7059598707103539
 0.7059598707103539
 0.7059598707103539
 0.7059598707103539
 0.7059598707103539
 0.7059598707103539
 0.7059598707103539
 0.7059598707103539
 0.7059598707103539
 0.7059598707103539
 0.7059598707103539
 0.7059598707103539
 0.7059598707103539
 0.7059598707103539
 0.7059598707103539
 0.7059598707103539
 0.7059598707103539
 0.7059598707103539
 0.7059598707103539
 0.7059598707103539
 0.7059598707103539
 0.7059598707103539
 0.7059598707103539
 0.7059598707103539
 0.7059598707103539
 0.7059598707103539
 0.7059598707103539
 0.7059598707103539
 0.7059598707103539
 0.7059598707103539
 0.7059598707103539
 0.7059598707103539
 0.7059598707103539
 0.7059598707103539
 0.7059598707103539
 0.7059598707103539
 0.7059598707103539
 0.7059598707103539
 0.7059598707103539
 0.7059598707103539
 0.7059598707103539
 0.7059598707103539
 0.7059598707103539
 0.7059598707103539
 0.7059598707103539
 0.7059598707103539
 0.7059598707103539
 0.7059598707103539
 0.7059598707103539
 0.7059598707103539
 0.7059598707103539
 0.7059598707103539
 0.7059598707103539
 0.7059598707103539
 0.7059598707103539
 0.7059598707103539
 0.7059598707103539
 0.7059598707103539
 0.7059598707103539
 0.7059598707103539
 0.7059598707103539
 0.7059598707103539
 0.7059598707103539
 0.7059598707103539
 0.7059598707103539
 0.7059598707103539
 0.7059598707103539
 0.7059598707103539
 0.7059598707103539
 0.7059598707103539
 0.7059598707103539
 0.4763026082002838
 0.6258307565319032
 0.6957572921968188
 0.5563558279236418
 0.5374910436501736
 0.4853751618526989
 0.6978978291535717
 0.6920375311990797
 0.6893551932358921
 0.6891567848170612
 0.6890722969273504
 0.6891995717928954
 0.6890472019159212
 0.6890487403659443
 0.6890451709859685
 0.6891109158145157
 0.6890189427027922
 0.6889952240404023
 0.6889949597798287
 0.688995020221383
 0.6889947715671338
 0.6889947517107394
 0.6889947353821029
 0.688994772042255
 0.6889947762951706
 0.6889947297875023
 0.6889947474837798
 0.6889947598371846
 0.6889947584173227
 0.688994755701588
 0.6889947671943933
 0.6889947435166848
 0.6889947611937315
 0.6889947771064463
 0.6889947524431249
 0.6889947765108491
 0.6889947541632879
 0.6889947738880265
 0.6889947589735383
 0.6889947486405371
 0.6889947525417254
 0.6889947402490598
 0.688994775991953
 0.6889947691967943
 0.6889947583038342
 0.6889947547845312
 0.6889947428911828
 0.6889947742363232
 0.6889947586083781
 0.6889947055322888
 0.6889947700168786
 0.6889947946625097
 0.6889947589212967
 0.6889947472606495
 0.688994774387688
 0.6889947578817607
 0.688994767900163
 0.6889947759957941
 0.6889947772735823
 0.688994758247472
 0.6889947607398088
 0.6889947718869547
 0.6889947578969082
 0.6889947744847554
 0.6889947548754521
 0.6889947569944845
 0.6889947557229289
 0.688994748144746
 0.6889947703031329
 0.688994763406064
 0.6889947680610324
 0.6889947655666464
 0.688994775680831
 0.6889947238290128
 0.6889947526926506
 0.688994779958705
 0.6889947645364851
 0.6889947548931513
 0.6889947490476575
 0.6889947534817268
 0.6889947770344867
 0.688994730301668
 0.6889947369138358
 0.6889947603403972
 0.6889947843615892
 0.688994731384405
 0.6889947771069161
 0.6889947562347531
 0.6889947766877249
 0.6889947382416846
 0.6889947888177032
 0.688994769198209
 0.688994735593959
 0.6889947673735681
 0.6889947623928566
 0.6889947695859839
 0.6889947438325588
 0.688994780522634
 0.688994752914779
 0.6889947678652263
 0.4983284079964782
 0.5330862781682653
 0.5078772409899329
 0.5197721542299941
 0.4915435174584679
 0.4666234954004631
 0.4953540461516548
 0.404423344445686
 0.5033268025311435
 0.5386793042099747
 0.4276673360042319
 0.5373630248596241
 0.5420083093180093
 0.5553310856119842
 0.5009257479486479
 0.5601470951876988
 0.4657479199735668
 0.5073440177408239
 0.4868745762401818
 0.4904154398824113
 0.4539574835198745
 0.4645316713425
 0.5046153784465556
 0.4892099184726605
 0.4735816319397058
 0.5611390451084354
 0.5164264866076447
 0.4934468020251246
 0.5187057268437191
 0.5228536243525433
 0.5166144889640998
 0.4987642470488236
 0.5592601901739097
 0.4964829269693138
 0.5314535752641371
 0.4829505194952729
 0.5023804770308523
 0.5448717616141545
 0.5446177930600953
 0.528334049055631
 0.4885740144951104
 0.494538462083125
 0.5079468538840713
 0.4580971691943974
 0.5337348609567831
 0.5326824755536947
 0.5216470239936662
 0.4633515204419618
 0.4859253325041465
 0.5200113465039466
 0.5392217656209776
 0.5441573535720807
 0.49104246957734
 0.5184770326601666
 0.4784165539109582
 0.4749210738059508
 0.4448032221517659
 0.4869355306483229
 0.5452588166345196
 0.5058857148141299
 0.5013372346314073
 0.5593644816598918
 0.4133038514071151
 0.5070374392830087
 0.5409494142653765
 0.5085361579282008
 0.5243421261571457
 0.4943950499813494
 0.5069605818317808
 0.4737308298115734
 0.5324836181020796
 0.5129426330585187
 0.5075750544213871
 0.5187728927542422
 0.4908352054520347
 0.5317902543496856
 0.4967264665086611
 0.4817370000248048
 0.4375002344080245
 0.5180780890715845
 0.4750394833846764
 0.5148265856739163
 0.4824261948542888
 0.5019560476172295
 0.4821561267221558
 0.5302968566850601
 0.5454466421417169
 0.5285006828549308
 0.4643652695433325
 0.5345170295950251
 0.4894037789933665
 0.4781407390114487
 0.5378688723594812
 0.5072434283142055
 0.4493827631274467
 0.463218253676987
 0.4780901984342903
 0.5287012862298172
 0.5294507314251987
 0.4731871473387211


# name: PF
# type: matrix
# ndims: 3
 100 5 2
 0.0001914578088091855
 0.8327761928767488
 0.2953011382795427
 0.832248131159937
 0.8328595481659398
 0.8324927412044418
 0.3197135902316057
 0.8330073905483164
 0.8331083911446817
 0.833115071791186
 0.8331197001819044
 0.8331203028651116
 0.8331206670168068
 0.8331211099166115
 0.8331212205278375
 0.8331212259253138
 0.8331212312672731
 0.8331212330258118
 0.8331212336085326
 0.8331212325571964
 0.8331212337020493
 0.8331212338100238
 0.8331212338298879
 0.833121233857793
 0.8331212338507309
 0.8331212338598779
 0.8331212338606864
 0.8331212338598003
 0.8331212338609838
 0.8331212338609852
 0.833121233861038
 0.8331212338610502
 0.8331212338610423
 0.83312123386105
 0.8331212338610294
 0.8331212338610542
 0.8331212338610543
 0.8331212338610544
 0.8331212338610539
 0.8331212338610549
 0.8331212338610549
 0.8331212338610549
 0.8331212338610549
 0.8331212338610549
 0.8331212338610549
 0.8331212338610549
 0.8331212338610549
 0.8331212338610549
 0.8331212338610549
 0.8331212338610549
 0.8331212338610549
 0.8331212338610549
 0.8331212338610549
 0.8331212338610549
 0.8331212338610549
 0.8331212338610549
 0.8331212338610549
 0.8331212338610549
 0.8331212338610549
 0.8331212338610549
 0.8331212338610549
 0.8331212338610549
 0.8331212338610549
 0.8331212338610549
 0.8331212338610549
 0.8331212338610549
 0.8331212338610549
 0.8331212338610549
 0.8331212338610549
 0.8331212338610549
 0.8331212338610549
 0.8331212338610549
 0.8331212338610549
 0.8331212338610549
 0.8331212338610549
 0.8331212338610549
 0.8331212338610549
 0.8331212338610549
 0.8331212338610549
 0.8331212338610549
 0.8331212338610549
 0.8331212338610549
 0.8331212338610549
 0.8331212338610549
 0.8331212338610549
 0.8331212338610549
 0.8331212338610549
 0.8331212338610549
 0.8331212338610549
 0.8331212338610549
 0.8331212338610549
 0.8331212338610549
 0.8331212338610549
 0.8331212338610549
 0.8331212338610549
 0.8331212338610549
 0.8331212338610549
 0.8331212338610549
 0.8331212338610549
 0.8331212338610549
 0.0001433560174476126
 0.2007423151068168
 0.5429403432890493
 0.8328921302050438
 0.8331058222428069
 0.8329808413229176
 0.8331131491461548
 0.8331165954536091
 0.8331301753225437
 0.8331203300559514
 0.833120507235257
 0.7079233693675204
 0.517805821857433
 0.5019536095452976
 0.5001855104809959
 0.4984971537470065
 0.4995235919896053
 0.4961945371227888
 0.4988241815546234
 0.4987971076918979
 0.4966559081876425
 0.4977514342825268
 0.4981582008024469
 0.4983225031754506
 0.4983685021590821
 0.4998672503633108
 0.4970441559826676
 0.4969688068602296
 0.4993081612368583
 0.4960535128850783
 0.4983077904292343
 0.4975117554132115
 0.4973503582425608
 0.4990565695856047
 0.4989625009212864
 0.5007485768573545
 0.4971606246651401
 0.4960457382896917
 0.4998844161567261
 0.4993267019461737
 0.4978378820480683
 0.4979919075056396
 0.4988281264599572
 0.5003602232375435
 0.4982631655055024
 0.4986127711158938
 0.4981491356381738
 0.4982361380207902
 0.5007155690249367
 0.4969851251205981
 0.4998848288617394
 0.4992259092801666
 0.4961997416053119
 0.498835378427301
 0.4988103224625653
 0.4977554372717913
 0.4990445523592399
 0.4995732198361795
 0.4998329644958199
 0.498089569062508
 0.4965258495386052
 0.5004741957001384
 0.4989290016437611
 0.4995032618194907
 0.5007250412926808
 0.5003552456660469
 0.4959530271929602
 0.4979551564796924
 0.4980175011245575
 0.4981087423916192
 0.4986229374550782
 0.4975151559444027
 0.4980911037793091
 0.4989320943015217
 0.501105598812798
 0.4983359010580303
 0.498901358670964
 0.4991699358332081
 0.4995950511346604
 0.4983473078612544
 0.4992611982862475
 0.4996092213245149
 0.4987290116115599
 0.4990382117313458
 0.4979043221614713
 0.4987889560400155
 0.4985195154514777
 0.4962731301267479
 0.4966499405424397
 0.4978490243365447
 0.4984083228580289
 0.4990437640892116
 0.4964484195358148
 0.4974073301739775
 0.4995184606008363
 0.4994850300220534
 0.4962143540405111
 0.4969685606676137
 0.4992664863537379
 0.495709006199932
 9.541247852625482e-05
 0.07344286920123258
 9.113222016462294e-05
 0.2343516636045585
 0.4705438000639561
 0.5202701934188378
 0.5095824158626752
 0.3569681685361389
 0.3651115322236
 0.7875357781743912
 0.3618316990725345
 0.3798046705035228
 0.7996766392733816
 0.5411900753952397
 0.3671158374718173
 0.3562784283409946
 0.356277299159852
 0.369866742781554
 0.3562787701108224
 0.3562559596795059
 0.3562498658064867
 0.3562497886332222
 0.3562498116237982
 0.3562497907056876
 0.3562497899494877
 0.3562497334637525
 0.3562497802734646
 0.3562497896079034
 0.3562497914139734
 0.3562497922976
 0.3562497925430262
 0.3562497925547871
 0.3562497922325744
 0.3562497922379505
 0.3562497925893149
 0.3562497926192916
 0.356249792620574
 0.3562497926205831
 0.3562497926205864
 0.3562497926205883
 0.3562497926205878
 0.3562497926205879
 0.3562497926205879
 0.3562497926205879
 0.3562497926205879
 0.3562497926205879
 0.3562497926205879
 0.3562497926205879
 0.3562497926205879
 0.3562497926205879
 0.3562497926205879
 0.3562497926205879
 0.3562497926205879
 0.3562497926205879
 0.3562497926205879
 0.3562497926205879
 0.3562497926205879
 0.3562497926205879
 0.3562497926205879
 0.3562497926205879
 0.3562497926205879
 0.3562497926205879
 0.3562497926205879
 0.3562497926205879
 0.3562497926205879
 0.3562497926205879
 0.3562497926205879
 0.3562497926205879
 0.3562497926205879
 0.3562497926205879
 0.3562497926205879
 0.3562497926205879
 0.3562497926205879
 0.3562497926205879
 0.3562497926205879
 0.3562497926205879
 0.3562497926205879
 0.3562497926205879
 0.3562497926205879
 0.3562497926205879
 0.3562497926205879
 0.3562497926205879
 0.3562497926205879
 0.3562497926205879
 0.3562497926205879
 0.3562497926205879
 0.3562497926205879
 0.3562497926205879
 0.3562497926205879
 0.3562497926205879
 0.3562497926205879
 0.3562497926205879
 0.3562497926205879
 0.3562497926205879
 0.3562497926205879
 0.3562497926205879
 0.3562497926205879
 0.3562497926205879
 0.3562497926205879
 0.3562497926205879
 4.762715253827271e-05
 0.08082405000071918
 0.2814798994522324
 0.08335487540603184
 0.1756813222132826
 0.1953851214479987
 0.1826641245077115
 0.1820915910141535
 0.1842129237782905
 0.1858593053835908
 0.1952633987567775
 0.1826840182845209
 0.1821969489983398
 0.1817368333320349
 0.1814203938823426
 0.1812910373939311
 0.1812189242335865
 0.1811484371398319
 0.1811443026332563
 0.1811602963561067
 0.1811398875340224
 0.1811378005315669
 0.1811404456981109
 0.1811366464936444
 0.1811358491086973
 0.1811355857052978
 0.1811355475322205
 0.1811355100507049
 0.1811359311367031
 0.1811355584471712
 0.1811356919180758
 0.1811357851377294
 0.1811358265479394
 0.1811353366162951
 0.1811353997711343
 0.1811358133715067
 0.1811348518868074
 0.1811355935418292
 0.1811357175897147
 0.1811356890308302
 0.181135859206958
 0.1811356931588733
 0.1811357193741004
 0.1811358234849289
 0.1811357915869602
 0.1811354612505116
 0.1811358322950186
 0.1811355583873119
 0.1811356442785793
 0.1811353146294777
 0.1811357478419874
 0.181135690419308
 0.1811355184588968
 0.1811356798887182
 0.1811355362711055
 0.1811355521081515
 0.1811356272196838
 0.1811354221400854
 0.1811356606669869
 0.1811358626716741
 0.181135631076122
 0.1811357373314299
 0.1811358848743496
 0.1811356647303185
 0.1811358499667393
 0.1811358100732882
 0.1811355418576049
 0.1811356067447512
 0.1811357201232031
 0.1811356250455869
 0.181135727851705
 0.1811357221253122
 0.1811357440272074
 0.1811355863999791
 0.1811355766592075
 0.1811355890505729
 0.1811358586811677
 0.1811358186873991
 0.1811357101313852
 0.1811356226998543
 0.1811356901387063
 0.1811356389553397
 0.181135460307661
 0.1811355237580213
 0.1811357579505432
 0.1811355956589915
 0.1811354555405995
 0.1811356611526341
 0.1811355778654033
 0.1811356373244909
 0.1811353067209071
 0.1811357265558074
 0.1811358598039175
 0.1811354402752176
 0.1811356280911545
 0.1811356918807543
 0.1811358202934487
 0.1811356769701298
 0.1811354603619851
 0.1811357451087116
 1.924434431536579e-07
 0.0001378818152242237
 0.01020184928725303
 0.0008902724620174822
 0.001213099907081821
 0.001800887319439702
 0.001522424973282233
 0.005343153373844819
 0.001944551768094991
 0.006780929858650432
 0.002657032659656191
 0.0004831126027955971
 0.0004053948857906023
 0.0006526714396893412
 0.0001707219049095301
 2.918204679535525e-05
 4.599930007330032e-06
 1.203520610863686e-06
 5.544708826760809e-07
 2.670847061491343e-08
 1.363273933937268e-08
 1.175405445717759e-08
 1.60453802748226e-09
 1.826694396873246e-10
 1.598368133269752e-10
 3.61198283766297e-10
 3.182642723583567e-11
 1.968460626704943e-11
 2.271434001175146e-11
 1.888210453878519e-12
 4.938630342350703e-13
 6.862037429049562e-13
 8.304468224196171e-14
 1.393677924801939e-13
 7.02181368605892e-14
 3.535209234725722e-14
 7.723924039422514e-15
 6.811391728422933e-15
 2.974877288952626e-14
 1.091531379171506e-14
 9.239570913921469e-15
 7.417569163059579e-15
 9.147196888825704e-15
 7.694718343401186e-15
 4.837872723956194e-15
 3.396642776071213e-15
 1.124442336117304e-14
 9.210189035047112e-15
 7.401522970906793e-15
 7.040131281763062e-15
 3.292993048381598e-15
 5.21734348432612e-15
 7.44624631052182e-15
 4.234812370565444e-15
 9.662301340973567e-15
 6.307562978868919e-15
 4.574384490987904e-15
 2.898451877814123e-15
 8.479436770791882e-15
 3.372627697950659e-15
 6.764933665331929e-15
 5.678739271354483e-15
 5.944680511738021e-15
 7.687481293899845e-15
 5.635181449074878e-15
 7.075232327097281e-15
 9.273831702572011e-15
 9.63026316677662e-15
 9.225042604810163e-15
 9.233309646375365e-15
 3.944327503502265e-15
 9.22715679904651e-15
 2.01461026680394e-15
 9.642406231108458e-15
 9.289769474507548e-15
 8.177432255646044e-15
 9.248407161627226e-15
 9.18416818290746e-15
 9.298280461561559e-15
 9.178313491176038e-15
 1.124501967236791e-14
 7.727325723738687e-15
 7.206258159642154e-15
 2.46336154599569e-15
 6.614663244225438e-15
 1.123233450694983e-14
 1.819670716191046e-15
 1.300446295787738e-15
 3.342920558424556e-15
 9.451329150735044e-16
 7.941293022478702e-15
 7.664658838169025e-15
 1.127304629852666e-14
 7.431013269998399e-15
 9.857891412889952e-15
 4.415765713153275e-15
 9.885430148071084e-15
 6.695653146510105e-15
 5.517613275995981e-15
 7.842928780379954e-15
 3.05311331771918e-16
 0.8331212338610549
 0.8331212338610549
 0.4420801453443427
 0.3910667043917322
 0.5741832355530007
 0.2340926050642316
 0.4090570052733438
 0.5116836550166257
 0.8331212338610549
 0.8331212338610549
 0.8331212338610549
 0.8331212338610549
 0.8331212338610549
 0.8331212338610549
 0.8331212338610549
 0.8331212338610549
 0.8331212338610549
 0.8331212338610549
 0.8331212338610549
 0.8331212338610549
 0.8331212338610549
 0.8331212338610549
 0.8331212338610549
 0.8331212338610549
 0.8331212338610549
 0.8331212338610549
 0.8331212338610549
 0.8331212338610549
 0.8331212338610549
 0.8331212338610549
 0.8331212338610549
 0.8331212338610549
 0.8331212338610549
 0.8331212338610549
 0.8331212338610549
 0.8331212338610549
 0.8331212338610549
 0.8331212338610549
 0.8331212338610549
 0.8331212338610549
 0.8331212338610549
 0.8331212338610549
 0.8331212338610549
 0.8331212338610549
 0.8331212338610549
 0.8331212338610549
 0.8331212338610549
 0.8331212338610549
 0.8331212338610549
 0.8331212338610549
 0.8331212338610549
 0.8331212338610549
 0.8331212338610549
 0.8331212338610549
 0.8331212338610549
 0.8331212338610549
 0.8331212338610549
 0.8331212338610549
 0.8331212338610549
 0.8331212338610549
 0.8331212338610549
 0.8331212338610549
 0.8331212338610549
 0.8331212338610549
 0.8331212338610549
 0.8331212338610549
 0.8331212338610549
 0.8331212338610549
 0.8331212338610549
 0.8331212338610549
 0.8331212338610549
 0.8331212338610549
 0.8331212338610549
 0.8331212338610549
 0.8331212338610549
 0.8331212338610549
 0.8331212338610549
 0.8331212338610549
 0.8331212338610549
 0.8331212338610549
 0.8331212338610549
 0.8331212338610549
 0.8331212338610549
 0.8331212338610549
 0.8331212338610549
 0.8331212338610549
 0.8331212338610549
 0.8331212338610549
 0.8331212338610549
 0.8331212338610549
 0.8331212338610549
 0.8331212338610549
 0.8331212338610549
 0.8331212338610549
 0.8331212338610549
 0.8331212338610549
 0.8331212338610549
 0.8331212338610549
 0.8331212338610549
 3.05311331771918e-16
 0.3910410885167123
 0.8331212338610549
 0.8331212338610549
 0.702761509360136
 0.6010779346060398
 0.5362204946792108
 0.5220803201884787
 0.5043522035008835
 0.5002512991517982
 0.5008706096003391
 0.5029920817364542
 0.5003827133899614
 0.5014742182100201
 0.5006463581773015
 0.4973177926846057
 0.4974613007767762
 0.5009909954652045
 0.4974335552600844
 0.4984518461422552
 0.4982168003845497
 0.4978176647901861
 0.4998286741096029
 0.498751083141015
 0.4980446284217985
 0.4986932310396443
 0.4993074191772301
 0.4969732921226391
 0.4987806727309906
 0.4996425179466482
 0.5008893913323367
 0.4984716246190243
 0.4960318497791237
 0.500666870615072
 0.4983971571259755
 0.500557682792282
 0.49612067942334
 0.5004446806019096
 0.4986372279589221
 0.4989862789026043
 0.4985953721857816
 0.496540732613327
 0.500498582672281
 0.4970080076074894
 0.498603203820735
 0.499520767349413
 0.496908787694159
 0.4968782953613766
 0.4979579935184613
 0.4966979559299218
 0.4984450903929511
 0.5006249813463819
 0.4966689486393342
 0.4964446450434812
 0.4997097015456158
 0.4989775386819525
 0.4982928446763852
 0.4991705406595948
 0.4986960316622286
 0.4979654799595321
 0.497759502068434
 0.4983560644467226
 0.4989963357111052
 0.4977297648250061
 0.4995547323989656
 0.4986691199127546
 0.4983273474937693
 0.4966128897314359
 0.5005191979242493
 0.4968896434551781
 0.5003825268033566
 0.4984225992123467
 0.5010491414658482
 0.4968335735812912
 0.4983820529173146
 0.4986625647212981
 0.4962625288757563
 0.5001878456871069
 0.5008937486212559
 0.4986565053159353
 0.4979192374769783
 0.4980833066449137
 0.4990839989747156
 0.4990981899985029
 0.4969817130218456
 0.4958161113355468
 0.4976180596954987
 0.4974495337719574
 0.4986816440678539
 0.4979268801962392
 0.4983835532792327
 0.4970969721297799
 0.498500692352348
 0.4981750840511331
 0.4984206778111588
 0.4991197222300203
 0.4990938857979197
 0.4987164874462232
 0.4974963645788474
 0.497557774841837
 3.05311331771918e-16
 0.2656564068817312
 0.3910410885167123
 0.3910410885167123
 0.8331212338610549
 0.8331212338610549
 0.5571469788050774
 0.3562497926205879
 0.3562497926205879
 0.3562497926205879
 0.3562497926205879
 0.3562497926205879
 0.3562497926205879
 0.3562497926205879
 0.3562497926205879
 0.3562497926205879
 0.3562497926205879
 0.3562497926205879
 0.3562497926205879
 0.3562497926205879
 0.3562497926205879
 0.3562497926205879
 0.3562497926205879
 0.3562497926205879
 0.3562497926205879
 0.3562497926205879
 0.3562497926205879
 0.3562497926205879
 0.3562497926205879
 0.3562497926205879
 0.3562497926205879
 0.3562497926205879
 0.3562497926205879
 0.3562497926205879
 0.3562497926205879
 0.3562497926205879
 0.3562497926205879
 0.3562497926205879
 0.3562497926205879
 0.3562497926205879
 0.3562497926205879
 0.3562497926205879
 0.3562497926205879
 0.3562497926205879
 0.3562497926205879
 0.3562497926205879
 0.3562497926205879
 0.3562497926205879
 0.3562497926205879
 0.3562497926205879
 0.3562497926205879
 0.3562497926205879
 0.3562497926205879
 0.3562497926205879
 0.3562497926205879
 0.3562497926205879
 0.3562497926205879
 0.3562497926205879
 0.3562497926205879
 0.3562497926205879
 0.3562497926205879
 0.3562497926205879
 0.3562497926205879
 0.3562497926205879
 0.3562497926205879
 0.3562497926205879
 0.3562497926205879
 0.3562497926205879
 0.3562497926205879
 0.3562497926205879
 0.3562497926205879
 0.3562497926205879
 0.3562497926205879
 0.3562497926205879
 0.3562497926205879
 0.3562497926205879
 0.3562497926205879
 0.3562497926205879
 0.3562497926205879
 0.3562497926205879
 0.3562497926205879
 0.3562497926205879
 0.3562497926205879
 0.3562497926205879
 0.3562497926205879
 0.3562497926205879
 0.3562497926205879
 0.3562497926205879
 0.3562497926205879
 0.3562497926205879
 0.3562497926205879
 0.3562497926205879
 0.3562497926205879
 0.3562497926205879
 0.3562497926205879
 0.3562497926205879
 0.3562497926205879
 0.3562497926205879
 0.3562497926205879
 0.3562497926205879
 0.03810013207096595
 0.6283374357446649
 0.276576392373077
 0.2524536676807256
 0.06528484631243615
 0.2978182647099736
 0.2946709165009069
 0.2125431587547055
 0.1848560190129832
 0.1828080438161598
 0.1819359583291659
 0.1832496917349924
 0.1816769271788065
 0.181692807087066
 0.1816559638840325
 0.1823345831632812
 0.1813852350827193
 0.1811404106314059
 0.1811376829291065
 0.1811383068078959
 0.1811357401943516
 0.1811355352362993
 0.181135366691825
 0.1811357450985617
 0.1811357889972313
 0.1811353089442588
 0.1811354916055464
 0.1811356191176106
 0.1811356044617703
 0.1811355764299082
 0.1811356950588486
 0.1811354506571227
 0.1811356331199105
 0.1811357973712329
 0.1811355427959961
 0.1811357912234682
 0.1811355605515476
 0.1811357641506483
 0.1811356102030376
 0.1811355035456167
 0.1811355438137504
 0.1811354169286398
 0.1811357858674133
 0.1811357157276646
 0.1811356032903386
 0.1811355669640328
 0.1811354442006802
 0.1811357677457714
 0.1811356064338476
 0.1811350585815183
 0.1811357241925898
 0.1811359785852287
 0.1811356096637984
 0.1811354893023915
 0.1811357693081622
 0.1811355989336891
 0.1811357023438153
 0.1811357859070614
 0.1811357990964136
 0.1811356027085686
 0.181135628434513
 0.1811357434955486
 0.1811355990900431
 0.1811357703100939
 0.1811355679025189
 0.1811355897752086
 0.1811355766501891
 0.1811354984280521
 0.181135727147313
 0.1811356559556465
 0.1811357040043125
 0.1811356782572158
 0.1811357826560074
 0.1811352474406267
 0.1811355453716046
 0.181135826812297
 0.1811356676238723
 0.181135568085211
 0.1811355077479193
 0.1811355535164625
 0.1811357966284657
 0.1811353142514867
 0.1811353825023996
 0.1811356243117794
 0.1811358722589462
 0.1811353254275177
 0.1811357973760831
 0.1811355819332487
 0.1811357930491845
 0.1811353962084771
 0.1811359182550321
 0.1811357157422692
 0.181135368878607
 0.1811356969082931
 0.181135645497302
 0.1811357197448883
 0.1811354539175805
 0.1811358326331827
 0.1811355476644177
 0.1811357019831971
 0.05499723768894021
 0.2691475547451193
 0.1630966792483647
 0.2396605613017865
 0.1089274627538712
 0.06339020113052546
 0.2972182432147698
 0.5589238613025298
 0.06256784261194084
 0.0753185820912049
 0.1925632894954186
 0.237524550449971
 0.2263198694845652
 0.07691898636041709
 0.05539127782534578
 0.04413585720921385
 0.02211028004754685
 0.02005365768483754
 0.05582826907722087
 0.006892597297267974
 0.007839228118113682
 0.007575151649883085
 0.0007778328610394778
 0.0002649133490290635
 0.002983878453858216
 0.0003577065482954882
 0.0004949545427754981
 9.97275084564669e-06
 8.823390291623517e-06
 1.59852262880426e-05
 6.415097572029434e-05
 2.784105998007822e-06
 9.91048899580475e-07
 3.64322481344998e-08
 2.13194247038545e-07
 1.498777372932036e-06
 3.513233511016423e-08
 1.785659561068736e-07
 3.697208347434129e-08
 2.791412588706507e-09
 2.098889308231947e-09
 9.541770834824853e-11
 2.527883962268399e-11
 1.275308043847609e-11
 6.284702979927372e-11
 4.965017763244872e-12
 1.551143816256456e-12
 3.382217466166293e-13
 5.374333790497676e-13
 1.916260661434521e-13
 1.839186355295785e-14
 7.784029497359679e-15
 1.239758079182862e-14
 9.402255449902919e-15
 9.928147713667013e-15
 1.560004295880768e-14
 1.461678000858058e-14
 8.250399061854319e-15
 4.870940890217001e-15
 6.242321113139604e-15
 7.746516102191681e-15
 4.726545489632666e-15
 3.357096501829804e-15
 6.619162683241253e-15
 9.239354073486972e-15
 7.71138795180315e-15
 1.122685928597877e-14
 3.747897174902204e-15
 7.669754588379707e-15
 1.126887212016259e-14
 7.678319785542342e-15
 1.125233803703218e-14
 3.964412348747559e-15
 9.827371121734485e-15
 4.414803483725194e-15
 9.691900060282421e-15
 1.128258727764453e-14
 7.049455420446438e-15
 7.766628052491287e-15
 2.054888377511777e-15
 2.071368250533556e-15
 9.211381657436846e-15
 9.171591437706628e-15
 9.668914974225729e-15
 7.805605120592141e-15
 1.126426426092952e-14
 9.186987108555922e-15
 9.278222721370577e-15
 5.415373011130598e-15
 9.291992088961143e-15
 1.124577861388865e-14
 4.184153024056059e-15
 5.292017908956059e-15
 1.126030692299995e-14
 1.130367500989937e-14
 1.128920091089669e-14
 5.140148289645152e-15
 9.252472919774046e-15
 1.126551109342788e-14
 9.24997925477733e-15


# name: PV
# type: matrix
# ndims: 3
 100 5 2
 0.4685188753084394
 0.7147771297093668
 0.4991516508920181
 0.7147805937437077
 0.7148609579697067
 0.7148116668101679
 0.6645307259931
 0.7148956681856423
 0.7149139742973513
 0.7149182737385867
 0.7149192245652387
 0.7149193761721853
 0.7149194422546213
 0.7149195091001574
 0.7149195288558209
 0.7149195299212868
 0.7149195308216199
 0.7149195310840843
 0.7149195311711587
 0.7149195310151819
 0.7149195311850078
 0.7149195312010248
 0.7149195312040045
 0.7149195312081511
 0.7149195312070914
 0.714919531208385
 0.7149195312085018
 0.7149195312080256
 0.7149195312086039
 0.7149195312086043
 0.7149195312086301
 0.7149195312086362
 0.7149195312086332
 0.7149195312086365
 0.7149195312086345
 0.7149195312086378
 0.714919531208638
 0.7149195312086382
 0.714919531208638
 0.7149195312086384
 0.7149195312086384
 0.7149195312086384
 0.7149195312086384
 0.7149195312086384
 0.7149195312086384
 0.7149195312086384
 0.7149195312086384
 0.7149195312086384
 0.7149195312086384
 0.7149195312086384
 0.7149195312086384
 0.7149195312086384
 0.7149195312086384
 0.7149195312086384
 0.7149195312086384
 0.7149195312086384
 0.7149195312086384
 0.7149195312086384
 0.7149195312086384
 0.7149195312086384
 0.7149195312086384
 0.7149195312086384
 0.7149195312086384
 0.7149195312086384
 0.7149195312086384
 0.7149195312086384
 0.7149195312086384
 0.7149195312086384
 0.7149195312086384
 0.7149195312086384
 0.7149195312086384
 0.7149195312086384
 0.7149195312086384
 0.7149195312086384
 0.7149195312086384
 0.7149195312086384
 0.7149195312086384
 0.7149195312086384
 0.7149195312086384
 0.7149195312086384
 0.7149195312086384
 0.7149195312086384
 0.7149195312086384
 0.7149195312086384
 0.7149195312086384
 0.7149195312086384
 0.7149195312086384
 0.7149195312086384
 0.7149195312086384
 0.7149195312086384
 0.7149195312086384
 0.7149195312086384
 0.7149195312086384
 0.7149195312086384
 0.7149195312086384
 0.7149195312086384
 0.7149195312086384
 0.7149195312086384
 0.7149195312086384
 0.7149195312086384
 0.3513576568330324
 0.2879013299362847
 0.2887880708849629
 0.3278996943900138
 0.3278923938783709
 0.3279196209805179
 0.3278765367790916
 0.3278564111739232
 0.32788544355065
 0.3279092918997559
 0.3279092773522841
 0.3574445714050368
 0.402294980282054
 0.4060346578003279
 0.4064517685781227
 0.4068500666932235
 0.4066079211251005
 0.4073932738290786
 0.4067729181302209
 0.4067793050264001
 0.4072844326475993
 0.4070259885506932
 0.4069300288179332
 0.406891268460174
 0.4068804169013311
 0.4065268491821999
 0.4071928416670434
 0.4072106171796236
 0.4066587431633177
 0.4074265429783027
 0.4068947393257259
 0.4070825309001034
 0.4071206058945024
 0.4067180958190906
 0.4067402874340524
 0.4063189366074685
 0.4071653656933791
 0.407428377072882
 0.406522799622561
 0.4066543692489519
 0.4070055947943126
 0.4069692588510573
 0.4067719875366121
 0.4064105525994933
 0.4069052667328323
 0.4068227917327822
 0.406932167368961
 0.4069116427512277
 0.4063267234418311
 0.4072067675602678
 0.4065227022618639
 0.4066781471143147
 0.4073920463531055
 0.4067702767345278
 0.4067761876542366
 0.4070250442331245
 0.4067209307871676
 0.4065962135375265
 0.4065349375162611
 0.406946219641536
 0.4073151146591758
 0.40638366550564
 0.4067481902045844
 0.4066127172412957
 0.4063244888515972
 0.4064117268518428
 0.4074502484258591
 0.4069779287372856
 0.4069632210940569
 0.4069416964866656
 0.4068203934050671
 0.4070817286852598
 0.4069458575885126
 0.406747460619757
 0.4062347120272048
 0.406888107784234
 0.406754711421965
 0.4066913517366192
 0.4065910633445955
 0.4068854168202778
 0.4066698221312716
 0.4065877204737312
 0.4067953695902281
 0.4067224265963604
 0.4069899209944841
 0.4067812281788979
 0.4068447915540059
 0.4073747333634703
 0.407285840513558
 0.4070029662316829
 0.4068710228525825
 0.406721116746914
 0.4073333810693656
 0.407107165721042
 0.4066091317167647
 0.4066170182806665
 0.4073885991527232
 0.4072106752586002
 0.4066685746302203
 0.4075078150976002
 0.2342175046448492
 0.2011510318785775
 0.2342309696731862
 0.1523865966375892
 0.1043554750064224
 0.08193740662708454
 0.09957904837309201
 0.1326475605927417
 0.1519326709001951
 -0.1226096063306705
 0.1272148194847131
 0.1162808595154823
 -0.1270434371840001
 0.07254327804061128
 0.1695119439262085
 0.1748350870090378
 0.1748356354173877
 0.1681620403774421
 0.1748347519429734
 0.1748507166976804
 0.1748549767327351
 0.1748550276465223
 0.1748550146798029
 0.1748550241416868
 0.1748550369622794
 0.174855058586381
 0.1748550425551459
 0.1748550399293773
 0.1748550393991753
 0.1748550391353962
 0.1748550390666125
 0.1748550390633357
 0.1748550391532634
 0.1748550391517175
 0.1748550390537033
 0.1748550390452852
 0.1748550390448717
 0.1748550390448813
 0.1748550390448827
 0.1748550390448824
 0.174855039044883
 0.174855039044883
 0.174855039044883
 0.174855039044883
 0.174855039044883
 0.174855039044883
 0.174855039044883
 0.174855039044883
 0.174855039044883
 0.174855039044883
 0.174855039044883
 0.174855039044883
 0.174855039044883
 0.174855039044883
 0.174855039044883
 0.174855039044883
 0.174855039044883
 0.174855039044883
 0.174855039044883
 0.174855039044883
 0.174855039044883
 0.174855039044883
 0.174855039044883
 0.174855039044883
 0.174855039044883
 0.174855039044883
 0.174855039044883
 0.174855039044883
 0.174855039044883
 0.174855039044883
 0.174855039044883
 0.174855039044883
 0.174855039044883
 0.174855039044883
 0.174855039044883
 0.174855039044883
 0.174855039044883
 0.174855039044883
 0.174855039044883
 0.174855039044883
 0.174855039044883
 0.174855039044883
 0.174855039044883
 0.174855039044883
 0.174855039044883
 0.174855039044883
 0.174855039044883
 0.174855039044883
 0.174855039044883
 0.174855039044883
 0.174855039044883
 0.174855039044883
 0.174855039044883
 0.174855039044883
 0.174855039044883
 0.174855039044883
 0.174855039044883
 0.174855039044883
 0.174855039044883
 0.174855039044883
 0.1170983189535665
 0.06464247358201515
 -0.0404226508424877
 0.08309838196844516
 0.04033094410145785
 0.02605285308242847
 0.03528707635442038
 0.03570285019261168
 0.03416348068006983
 0.03296852775689299
 0.0261431158076654
 0.03527307740413113
 0.03562664839478852
 0.03596060860864969
 0.03619028679132302
 0.03628417403126935
 0.03633651335366667
 0.03638767239296875
 0.03639067318864167
 0.03637906506010416
 0.03639387763563368
 0.03639539236566802
 0.03639347252087036
 0.03639622996098352
 0.03639680869706127
 0.03639699987066919
 0.03639702757245122
 0.03639705477700469
 0.03639674916380262
 0.0363970196544306
 0.0363969227839647
 0.03639685512701743
 0.03639682507231845
 0.03639718065487227
 0.0363971348183578
 0.03639683463550919
 0.03639753246180547
 0.03639699418347625
 0.03639690415201113
 0.0363969248794766
 0.03639680136905846
 0.03639692188342566
 0.03639690285694017
 0.03639682729539045
 0.03639685044629595
 0.03639709019786017
 0.03639682090120414
 0.03639701969792009
 0.03639695735976214
 0.03639719661246368
 0.03639688219551918
 0.03639692387174737
 0.03639704867716234
 0.03639693151463805
 0.03639703574941883
 0.03639702425520866
 0.03639696974076612
 0.03639711858342248
 0.03639694546538488
 0.03639679885443728
 0.03639696694184066
 0.03639688982387082
 0.03639678274018104
 0.03639694251630032
 0.03639680807542403
 0.03639683702929009
 0.0363970316948497
 0.03639698460106119
 0.03639690231325649
 0.03639697131868194
 0.0363968967040649
 0.03639690086016587
 0.03639688496420992
 0.03639699936688845
 0.03639700643654506
 0.03639699744314068
 0.03639680175066676
 0.03639683077734129
 0.03639690956511737
 0.03639697302116771
 0.03639692407540246
 0.03639696122326261
 0.03639709088216217
 0.03639704483116415
 0.03639687485893228
 0.03639699264688318
 0.03639709434199978
 0.03639694511291186
 0.03639700556111231
 0.03639696240689991
 0.03639720235234556
 0.03639689764460136
 0.03639680093579747
 0.03639710542130753
 0.03639696910827014
 0.03639692281105894
 0.03639682961170271
 0.0363969336328909
 0.03639709084273479
 0.03639688417927586
 -1.924434431536579e-07
 -0.0001378818152242237
 -0.01020184928725303
 -0.0008902724620174822
 -0.001213099907081821
 -0.001800887319439702
 -0.001522424973282233
 -0.005343153373844819
 -0.001944551768094991
 -0.006780929858650432
 -0.002657032659656191
 -0.0004831126027955971
 -0.0004053948857906023
 -0.0006526714396893412
 -0.0001707219049095301
 -2.918204679535525e-05
 -4.599930007330032e-06
 -1.203520610863686e-06
 -5.544708826760809e-07
 -2.670847061491343e-08
 -1.363273933937268e-08
 -1.175405445717759e-08
 -1.60453802748226e-09
 -1.826694396873246e-10
 -1.598368133269752e-10
 -3.61198283766297e-10
 -3.182642723583567e-11
 -1.968460626704943e-11
 -2.271434001175146e-11
 -1.888210453878519e-12
 -4.938630342350703e-13
 -6.862037429049562e-13
 -8.304468224196171e-14
 -1.393677924801939e-13
 -7.02181368605892e-14
 -3.535209234725722e-14
 -7.723924039422514e-15
 -6.811391728422933e-15
 -2.974877288952626e-14
 -1.091531379171506e-14
 -9.239570913921469e-15
 -7.417569163059579e-15
 -9.147196888825704e-15
 -7.694718343401186e-15
 -4.837872723956194e-15
 -3.396642776071213e-15
 -1.124442336117304e-14
 -9.210189035047112e-15
 -7.401522970906793e-15
 -7.040131281763062e-15
 -3.292993048381598e-15
 -5.21734348432612e-15
 -7.44624631052182e-15
 -4.234812370565444e-15
 -9.662301340973567e-15
 -6.307562978868919e-15
 -4.574384490987904e-15
 -2.898451877814123e-15
 -8.479436770791882e-15
 -3.372627697950659e-15
 -6.764933665331929e-15
 -5.678739271354483e-15
 -5.944680511738021e-15
 -7.687481293899845e-15
 -5.635181449074878e-15
 -7.075232327097281e-15
 -9.273831702572011e-15
 -9.63026316677662e-15
 -9.225042604810163e-15
 -9.233309646375365e-15
 -3.944327503502265e-15
 -9.22715679904651e-15
 -2.01461026680394e-15
 -9.642406231108458e-15
 -9.289769474507548e-15
 -8.177432255646044e-15
 -9.248407161627226e-15
 -9.18416818290746e-15
 -9.298280461561559e-15
 -9.178313491176038e-15
 -1.124501967236791e-14
 -7.727325723738687e-15
 -7.206258159642154e-15
 -2.46336154599569e-15
 -6.614663244225438e-15
 -1.123233450694983e-14
 -1.819670716191046e-15
 -1.300446295787738e-15
 -3.342920558424556e-15
 -9.451329150735044e-16
 -7.941293022478702e-15
 -7.664658838169025e-15
 -1.127304629852666e-14
 -7.431013269998399e-15
 -9.857891412889952e-15
 -4.415765713153275e-15
 -9.885430148071084e-15
 -6.695653146510105e-15
 -5.517613275995981e-15
 -7.842928780379954e-15
 0.4685418676358356
 0.7149195312086384
 0.7149195312086384
 0.5949762729949429
 0.6503046304235273
 0.6537451005564433
 0.6266076382223731
 0.6506426397363557
 0.6525708322433011
 0.7149195312086384
 0.7149195312086384
 0.7149195312086384
 0.7149195312086384
 0.7149195312086384
 0.7149195312086384
 0.7149195312086384
 0.7149195312086384
 0.7149195312086384
 0.7149195312086384
 0.7149195312086384
 0.7149195312086384
 0.7149195312086384
 0.7149195312086384
 0.7149195312086384
 0.7149195312086384
 0.7149195312086384
 0.7149195312086384
 0.7149195312086384
 0.7149195312086384
 0.7149195312086384
 0.7149195312086384
 0.7149195312086384
 0.7149195312086384
 0.7149195312086384
 0.7149195312086384
 0.7149195312086384
 0.7149195312086384
 0.7149195312086384
 0.7149195312086384
 0.7149195312086384
 0.7149195312086384
 0.7149195312086384
 0.7149195312086384
 0.7149195312086384
 0.7149195312086384
 0.7149195312086384
 0.7149195312086384
 0.7149195312086384
 0.7149195312086384
 0.7149195312086384
 0.7149195312086384
 0.7149195312086384
 0.7149195312086384
 0.7149195312086384
 0.7149195312086384
 0.7149195312086384
 0.7149195312086384
 0.7149195312086384
 0.7149195312086384
 0.7149195312086384
 0.7149195312086384
 0.7149195312086384
 0.7149195312086384
 0.7149195312086384
 0.7149195312086384
 0.7149195312086384
 0.7149195312086384
 0.7149195312086384
 0.7149195312086384
 0.7149195312086384
 0.7149195312086384
 0.7149195312086384
 0.7149195312086384
 0.7149195312086384
 0.7149195312086384
 0.7149195312086384
 0.7149195312086384
 0.7149195312086384
 0.7149195312086384
 0.7149195312086384
 0.7149195312086384
 0.7149195312086384
 0.7149195312086384
 0.7149195312086384
 0.7149195312086384
 0.7149195312086384
 0.7149195312086384
 0.7149195312086384
 0.7149195312086384
 0.7149195312086384
 0.7149195312086384
 0.7149195312086384
 0.7149195312086384
 0.7149195312086384
 0.7149195312086384
 0.7149195312086384
 0.7149195312086384
 0.7149195312086384
 0.7149195312086384
 0.7149195312086384
 0.3514064007268766
 0.3436035722579701
 0.3279093399412151
 0.3279093399412151
 0.3586623312124771
 0.3826503696869019
 0.3979508030959346
 0.401286593075182
 0.4054688097823498
 0.4064362487373993
 0.4062901480234625
 0.405789674320147
 0.4064052469771958
 0.4061477515096937
 0.4063430508819308
 0.4071282883924778
 0.407094433587071
 0.4062617479523089
 0.4071009789954469
 0.4068607553318048
 0.4069162046675772
 0.4070103642210475
 0.4065359496556347
 0.4067901627247236
 0.406956821529019
 0.4068038105379211
 0.4066589182216294
 0.4072095590672639
 0.406783182283443
 0.4065798655113665
 0.4062857172497524
 0.4068560894173455
 0.4074316534931562
 0.4063382118196965
 0.4068736569457557
 0.406363970175462
 0.4074106978085407
 0.4063906283736705
 0.4068170221510878
 0.406734678001732
 0.406826896291517
 0.4073116036125797
 0.4063779124070944
 0.4072013693828604
 0.4068250487408085
 0.4066085875347398
 0.4072247762222063
 0.4072319696283562
 0.4069772594551985
 0.4072745132666051
 0.4068623490717438
 0.4063480938620168
 0.4072813563384025
 0.4073342715048911
 0.4065640163168355
 0.4067367398956984
 0.4068982651586376
 0.4066912090528212
 0.4068031498467282
 0.4069754933387251
 0.4070240853122909
 0.4068833510657091
 0.4067323055132565
 0.4070311005863035
 0.406600574884541
 0.4068094985621757
 0.4068901256443367
 0.4072945811216848
 0.4063730490900979
 0.4072292925144626
 0.4064052909945965
 0.4068676549365994
 0.4062480308057201
 0.4072425198847169
 0.4068772201597691
 0.4068110449887766
 0.4073772342906582
 0.4064512179608557
 0.4062846893274504
 0.4068124744551317
 0.4069864023420064
 0.4069476970002398
 0.4067116249879567
 0.4067082772021867
 0.4072075725039999
 0.4074825480658288
 0.4070574527965882
 0.407097209525712
 0.406806544005207
 0.4069845993581507
 0.406876866211361
 0.4071803818793357
 0.4068492320865817
 0.4069260459129646
 0.4068681082118282
 0.4067031975617499
 0.4067092926004892
 0.4067983241496117
 0.4070861617316097
 0.4070716745171813
 0.2342709338179176
 0.1881604330821076
 0.09872201866640926
 0.09872201866640926
 -0.05910085132620824
 -0.05910085132620824
 0.07368820600500181
 0.174855039044883
 0.174855039044883
 0.174855039044883
 0.174855039044883
 0.174855039044883
 0.174855039044883
 0.174855039044883
 0.174855039044883
 0.174855039044883
 0.174855039044883
 0.174855039044883
 0.174855039044883
 0.174855039044883
 0.174855039044883
 0.174855039044883
 0.174855039044883
 0.174855039044883
 0.174855039044883
 0.174855039044883
 0.174855039044883
 0.174855039044883
 0.174855039044883
 0.174855039044883
 0.174855039044883
 0.174855039044883
 0.174855039044883
 0.174855039044883
 0.174855039044883
 0.174855039044883
 0.174855039044883
 0.174855039044883
 0.174855039044883
 0.174855039044883
 0.174855039044883
 0.174855039044883
 0.174855039044883
 0.174855039044883
 0.174855039044883
 0.174855039044883
 0.174855039044883
 0.174855039044883
 0.174855039044883
 0.174855039044883
 0.174855039044883
 0.174855039044883
 0.174855039044883
 0.174855039044883
 0.174855039044883
 0.174855039044883
 0.174855039044883
 0.174855039044883
 0.174855039044883
 0.174855039044883
 0.174855039044883
 0.174855039044883
 0.174855039044883
 0.174855039044883
 0.174855039044883
 0.174855039044883
 0.174855039044883
 0.174855039044883
 0.174855039044883
 0.174855039044883
 0.174855039044883
 0.174855039044883
 0.174855039044883
 0.174855039044883
 0.174855039044883
 0.174855039044883
 0.174855039044883
 0.174855039044883
 0.174855039044883
 0.174855039044883
 0.174855039044883
 0.174855039044883
 0.174855039044883
 0.174855039044883
 0.174855039044883
 0.174855039044883
 0.174855039044883
 0.174855039044883
 0.174855039044883
 0.174855039044883
 0.174855039044883
 0.174855039044883
 0.174855039044883
 0.174855039044883
 0.174855039044883
 0.174855039044883
 0.174855039044883
 0.174855039044883
 0.174855039044883
 0.174855039044883
 0.09050055299684649
 -0.3147953876755229
 -0.03349297123060305
 -0.05025129377963378
 0.08540912617821629
 -0.1020199080693055
 -0.04652873008728728
 0.01360201373374084
 0.03369678404923562
 0.03518316334214544
 0.03581610548496317
 0.03486262414697955
 0.03600410509487542
 0.03599257977618661
 0.03601931983346773
 0.03552679158116806
 0.03621580936365859
 0.03639349803654612
 0.03639547774812732
 0.03639502494942384
 0.03639688774601979
 0.03639703650046042
 0.03639715882665695
 0.03639688418664247
 0.03639685232586917
 0.0363972007386815
 0.03639706816678515
 0.03639697562108821
 0.03639698625800294
 0.03639700660296583
 0.03639692050446189
 0.03639709788632917
 0.03639696545849996
 0.03639684624818687
 0.03639703101378416
 0.03639685071011112
 0.03639701812716128
 0.03639687035902042
 0.03639698209110637
 0.03639705950092173
 0.03639703027511851
 0.0363971223657851
 0.03639685459742825
 0.03639690550345012
 0.03639698710820458
 0.0363970134731082
 0.03639710257228554
 0.0363968677497522
 0.03639698482670886
 0.0363973824469335
 0.0363968993597773
 0.03639671472670591
 0.03639698248247539
 0.03639706983836871
 0.03639686661580033
 0.03639699027017332
 0.03639691521717928
 0.03639685456865246
 0.03639684499608536
 0.03639698753044157
 0.03639696885906743
 0.03639688535007723
 0.03639699015669473
 0.03639686588861843
 0.03639701279197385
 0.03639699691721465
 0.03639700644309038
 0.03639706321514743
 0.03639689721529851
 0.03639694888478118
 0.03639691401202372
 0.03639693269874977
 0.03639685692820216
 0.03639724537678318
 0.03639702914445922
 0.03639682488045351
 0.03639694041621705
 0.03639701265937959
 0.03639705645097488
 0.03639702323308486
 0.03639684678727245
 0.03639719688680196
 0.03639714735165922
 0.03639697185126478
 0.03639679189618764
 0.03639718877546297
 0.03639684624466674
 0.03639700260875178
 0.0363968493850429
 0.03639713740406333
 0.03639675851315174
 0.03639690549285035
 0.03639715723953452
 0.03639691916217216
 0.03639695647523764
 0.03639690258782977
 0.03639709551995432
 0.03639682065577149
 0.03639702748038148
 0.03639691547890872
 -0.05499723768894021
 -0.2691475547451193
 -0.1630966792483647
 -0.2396605613017865
 -0.1089274627538712
 -0.06339020113052546
 -0.2972182432147698
 -0.5589238613025298
 -0.06256784261194084
 -0.0753185820912049
 -0.1925632894954186
 -0.237524550449971
 -0.2263198694845652
 -0.07691898636041709
 -0.05539127782534578
 -0.04413585720921385
 -0.02211028004754685
 -0.02005365768483754
 -0.05582826907722087
 -0.006892597297267974
 -0.007839228118113682
 -0.007575151649883085
 -0.0007778328610394778
 -0.0002649133490290635
 -0.002983878453858216
 -0.0003577065482954882
 -0.0004949545427754981
 -9.97275084564669e-06
 -8.823390291623517e-06
 -1.59852262880426e-05
 -6.415097572029434e-05
 -2.784105998007822e-06
 -9.91048899580475e-07
 -3.64322481344998e-08
 -2.13194247038545e-07
 -1.498777372932036e-06
 -3.513233511016423e-08
 -1.785659561068736e-07
 -3.697208347434129e-08
 -2.791412588706507e-09
 -2.098889308231947e-09
 -9.541770834824853e-11
 -2.527883962268399e-11
 -1.275308043847609e-11
 -6.284702979927372e-11
 -4.965017763244872e-12
 -1.551143816256456e-12
 -3.382217466166293e-13
 -5.374333790497676e-13
 -1.916260661434521e-13
 -1.839186355295785e-14
 -7.784029497359679e-15
 -1.239758079182862e-14
 -9.402255449902919e-15
 -9.928147713667013e-15
 -1.560004295880768e-14
 -1.461678000858058e-14
 -8.250399061854319e-15
 -4.870940890217001e-15
 -6.242321113139604e-15
 -7.746516102191681e-15
 -4.726545489632666e-15
 -3.357096501829804e-15
 -6.619162683241253e-15
 -9.239354073486972e-15
 -7.71138795180315e-15
 -1.122685928597877e-14
 -3.747897174902204e-15
 -7.669754588379707e-15
 -1.126887212016259e-14
 -7.678319785542342e-15
 -1.125233803703218e-14
 -3.964412348747559e-15
 -9.827371121734485e-15
 -4.414803483725194e-15
 -9.691900060282421e-15
 -1.128258727764453e-14
 -7.049455420446438e-15
 -7.766628052491287e-15
 -2.054888377511777e-15
 -2.071368250533556e-15
 -9.211381657436846e-15
 -9.171591437706628e-15
 -9.668914974225729e-15
 -7.805605120592141e-15
 -1.126426426092952e-14
 -9.186987108555922e-15
 -9.278222721370577e-15
 -5.415373011130598e-15
 -9.291992088961143e-15
 -1.124577861388865e-14
 -4.184153024056059e-15
 -5.292017908956059e-15
 -1.126030692299995e-14
 -1.130367500989937e-14
 -1.128920091089669e-14
 -5.140148289645152e-15
 -9.252472919774046e-15
 -1.126551109342788e-14
 -9.24997925477733e-15


