# Created by Octave 4.0.3, Wed May 09 21:54:23 2018 CEST <olethros@olethros-desktop>
# name: results
# type: struct
# ndims: 2
 1 5
# length: 3
# name: PU
# type: cell
# rows: 1
# columns: 5
# name: <cell-element>
# type: matrix
# rows: 61
# columns: 2
 0.4739991266438752 0.4629001263158123
 0.5772902146102232 0.5320591698969837
 0.5505429717264568 0.5243239086137809
 0.5777975896816011 0.5577591256787765
 0.5768417643298854 0.5646260595767126
 0.5866201441209388 0.59342200183056
 0.5777721447323528 0.5935123621791227
 0.5998198641759896 0.5916075917807601
 0.6117634469967754 0.5961091950923629
 0.5530047716389014 0.5947566059788237
 0.6177647797788415 0.6002059822513447
 0.6056858903259288 0.5980792176846271
 0.5790117293662632 0.5968581150618562
 0.6150950823829798 0.5931054767065121
 0.6080340855130441 0.5941044332093453
 0.6021175103784105 0.6014726050093531
 0.608827270261608 0.597661228725234
 0.6125196423398637 0.5954542581167701
 0.6246571807194705 0.5947613526754971
 0.6077085331415495 0.5967792503363264
 0.6251741437608137 0.6077126581445376
 0.6342265568994695 0.5948397420393083
 0.6158936426880063 0.5953854059791495
 0.6241553731440911 0.6029123301347088
 0.6244854800744659 0.6179948955634065
 0.6126404180154312 0.6159033070535079
 0.6095681409302546 0.6165041394531767
 0.6252612696292206 0.6107646712567496
 0.6068928347842647 0.6073824928712348
 0.6209498683812459 0.61356965449687
 0.6291817242883282 0.6173746009818653
 0.616977061587719 0.6175016073032256
 0.6098566394836817 0.6121371488771127
 0.6273755005614217 0.6220283298464975
 0.6258314916013975 0.6116710730755278
 0.6273182274801402 0.6081764177139289
 0.616707588599521 0.6160606119178555
 0.6165298626026081 0.6133678674850934
 0.6187121858059706 0.618228497422537
 0.6183403264258874 0.6108218484515291
 0.612318266842339 0.62511050906535
 0.6279816334459738 0.6095528031473492
 0.6268438387778867 0.6190669612550992
 0.6113134088748936 0.6144083405049744
 0.6082318298499343 0.6164769389216834
 0.6167071540323137 0.6228311980749554
 0.6282334826214652 0.6134847236544113
 0.6234081209602417 0.6123408517318621
 0.6099301297452375 0.6154578669893805
 0.6118694519954871 0.6134313071755864
 0.6162637586932087 0.6132905340053731
 0.6014036808783728 0.6117829720326916
 0.6271952191453211 0.6165959927339317
 0.6233111423504543 0.6132955704999398
 0.617682925021322 0.6129987681966735
 0.6193578485893299 0.6138562037443719
 0.6220767450292218 0.6170907788495962
 0.6051252686538625 0.6120011416112418
 0.6121970000831672 0.6210124060525845
 0.6115171122033219 0.6054551927547105
 0.6148348633480879 0.6053841179982782



# name: <cell-element>
# type: matrix
# rows: 61
# columns: 2
 0.5341156620525683 0.5473932282956856
 0.5822666443229749 0.6003770692607824
 0.5752640196292301 0.5840432994506526
 0.5675701934601651 0.5881741716617932
 0.5640609999819846 0.5821396953283645
 0.5672917892624525 0.5788879950462641
 0.5442397480945254 0.5816378215005417
 0.5843854756738289 0.5892050599731882
 0.5972020424326053 0.5962958151236429
 0.573114386455181 0.5711831504368586
 0.6024260606899007 0.5749711290927684
 0.6038611228830473 0.5640301124648133
 0.5887375262973037 0.5755068880532446
 0.5853497921809566 0.5709228116918806
 0.5891381841430698 0.5633855161209629
 0.5746170178109171 0.5508991734522632
 0.574521371536993 0.5614460592793211
 0.5788734977900919 0.5539223376523575
 0.5917252201339701 0.539524536364779
 0.5714420643591442 0.5613121140481825
 0.5927648294241986 0.5417656284955888
 0.5948579591755696 0.5505067012133765
 0.5975437146000155 0.5502321150454467
 0.6064573193490744 0.5512427130998264
 0.5949753280947668 0.5539299668625032
 0.6049845324595061 0.59539079352706
 0.6170689831249476 0.5892319090209059
 0.5985601248799326 0.5780004610808289
 0.6054745422496408 0.5858501448754591
 0.587639370372894 0.5847169268527259
 0.595735623916098 0.5731316666310808
 0.6068521967659219 0.5780440156085999
 0.5856459262580611 0.5845921664552975
 0.5996492813749049 0.5786169558522833
 0.5897564841255741 0.5783180134875181
 0.5747136479645178 0.5694477694880804
 0.597427023521621 0.571265377589414
 0.5789174427605727 0.5722554526614407
 0.5780764555169499 0.5659730455614984
 0.5824555831016036 0.5841540908651177
 0.5880308072889964 0.5900764594439019
 0.5904596020442905 0.5828761784515631
 0.5865300648389182 0.6044630816702662
 0.601668037444073 0.5901569860498528
 0.5999694950405925 0.5879708436444182
 0.590021426617077 0.5810863338977016
 0.5741201260691288 0.583961835527905
 0.5831074876021464 0.5803304624632619
 0.5788061196132407 0.5716190965828958
 0.5910909366085126 0.5721180163239952
 0.6014362270364028 0.5799157049354451
 0.5948587185353228 0.5806502344732122
 0.5771668697798287 0.5729725944249888
 0.5727942054531268 0.5664585013824084
 0.5869218454533119 0.5858542398396106
 0.5934577505282842 0.5913576186223132
 0.5930055693616553 0.6021653128336739
 0.5769502331595036 0.5903845704124503
 0.5824175453264757 0.5858770330064895
 0.5780768861708491 0.5848989779840771
 0.5900465079070031 0.58807704252916



# name: <cell-element>
# type: matrix
# rows: 61
# columns: 2
 0.4546610830863049 0.4649688913037713
 0.5099906464489513 0.5258766344366194
 0.5647074480737593 0.5474609378968589
 0.5403900183342928 0.5557182984651436
 0.5176294402728233 0.5557280682401541
 0.5492976422083583 0.542198331686412
 0.5621200173880755 0.5498836248637079
 0.5532689300096247 0.5692369121565803
 0.5684476146304427 0.5680977638489448
 0.5583270314416542 0.5676498831880674
 0.5640148542745459 0.5836379663897342
 0.559572556949767 0.5648912418214985
 0.5804209408016692 0.5527128751192041
 0.5573864244585367 0.5678648238559866
 0.5730426099227431 0.5644088784779948
 0.5673945837897367 0.5665228385955736
 0.5556128825704989 0.5653451955356631
 0.5514741281423386 0.5586092938577364
 0.5498250039759033 0.5571009140451075
 0.554563700945683 0.5684748241552127
 0.5573344764067557 0.5510831748942004
 0.5696912447812804 0.5512220948524945
 0.5551309899118654 0.563871937148912
 0.5326526977024656 0.5743325083766047
 0.5763628131479406 0.5563677020564859
 0.5533322162444563 0.5528448243955486
 0.5644157007439239 0.5644828893404543
 0.5682210927709512 0.5468375720614613
 0.5637424926858428 0.5644821412193477
 0.540928589598993 0.5762296800810642
 0.5646665278691243 0.565082987037955
 0.5433775566576154 0.5543886848551993
 0.5396980606115386 0.5536950933193473
 0.5829748638857474 0.5635895493407909
 0.5686048147933207 0.5586262392081378
 0.5542702664136823 0.5751709923439475
 0.5429635077802366 0.539489795846111
 0.5534186256716035 0.5431114162503845
 0.5858885292932419 0.5571473151424333
 0.5531331818098825 0.5502234308754053
 0.5471708718694903 0.5530249191967787
 0.5613029921852205 0.5684040985943032
 0.5504412506275568 0.5711769156548597
 0.5597651785483267 0.5569511611678747
 0.5534608468367562 0.5515053575467033
 0.5666237955119652 0.5596714627366489
 0.5602368255449887 0.5505243269435857
 0.5670677992679061 0.563698981595855
 0.562200606520434 0.5583537518092556
 0.5630112754494774 0.5341836210398094
 0.569424723651522 0.5485712786253747
 0.5538051577932042 0.5593284570022715
 0.5663693786938774 0.5443843850871528
 0.5643319929228734 0.538271984964772
 0.5451998842861837 0.556295091646274
 0.5590800004214835 0.5486555574560977
 0.5789814015839346 0.542012420164463
 0.5434126559336392 0.5541186478345634
 0.5614676567588671 0.5484480226719854
 0.545916339253769 0.5508214969704167
 0.5604511283069086 0.5593983073143667



# name: <cell-element>
# type: matrix
# rows: 61
# columns: 2
 0.5070550871522473 0.5022662044494595
 0.5286346057486415 0.5121743570632071
 0.5075023425551707 0.5133133082313339
 0.5209516999774748 0.5159941489698547
 0.5176305810894956 0.511293946137233
 0.5322865288117271 0.5089155989280653
 0.521572061787093 0.5221900381686099
 0.5309787182011645 0.5108269122565988
 0.5234198931246402 0.5213249410863047
 0.5332867926215288 0.525855891810986
 0.5493675049779048 0.5315364371039237
 0.5133914508044956 0.5070406456544728
 0.5541238088752052 0.5225809222180393
 0.535802229946317 0.5284171592448311
 0.5292277979707004 0.5346327310697224
 0.5220766543713175 0.5380571265968316
 0.533944787404956 0.54583926130628
 0.5191310938406518 0.5311332301615296
 0.5343658527766217 0.530395445619702
 0.5109943942971227 0.5269608236102034
 0.5221017998867242 0.5361146301037207
 0.5389475773453556 0.5299782049816592
 0.5458155439022023 0.5372351339817782
 0.533144236366408 0.5409258399507918
 0.5275654994147543 0.5450976076853126
 0.5486602883584123 0.5271566811071255
 0.5254588692567954 0.5271414228667998
 0.5279777903119193 0.5363675799312154
 0.5264837130104434 0.542946903185429
 0.5132410091803603 0.5490764837111753
 0.5364561682973426 0.5300892946920592
 0.513795363556306 0.5392204983622855
 0.5284220627527659 0.5466516132042877
 0.5222865799501322 0.5528523570617365
 0.525978126945299 0.5564014040995102
 0.5256576120514159 0.5244811892967958
 0.5386101436040306 0.5296025056753577
 0.5311432447056544 0.5231304416891041
 0.5283048037881865 0.5315934045892103
 0.5330457565636871 0.5267115822173817
 0.5381819500049961 0.5306306255429256
 0.5407942192089065 0.5420919779848257
 0.509136250985473 0.5274151327557098
 0.5138966256372639 0.5206547180133049
 0.5166130527963201 0.53713879348806
 0.5230900029821707 0.5435297174995448
 0.5359712666820251 0.5227387341881098
 0.530206842811586 0.5163007097863636
 0.5483767119505333 0.5349162448540242
 0.5265700340015729 0.5385662732675751
 0.5199411189778511 0.5106788888726984
 0.5235117532850415 0.5213669669473462
 0.5245870636863381 0.5293561992594438
 0.5339077893788421 0.5361873156277214
 0.5305521271508975 0.5201262128156977
 0.5321973326822873 0.5341568546108707
 0.5311343094248578 0.5298377086995807
 0.530324060561334 0.5402773847427416
 0.5276996660986554 0.547459044001363
 0.5322630553168924 0.5243165526237801
 0.5531028045405227 0.5271764679843534



# name: <cell-element>
# type: matrix
# rows: 61
# columns: 2
 0.4962162633688753 0.5033745366448502
 0.4921379457760089 0.4956032320973081
 0.5016329977022725 0.4923899323630744
 0.4928701647098643 0.4848169484911233
 0.4987732374537199 0.4867411015324095
 0.5191738553206525 0.4869670272160608
 0.5072066943221506 0.4884677294570363
 0.5054871609827424 0.4899315579506898
 0.504127087499295 0.4902976352733698
 0.5053296661656078 0.4913111273866964
 0.5019509072088063 0.4911771730690409
 0.4998566532019675 0.4917933607640865
 0.5048485108973678 0.4928226522254792
 0.5080907709120784 0.493041494933309
 0.4992181599013317 0.4931344731464168
 0.5018628731970993 0.4926917248311505
 0.5009491407686979 0.4924734562437808
 0.5002166278735363 0.493354841776962
 0.5009690908651236 0.4934575851615472
 0.4988604210215913 0.4942351324100593
 0.4993243907861435 0.4952843195050695
 0.5035187123691438 0.4954271348271627
 0.5031611223975413 0.4956972811535327
 0.500901917250119 0.4965748423964444
 0.5033204085446612 0.4965817967535311
 0.5015052642650036 0.4964472282603334
 0.5025720414912622 0.4961312259592719
 0.5006337757834928 0.4955623350344557
 0.5009071110885842 0.495689040813421
 0.5015151210706208 0.4961442432321885
 0.5019885521394221 0.496786150165766
 0.4966798133885338 0.4973468742134163
 0.4988895414041167 0.4974075105846425
 0.4997704453321211 0.4974203759478502
 0.5022540615761525 0.4976292699014072
 0.5028123236710452 0.4981151090141467
 0.5006367994473978 0.4978528726039316
 0.5017905716607666 0.4976123449490273
 0.4997774453231385 0.498224741681169
 0.4977995749212505 0.4985382818010919
 0.5008941779425129 0.4988035738660599
 0.4998422601796875 0.4983481374470117
 0.5017651193763336 0.4982173410172649
 0.5008019301003528 0.4986041707247508
 0.5011830929846138 0.4985086794700704
 0.4990740063856646 0.4983850343552523
 0.4988088647944267 0.498781762522592
 0.4998331473489314 0.498831370440467
 0.4975071544968435 0.4982359153143313
 0.5003472472875767 0.4981452294167404
 0.5014980823232744 0.4980305598027637
 0.5021367133664776 0.4981275608095097
 0.5018030515640758 0.497830453604311
 0.5004689370232843 0.4975319722971157
 0.5004349537837558 0.5081543699128784
 0.5018872074431009 0.5064831346699448
 0.5002803501399028 0.5050714808018395
 0.4992775773414816 0.5040256762043613
 0.4987966658448088 0.4983961470056881
 0.4992069838634838 0.4991387172588925
 0.5026043743980204 0.4987041259170543





# name: PV
# type: cell
# rows: 1
# columns: 5
# name: <cell-element>
# type: matrix
# rows: 61
# columns: 2
 0.4739991266438752 0.4629001263158123
 0.5772902146102232 0.5320591698969837
 0.5505429717264568 0.5243239086137809
 0.5777975896816011 0.5577591256787765
 0.5768417643298854 0.5646260595767126
 0.5866201441209388 0.59342200183056
 0.5777721447323528 0.5935123621791227
 0.5998198641759896 0.5916075917807601
 0.6117634469967754 0.5961091950923629
 0.5530047716389014 0.5947566059788237
 0.6177647797788415 0.6002059822513447
 0.6056858903259288 0.5980792176846271
 0.5790117293662632 0.5968581150618562
 0.6150950823829798 0.5931054767065121
 0.6080340855130441 0.5941044332093453
 0.6021175103784105 0.6014726050093531
 0.608827270261608 0.597661228725234
 0.6125196423398637 0.5954542581167701
 0.6246571807194705 0.5947613526754971
 0.6077085331415495 0.5967792503363264
 0.6251741437608137 0.6077126581445376
 0.6342265568994695 0.5948397420393083
 0.6158936426880063 0.5953854059791495
 0.6241553731440911 0.6029123301347088
 0.6244854800744659 0.6179948955634065
 0.6126404180154312 0.6159033070535079
 0.6095681409302546 0.6165041394531767
 0.6252612696292206 0.6107646712567496
 0.6068928347842647 0.6073824928712348
 0.6209498683812459 0.61356965449687
 0.6291817242883282 0.6173746009818653
 0.616977061587719 0.6175016073032256
 0.6098566394836817 0.6121371488771127
 0.6273755005614217 0.6220283298464975
 0.6258314916013975 0.6116710730755278
 0.6273182274801402 0.6081764177139289
 0.616707588599521 0.6160606119178555
 0.6165298626026081 0.6133678674850934
 0.6187121858059706 0.618228497422537
 0.6183403264258874 0.6108218484515291
 0.612318266842339 0.62511050906535
 0.6279816334459738 0.6095528031473492
 0.6268438387778867 0.6190669612550992
 0.6113134088748936 0.6144083405049744
 0.6082318298499343 0.6164769389216834
 0.6167071540323137 0.6228311980749554
 0.6282334826214652 0.6134847236544113
 0.6234081209602417 0.6123408517318621
 0.6099301297452375 0.6154578669893805
 0.6118694519954871 0.6134313071755864
 0.6162637586932087 0.6132905340053731
 0.6014036808783728 0.6117829720326916
 0.6271952191453211 0.6165959927339317
 0.6233111423504543 0.6132955704999398
 0.617682925021322 0.6129987681966735
 0.6193578485893299 0.6138562037443719
 0.6220767450292218 0.6170907788495962
 0.6051252686538625 0.6120011416112418
 0.6121970000831672 0.6210124060525845
 0.6115171122033219 0.6054551927547105
 0.6148348633480879 0.6053841179982782



# name: <cell-element>
# type: matrix
# rows: 61
# columns: 2
 -0.05577179688618839 -0.07362408388729491
 -0.4082529740968118 -0.3509588245277587
 -0.1215786359520797 -0.3708653593203306
 -0.2407806797625746 -0.4906013338680093
 -0.3407150676559045 -0.4397776538279474
 -0.158657252640192 -0.484843944071486
 -0.1694858116742889 -0.4345161465574725
 -0.1716497221990491 -0.4191164519904113
 -0.04648874642082018 -0.4758805941962473
 0.02277527430512938 -0.432004651281947
 -0.09457682726916428 -0.4493791812796705
 -0.1549989392138743 -0.4608694119563201
 -0.1011550761343366 -0.354137547216527
 -0.08574021814908483 -0.4501441839066529
 -0.1342628829331917 -0.4085889412254981
 0.02593243024166908 -0.5223997760129935
 -0.09054527196685846 -0.4661756413508019
 0.007157398370635171 -0.5226323100214126
 -0.1472742121627314 -0.4936261743778348
 0.01932799720376738 -0.4824397670816697
 -0.1672345362875318 -0.5631635806862304
 -0.1719734656497725 -0.4815303208008986
 -0.05080555673449011 -0.3527917468172784
 -0.3011178083456516 -0.01889355193643494
 -0.2418171051636064 -0.02980251052025384
 -0.08598617522468155 -0.3411120827125228
 -0.2245822318507831 -0.5089647538982759
 -0.04746468700451184 -0.4655946319538535
 -0.2710580684923739 -0.4295408185919735
 -0.1713778432668905 -0.5435012685480012
 -0.1741721903004202 -0.4405009636536369
 -0.2906633510744553 -0.3819660352432998
 -0.2782837348453392 -0.4722539248069019
 -0.2495655579940366 -0.389475176148264
 -0.2073176866543619 -0.5471093639064165
 -0.0821148876499383 -0.4308977804147517
 -0.3226475776090461 -0.4328454643652232
 -0.01951095353233601 -0.4363324139039197
 0.002950930865788015 -0.4289921009459813
 -0.07778056476547185 -0.2902280859024223
 -0.2655375638009496 -0.281725892131869
 -0.1281528691755944 -0.2284478461449859
 -0.1882524886619655 -0.2647545858893998
 -0.2242038467745943 -0.252389648135274
 -0.2146730111085569 -0.2898567521537411
 -0.1635243959958249 -0.3218969066110489
 0.02599723991373581 -0.216934310262478
 -0.02889226321233329 -0.2474499316706937
 -0.03992143877538051 -0.2154630468954941
 -0.2560651242314858 -0.1762098623029817
 -0.2308196156495873 -0.2416137347273323
 -0.08783511616617723 -0.1087038427055732
 -0.07302066147048558 -0.1232532476158199
 -0.183474835928947 -0.2660977657771302
 -0.1199300401387945 -0.2390318052746262
 -0.2880254791738621 -0.3143777527009708
 -0.3860500667761001 -0.2563460803391451
 -0.1262203828007744 -0.2271320982852519
 -0.2062967434420651 -0.2857282351171605
 -0.1411489184007925 -0.3541580363856034
 -0.1313913139075491 -0.3028510731795747



# name: <cell-element>
# type: matrix
# rows: 61
# columns: 2
 -0.2835554489394367 -0.2443003916578557
 -0.166202568093607 -0.6781294436186678
 -0.579985862578755 -0.7510339669013868
 -0.3559832367940671 -0.9246450022003428
 -0.2814177996147938 -1.012358860283302
 -0.3443839395827337 -0.9828616884508852
 -0.4624632335398023 -1.171849742632095
 -0.3203489596113082 -1.108149050589305
 -0.5203501601993075 -1.007101829131634
 -0.6397593110694091 -0.8699515169509764
 -0.4473985675064371 -1.106007169790498
 -0.4131082938918161 -0.7863678400966749
 -0.4697514584603582 -0.6647880319772891
 -0.3785640563237298 -0.9144475520212019
 -0.4671968617002744 -0.8519415640108664
 -0.5186538567847644 -0.8846222013361392
 -0.3890288532144264 -1.077178554779553
 -0.3682178726377969 -0.9612290470965812
 -0.2824705544213115 -0.9458738741505331
 -0.4044920759608009 -0.6298889068857769
 -0.5527067650643789 -0.5148769634759836
 -0.6011940260629174 -0.3827296833756519
 -0.4102038426063984 -0.6865080548325848
 -0.2683111556137605 -0.8855709754774893
 -0.5042000467402019 -0.4293702754922496
 -0.4239263303298556 -0.3064005709707699
 -0.583925758142585 -0.3746910672339019
 -0.6893391096764723 -0.4795832448397249
 -0.4902057209991318 -0.4694049137207115
 -0.3848124242743146 -0.5443905548275407
 -0.6198514490468118 -0.4453883782555502
 -0.2609288107284253 -0.4970714575116734
 -0.1821071002145571 -0.4961219071088526
 -0.6985614324309275 -0.5221484576903865
 -0.7187612058581226 -0.4409847287928188
 -0.3780509455696499 -0.5352583107091422
 -0.2893459540658964 -0.3749885027219117
 -0.3240788457689389 -0.3914109581747078
 -0.8012939056725266 -0.4670638016390112
 -0.4372389373321056 -0.4547961626825002
 -0.2443695869162622 -0.306503140842352
 -0.4037173275381559 -0.4503391498452279
 -0.3456124755788206 -0.6572184347072287
 -0.3817590108742637 -0.5470234065715494
 -0.3721624130780669 -0.3742375548121402
 -0.7015158012966742 -0.5565289964140707
 -0.4637160173921979 -0.6546829618817156
 -0.49405055505254 -0.4469088640550116
 -0.4050561520943144 -0.482350472325382
 -0.452946801702917 -0.3787952639803777
 -0.92563802220254 -0.3449352298514089
 -0.314155931649429 -0.4913632374698571
 -0.3908905432953049 -0.2230587216369775
 -0.4877127453619547 -0.3046316604243332
 -0.2399833777701774 -0.4743192897981761
 -0.3653406262177343 -0.3550667091187374
 -0.6726167717564029 -0.3832218781392988
 -0.377893093071495 -0.4176938874315947
 -0.3966114250706897 -0.4349365859288545
 -0.5180264405309247 -0.3351117618959463
 -0.5182407960982021 -0.4500560185806871



# name: <cell-element>
# type: matrix
# rows: 61
# columns: 2
 -0.7172462704857698 -1.161134686851367
 -0.5822573607461623 -0.3710887554211027
 -0.2459171534361543 -0.4716204355073563
 -0.6210624699907341 -0.6701328530493211
 -0.2838000855083253 -0.5440019564646439
 -0.559823758214103 -0.7682005762861912
 -0.5637849631471621 -0.7883129045770922
 -0.5957535329910673 -0.3752675822305207
 -0.3636230607002935 -0.4028752978326583
 -0.7381301598932557 -0.4040481583115547
 -0.8018712310160536 -0.3589254915054105
 -0.4356753702048781 -0.2576666620314675
 -0.7393233216414786 -0.3358600125549756
 -0.5436550309982346 -0.3140433908439891
 -0.5701029342538376 -0.3804649741855844
 -0.22566905627194 -0.3628248249040988
 -0.4657188090567491 -0.4262895972996829
 -0.3684010461669265 -0.2604503193000686
 -0.6084189479833704 -0.315310397834291
 -0.046488849737575 -0.4324731469616657
 -0.109046901881445 -0.5259648952959372
 -0.5030714202230069 -0.2306029095805895
 -0.4815748203737244 -0.2827596568027292
 -0.6120373321926486 -0.3052178825935805
 -0.3721900187738761 -0.3356641868053581
 -0.733158423763605 -0.3638180909660386
 -0.4017761885257282 -0.3334034356147666
 -0.3386896657272153 -0.4261581985586865
 -0.4539268905245566 -0.4968900792002193
 -0.2687074145920249 -0.5710310074988667
 -0.6123378994056018 -0.4113482894447584
 -0.205290390080066 -0.5019950580293252
 -0.6176845310892984 -0.583213217697613
 -0.3846063115391055 -0.6704103956045673
 -0.4111691580126761 -0.7042499699371674
 -0.4057842462884376 -0.3865567450197992
 -0.50273688495564 -0.403401146992283
 -0.5356826640660733 -0.3461392306259974
 -0.43399739866471 -0.3947403342914257
 -0.288141190157566 -0.3730750844590096
 -0.4675372372560858 -0.2359488237447957
 -0.3362411539105618 -0.3458419433624417
 -0.2054795817708742 -0.4769452210753709
 -0.1649404204111483 -0.516557056491702
 -0.3111302084695881 -0.5474276280084251
 -0.4192882743741638 -0.6197802394380112
 -0.5132850931839252 -0.5716998698933383
 -0.3812482374724965 -0.4301946465356753
 -0.6624289891590478 -0.4093436570097813
 -0.6349027396807079 -0.5759074548118774
 -0.5447909023042681 -0.297477120575521
 -0.408844072425639 -0.3870880102721667
 -0.3328676023929323 -0.4801695229588045
 -0.4386456791318766 -0.5668216478015876
 -0.417984186366571 -0.5001831759784413
 -0.4237024193280898 -0.6125085976798297
 -0.4856918525059511 -0.566084044418643
 -0.5285296885583344 -0.7079987899068696
 -0.4467248414322256 -0.8119341530211645
 -0.3791152111794364 -0.7092118567646772
 -0.794405964501293 -0.5003120298473046



# name: <cell-element>
# type: matrix
# rows: 61
# columns: 2
 -0.5318665840400109 -0.7386687697727644
 -0.8329898412497181 -0.8606683450525563
 -0.2489847136875311 -0.6229034757144426
 -0.402255567717689 -0.6445382146789249
 -0.2129973973290294 -0.6136137541463758
 -0.5525225663025439 -0.6421064263968943
 -0.2263531017338795 -0.6414636474548494
 -0.2123790778993987 -0.620706391452249
 -0.234893162285649 -0.5706903494942154
 -0.3562360943106544 -0.5322961481998566
 -0.1638693888172773 -0.5325259626336321
 -0.1769480500436262 -0.5109955677507647
 -0.1549304356655898 -0.5282261975678999
 -0.1261656700848752 -0.5388799217155592
 -0.2831732671011699 -0.5239730967179564
 -0.147354722784916 -0.5510556418297272
 -0.251865120368832 -0.5875891464945868
 -0.1423471329733983 -0.5567807927136836
 -0.09403576712385062 -0.5609969790071532
 -0.1568949850029901 -0.5419025541389884
 -0.1516271865283615 -0.5571428843715669
 -0.08982332363210044 -0.5604390323865713
 -0.1074467230324644 -0.5595192128695009
 -0.09748061351887843 -0.569163461998775
 -0.1915695832555729 -0.5424472148024977
 -0.1483080866342206 -0.5343658053907879
 -0.08089942557452576 -0.5133074152397812
 -0.114597565788997 -0.5088780357626124
 -0.1647736042754568 -0.5103763889161674
 -0.08882655721480809 -0.4835691604954976
 -0.09697237228268946 -0.4819064725157644
 -0.1582534126051637 -0.4845406009860844
 -0.1824986885772787 -0.4826924972503439
 -0.1153295444154077 -0.4532999095314406
 -0.1300846374820144 -0.450820448970119
 -0.1105766642562571 -0.4481822754125712
 -0.1301267659761983 -0.4721888346055491
 -0.1368448431672409 -0.4788109410977217
 -0.07925740992221246 -0.475051339188027
 -0.2064478861787007 -0.4840992185780524
 -0.1243812373904995 -0.5032324545769407
 -0.126216011572932 -0.5041912867232933
 -0.09229330402810006 -0.5007726355275153
 -0.1355881744306918 -0.4955693782331244
 -0.06932563892213781 -0.5081127900370023
 -0.1201258592476545 -0.5091558636381868
 -0.1623271752017879 -0.5100621884056667
 -0.157621924791967 -0.5137614812653664
 -0.1112562323317992 -0.5000351214773324
 -0.07378888724193904 -0.4968106436088189
 -0.09288214388218145 -0.5045760518311129
 -0.1711304144810975 -0.5088215469422186
 -0.07406336807159149 -0.5059619532806691
 -0.1206140136455132 -0.5043152781781519
 -0.07295381064274103 -0.6089806004567592
 -0.1381159517754674 -0.5251274753481472
 -0.1073091821426864 -0.4702164783407702
 -0.1024066598833516 -0.4272997009707099
 -0.1048094108516023 -0.3787780131929567
 -0.08368470861218916 -0.3328590450965794
 -0.123108071262057 -0.3193120577223863





# name: PF
# type: cell
# rows: 1
# columns: 5
# name: <cell-element>
# type: matrix
# rows: 61
# columns: 2
 1.954535628569057 1.788477307669932
 2.982209134753183 3.026319039923658
 2.358007891767839 2.462131088043424
 2.824314863866609 2.699580837701604
 2.846613602901258 2.750890439057171
 3.124067413490523 3.160311411779241
 3.182934748873391 3.302834680117128
 3.078060181847211 3.253744162411845
 3.298156488088456 3.253297322807018
 2.826048228009744 3.127174589154503
 3.206017980011815 3.327144435803819
 2.419968875655193 3.297810091021655
 2.461079493461447 3.169241979096026
 3.655956427510012 2.917784504564688
 3.132089181866632 3.30418208212378
 3.344171000971166 3.357549339946973
 3.547814700514392 3.256684032910576
 3.526665193102843 3.24454803225008
 3.516009218202344 3.06641796427888
 3.059267141763175 3.299129874885028
 3.546050475949839 3.797205752926759
 3.394153321671078 3.292629627985022
 3.722441552492831 3.31192077332115
 3.832744877839164 3.415311685431541
 3.871125387402205 3.511872621705119
 3.522508822087445 3.533764454100226
 3.443445672097895 3.270596573288004
 3.759371895873081 3.659522989047017
 3.125227770085659 3.624506763349387
 3.731271793961244 3.814841300668694
 3.393869499558495 3.748973787622834
 3.517440885447638 3.62894014772429
 3.726214559812706 3.732860494089082
 3.325786131526398 3.390404163482055
 3.413510927960246 3.443987442633289
 3.475756404744636 3.504819623610854
 3.35763407755743 3.373162283674768
 3.079661179770198 3.565915057148195
 3.472582321601913 3.438307086789951
 3.437672314948896 3.256721629663618
 3.51287749658043 3.419651145362189
 2.881301376800032 3.686726505953893
 3.291247319916066 3.416616736558733
 3.326225104875178 3.637177416698432
 2.598994853070805 3.376110233733785
 2.583226821506717 3.488668627658937
 3.52069283652011 3.482577745232282
 3.650647754524206 3.606179240970934
 3.551537929209044 3.333814410300505
 3.60158721573051 3.439795367227575
 3.105647750853991 3.396963906841432
 3.347547156986781 3.377253509691433
 3.536902890949381 3.604752370645156
 3.282559223148578 3.496788082550063
 3.67672227422308 3.665541017659879
 3.678841473767271 3.754240933727472
 3.375610853655167 3.712679550504839
 3.428447212595659 3.628715048682666
 3.452848221409499 3.36698290864382
 3.702868591827954 3.166256803542133
 3.617575005816207 3.507094661953814



# name: <cell-element>
# type: matrix
# rows: 61
# columns: 2
 1.825434173702459 1.936676020436237
 3.379811829356172 3.204966505893382
 2.212106602696009 3.23559133563328
 2.665833299430794 3.726927850457417
 3.055043270569572 3.505529701296883
 2.336504378348125 3.676039761424736
 2.310662490980732 3.482978050731515
 2.439755315817683 3.44408098788121
 1.977561112981097 3.692409822155918
 1.628242062145025 3.441568056438364
 2.185585491146359 3.522430112396987
 2.431579125504639 3.53556798521972
 2.170832883429258 3.143070853025842
 2.099010249139209 3.513345170702253
 2.304466084161976 3.324512313264881
 1.620121332466075 3.742296624408763
 2.085745202478413 3.549040743241171
 1.707990899887735 3.752296253042723
 2.364272509052836 3.593078306605677
 1.637014204262363 3.613695410471226
 2.447232633422723 3.877951208231688
 2.472467740125799 3.577641386843724
 1.995853370738007 3.061863332405454
 3.02384319142983 1.729302347045219
 2.752194404938726 1.780999942668525
 2.158898298277244 3.150620711431271
 2.749535876777975 3.803554742655821
 1.985539122657845 3.596379911057901
 2.900655900718418 3.475713708994271
 2.448429484186244 3.928155854750182
 2.483895632949975 3.48139885450779
 2.983209994595587 3.261996187798998
 2.87007271815554 3.6427921985935
 2.797210076100861 3.293751572149906
 2.59854019899417 3.92339149608822
 2.052600494493307 3.431934430123248
 3.082871381001048 3.445177990229135
 1.814796142411062 3.462096013600001
 1.722425643087698 3.413887540468421
 2.058489008366698 2.913374616205042
 2.826242677070788 2.897132946859182
 2.283990282835249 2.662419919934633
 2.512600149164617 2.872407588568398
 2.701819499430596 2.780029550690654
 2.658600529556005 2.923339539548219
 2.424161863834531 3.0308466281373
 1.618371418552443 2.619622747633627
 1.864891515655772 2.730791114072561
 1.896104113941244 2.576709477330664
 2.797533306751481 2.421193498183912
 2.727587143707558 2.706202053715665
 2.135916620270677 2.176766074241929
 2.023583255221428 2.211930773738246
 2.452281960075168 2.763766567255746
 2.240485696915114 2.713689940617336
 2.932475168280301 3.031583866670823
 3.323216975189366 2.831880259857602
 2.235732230681608 2.679682104378359
 2.572439609747688 2.900544039488111
 2.298826332115717 3.171329079494645
 2.295704779351206 2.975635420305779



# name: <cell-element>
# type: matrix
# rows: 61
# columns: 2
 1.021771980965178 0.9535696746194827
 0.8423957826361653 1.882135521673955
 1.724679173231269 2.049528871699632
 1.252356491922427 2.405008302865829
 1.080465039502411 2.580445788806759
 1.238065521373826 2.507921708588182
 1.48704648446768 2.893583110127898
 1.193966849232241 2.785535013335191
 1.609147935029058 2.582301422112214
 1.837845653580472 2.30755291709002
 1.45881198928742 2.795652305970731
 1.385789144733399 2.137626922014848
 1.519923857722385 1.882288939073782
 1.314514537105996 2.39675992789839
 1.507436333323292 2.268292006499728
 1.604702297359266 2.335767241267852
 1.333670588999352 2.71970230509477
 1.287909873417932 2.481067388050899
 1.114766112818526 2.448848662346174
 1.363547852867285 1.828252637926767
 1.662748006535514 1.580837101846168
 1.772079296907115 1.316681461603798
 1.375538675124662 1.936888046814082
 1.069275008929987 2.345474459331583
 1.584762906628344 1.415108253040985
 1.401184876904167 1.165645966337088
 1.732267217029094 1.313865023808258
 1.946899312123896 1.506004061740911
 1.544153934684106 1.503291968660771
 1.310553438147622 1.665010789736146
 1.804369425962748 1.455859743549055
 1.065235178114466 1.548531599878546
 0.9039122610406527 1.545938907537052
 1.980097728747602 1.607886464721564
 2.006127226509566 1.440595696793775
 1.310372157552982 1.645687613762232
 1.121655415912029 1.289466801289934
 1.201576317209481 1.3259333325998
 2.188476340638295 1.491274918420456
 1.427611056474094 1.459815756240406
 1.035910045702015 1.166031200881483
 1.368737647261532 1.469082398284759
 1.241666201785198 1.885613785069317
 1.323283200296854 1.650997974310974
 1.29778567299289 1.299980467170984
 1.969655398105314 1.67272945556479
 1.487668860329384 1.859890250707017
 1.555168909372986 1.457516709705878
 1.372312910709063 1.52305469646002
 1.468904878855311 1.291774149000565
 2.420700768056602 1.238441738328192
 1.182117021092062 1.542054931941986
 1.348150465284487 0.9905018283611078
 1.539757483646783 1.147535305813438
 1.025166639826538 1.504933671242626
 1.289761252856952 1.258788975693573
 1.92421494509674 1.308456176443061
 1.299198842076629 1.389506422697753
 1.354690506900247 1.418321194529695
 1.581969220315619 1.221045020762309
 1.596932720503313 1.459510344475741



# name: <cell-element>
# type: matrix
# rows: 61
# columns: 2
 1.125346723031776 1.715601650618309
 0.952554682911097 0.6655097929158726
 0.4970569854332627 0.7999316834202531
 1.001733859980137 1.065508520389046
 0.5509436410409322 0.8957672573319363
 0.9238605205560463 1.193905968024277
 0.9255706381252472 1.22514721882566
 0.9713309500551445 0.6706324137262272
 0.6593040453086048 0.7109420441389793
 1.161935810731517 0.7140161750190682
 1.25228414301404 0.6557461343751886
 0.7520309772080027 0.512569097926781
 1.17047236514704 0.6220069908126472
 0.9034741179797519 0.5948635742069293
 0.9365465116620169 0.6854975426040201
 0.4749176264863592 0.6631188087377423
 0.7989400078773174 0.7503325501683372
 0.6642450928361193 0.5243115024539347
 0.9893472149033676 0.5972123456522888
 0.2323165977491409 0.7522844704856222
 0.3194298024708348 0.8799914037624897
 0.8504110860791279 0.4841299477680057
 0.8240382751323666 0.5560912537308984
 0.993764521712334 0.5872657901083712
 0.6721085248367529 0.6292514516355817
 1.160431327804277 0.6608096816570933
 0.7108545411199026 0.6202517217752888
 0.6275788177402601 0.7470001247219872
 0.7807304250362233 0.8435024066621021
 0.5293568891828199 0.9444001712355474
 0.9952692553065833 0.7251608174903642
 0.44498564129219 0.8490669101598621
 0.9997200623699866 0.9598348279982466
 0.6869039420355181 1.078164646493335
 0.7235515863320011 1.12446709461606
 0.7162648657350554 0.6902360564586641
 0.8498525611421969 0.7144023645481632
 0.8912913003233159 0.6358957880643645
 0.7547647994823422 0.7035182472516377
 0.5618701723979838 0.6730039733511399
 0.8027769663431131 0.4914753068407028
 0.6285862782837178 0.6418199171448642
 0.4436848593563233 0.8117320056857311
 0.391219435760619 0.8622943146600376
 0.5870446288915574 0.9089497685072534
 0.7334143668262754 1.007550225083863
 0.863037213139242 0.9365127379204877
 0.6850665975671907 0.7456930986430217
 1.066030889528908 0.7240969576310496
 1.022060330908135 0.9473986975050284
 0.8997015760649744 0.5668624570582609
 0.7196293476625326 0.6899063360120042
 0.6186858244193558 0.8166780970315539
 0.7628301686354495 0.9344913022780239
 0.7341629575390605 0.8402863055764876
 0.7423356699982154 0.9947304151100632
 0.8246339064828875 0.931391295458051
 0.8814809382648905 1.124090848123407
 0.7715330106091859 1.26506521869534
 0.6829079666782125 1.120387993227496
 1.243575554181898 0.8428081957911906



# name: <cell-element>
# type: matrix
# rows: 61
# columns: 2
 0.5318665840400109 0.7386687697727644
 0.8329898412497181 0.8606683450525563
 0.2489847136875311 0.6229034757144426
 0.402255567717689 0.6445382146789249
 0.2129973973290294 0.6136137541463758
 0.5525225663025439 0.6421064263968943
 0.2263531017338795 0.6414636474548494
 0.2123790778993987 0.620706391452249
 0.234893162285649 0.5706903494942154
 0.3562360943106544 0.5322961481998566
 0.1638693888172773 0.5325259626336321
 0.1769480500436262 0.5109955677507647
 0.1549304356655898 0.5282261975678999
 0.1261656700848752 0.5388799217155592
 0.2831732671011699 0.5239730967179564
 0.147354722784916 0.5510556418297272
 0.251865120368832 0.5875891464945868
 0.1423471329733983 0.5567807927136836
 0.09403576712385062 0.5609969790071532
 0.1568949850029901 0.5419025541389884
 0.1516271865283615 0.5571428843715669
 0.08982332363210044 0.5604390323865713
 0.1074467230324644 0.5595192128695009
 0.09748061351887843 0.569163461998775
 0.1915695832555729 0.5424472148024977
 0.1483080866342206 0.5343658053907879
 0.08089942557452576 0.5133074152397812
 0.114597565788997 0.5088780357626124
 0.1647736042754568 0.5103763889161674
 0.08882655721480809 0.4835691604954976
 0.09697237228268946 0.4819064725157644
 0.1582534126051637 0.4845406009860844
 0.1824986885772787 0.4826924972503439
 0.1153295444154077 0.4532999095314406
 0.1300846374820144 0.450820448970119
 0.1105766642562571 0.4481822754125712
 0.1301267659761983 0.4721888346055491
 0.1368448431672409 0.4788109410977217
 0.07925740992221246 0.475051339188027
 0.2064478861787007 0.4840992185780524
 0.1243812373904995 0.5032324545769407
 0.126216011572932 0.5041912867232933
 0.09229330402810006 0.5007726355275153
 0.1355881744306918 0.4955693782331244
 0.06932563892213781 0.5081127900370023
 0.1201258592476545 0.5091558636381868
 0.1623271752017879 0.5100621884056667
 0.157621924791967 0.5137614812653664
 0.1112562323317992 0.5000351214773324
 0.07378888724193904 0.4968106436088189
 0.09288214388218145 0.5045760518311129
 0.1711304144810975 0.5088215469422186
 0.07406336807159149 0.5059619532806691
 0.1206140136455132 0.5043152781781519
 0.07295381064274103 0.6089806004567592
 0.1381159517754674 0.5251274753481472
 0.1073091821426864 0.4702164783407702
 0.1024066598833516 0.4272997009707099
 0.1048094108516023 0.3787780131929567
 0.08368470861218916 0.3328590450965794
 0.123108071262057 0.3193120577223863







