# Created by Octave 4.0.3, Wed May 09 21:40:42 2018 CEST <olethros@olethros-desktop>
# name: results
# type: struct
# ndims: 2
 1 5
# length: 3
# name: PU
# type: cell
# rows: 1
# columns: 5
# name: <cell-element>
# type: matrix
# rows: 61
# columns: 2
 0.511505094172559 0.5147214980105025
 0.5937468867447614 0.5457542111733983
 0.5887450185383531 0.5514743258416082
 0.587739237465922 0.5647734827882935
 0.5979034865651531 0.558761826329406
 0.6062165201236369 0.5676520548030528
 0.6169705825875238 0.5613512947456167
 0.6291712956362469 0.5626227858102925
 0.6303897416293648 0.5677767903109443
 0.6209647658070488 0.567239787238713
 0.6279301518797223 0.5688325299917177
 0.6264897610248724 0.5755870564674103
 0.6205842013356863 0.5593744507719931
 0.6225459040046258 0.5609075884091022
 0.6166009626594595 0.5619074522991218
 0.6351886656661838 0.5767112719146961
 0.6282554710774991 0.566904833673493
 0.6263609455637735 0.5683482778984003
 0.6246511821366206 0.5661833796713435
 0.6162763643904341 0.569183779352628
 0.6314470730148948 0.5675521902849071
 0.6262036692446108 0.554788188044198
 0.6234232679785374 0.5644709762092311
 0.6307652524272904 0.5649487387948308
 0.6285647546707563 0.5720292332793988
 0.624943396234356 0.5746482844789172
 0.61990352405977 0.567722805139247
 0.6258748477488961 0.5736110830634434
 0.6303620354571804 0.570819697598691
 0.6257122437716659 0.5693017224425365
 0.624733436595524 0.5736025690383574
 0.6245601915191017 0.5654632849099737
 0.6304929254957042 0.5598943121664065
 0.6326817424670682 0.5668510942512776
 0.6253458221180936 0.5685230969859836
 0.6289307319387043 0.555789107068439
 0.6214574823272769 0.5617168193210708
 0.6271708942910514 0.569013924105813
 0.622999932797791 0.5688777596402474
 0.6239273256074862 0.5694172341556965
 0.6171825649679057 0.5611007134450703
 0.6265547675510915 0.5746217425582036
 0.6304008997316474 0.5713606435137473
 0.6251705391242375 0.5648147979598973
 0.6212256825176309 0.5684253662979466
 0.6240850346727613 0.5622724452808463
 0.6260051455212207 0.5577456202265189
 0.6268325581230169 0.5621066139337088
 0.6143529667440802 0.5641954069080162
 0.6209703277807225 0.5651376836763109
 0.6261128672031292 0.5626786454958017
 0.6139438962104249 0.562254881621801
 0.6290877163400951 0.5646682088366693
 0.6180596145708166 0.5715123788940899
 0.6152177183760501 0.564515634410936
 0.6257680689594814 0.5587778762288097
 0.6270712133032336 0.5700588816678325
 0.6204210255984901 0.5690360768716796
 0.6139386989665568 0.560877162025077
 0.6232121418281755 0.5612368694710849
 0.6200415902427518 0.5624455954112292



# name: <cell-element>
# type: matrix
# rows: 61
# columns: 2
 0.4913231765891189 0.483869691802123
 0.5507079545937902 0.5646545969297265
 0.539151413590269 0.5607377369062121
 0.5592879152121865 0.5621522241924221
 0.5694117728406727 0.5738694327023797
 0.5632440442430733 0.5793192485760924
 0.5675368097144022 0.5858145949067648
 0.5703666352049762 0.5842709529543031
 0.5615199508462575 0.5823248338391086
 0.5765675509433963 0.5930373867326587
 0.5742910885321301 0.6130036895118565
 0.5715874321066263 0.6036771216564167
 0.5893749460553185 0.598945202011687
 0.5923497634024029 0.5907027620608983
 0.5856520043852974 0.5803870768779749
 0.5821410707789175 0.6034027769660127
 0.5998403556873548 0.5914951029819625
 0.5904561363592525 0.5844707441915641
 0.5961806793607406 0.608415055304712
 0.5903633299605068 0.5991811716085779
 0.5999279043834862 0.59906856162276
 0.5858278240346994 0.5756708359295638
 0.6021940305943183 0.5906590250676083
 0.5882736410057594 0.5984214157229598
 0.5943831527545567 0.5970712341464457
 0.5962565168520986 0.5873430390602464
 0.5900786835728731 0.5984767782662918
 0.6065663175826886 0.5866497214763846
 0.5906640193508783 0.5791928845072832
 0.5934359965784515 0.5858653269780272
 0.5836275271392224 0.579332332286398
 0.5930306621043933 0.5804510639913815
 0.6023082794434501 0.5644528317751797
 0.5832462352391495 0.5910509343010497
 0.5812328700036107 0.5837762733785318
 0.5858795764159221 0.580099104218871
 0.5859755249440646 0.5678682973987402
 0.595819305891831 0.5776579576112769
 0.5892062156995649 0.5753195205290199
 0.6085848974259707 0.5592465035524198
 0.6010439426967269 0.5706815397540781
 0.5789951059938777 0.5876630991522162
 0.5871495952653102 0.5758176560716682
 0.5994776661439996 0.5733818134597435
 0.582411686403743 0.5724149510427796
 0.5822564268242489 0.5664957835683718
 0.5922400643802194 0.5623367589794934
 0.5991927385502492 0.5683283903159011
 0.5750217726444392 0.5715822721180236
 0.5865727311841301 0.5630930740288441
 0.605824173006783 0.5728886911745359
 0.5890356024297239 0.568785511900611
 0.5827976267552466 0.5725624624500856
 0.5830335916207026 0.5737452810255742
 0.5819660945965347 0.5662213906659732
 0.5866478979230954 0.5588230964177076
 0.5856242691418254 0.5810561087785946
 0.6067257652790974 0.5766592392890401
 0.5837784021256036 0.5795513142424074
 0.5898792299151651 0.573086634324074
 0.5803660591033408 0.5714918498220901



# name: <cell-element>
# type: matrix
# rows: 61
# columns: 2
 0.4800289177944516 0.4823030235776161
 0.4990867154862025 0.5101086383163057
 0.507590919128419 0.5583519020073465
 0.5187433843740394 0.5493573469474927
 0.5199551667405733 0.5489043520520248
 0.519666317096824 0.5545395143675248
 0.535840330757913 0.5573329521708084
 0.5387849592057796 0.5701982275120652
 0.5522001718773107 0.5631338470144935
 0.5474147096348621 0.56636140602115
 0.5515316028936356 0.576103832013114
 0.5501909818675442 0.5643363434015448
 0.5406441407048779 0.5459694320060332
 0.5377852728354381 0.5601509189541407
 0.5412583994007446 0.5591025439244811
 0.5525801603678231 0.5380532834456246
 0.541138036928048 0.5483991492983603
 0.556371942221344 0.547630354929886
 0.5475838785011446 0.5581213352361526
 0.5401373546001528 0.5548602591067863
 0.5494385387478505 0.5767229970580173
 0.5652929455061361 0.5661356629626799
 0.5439988681092989 0.5633123064193543
 0.5481824280910497 0.5602162710307546
 0.5621230119548474 0.5681514816260818
 0.5557926000692972 0.5603063506011852
 0.5453838233259809 0.5620703437565781
 0.5553525092998445 0.5551849047976666
 0.5607294841521236 0.5549030301005973
 0.5347208901511202 0.5439379789670234
 0.5464043866256003 0.5485331720977168
 0.5533979161644251 0.5519109331510416
 0.5575061286230989 0.5696184940646465
 0.5413128563181998 0.5788608021703664
 0.5459954933625789 0.5553386590611362
 0.545767662197402 0.5592275469881102
 0.5549323615662137 0.5746237892118276
 0.5592101160812224 0.5524406325064389
 0.5388597091007209 0.5417382049806724
 0.5443290601372975 0.5489238448663382
 0.5455786198349232 0.5408647459018632
 0.5558524471383443 0.5460854615231381
 0.5452240142827101 0.5621212446590497
 0.5550369406512985 0.5569084177443597
 0.5608473302189017 0.5510555913064983
 0.5610234600739086 0.5658936498243635
 0.5374321279388086 0.5646349418113397
 0.5284593863682538 0.5554094664057511
 0.5423812808454205 0.559060010933366
 0.5482059363950722 0.5556054696117548
 0.5417453832632028 0.5426132928598015
 0.5438040725108871 0.5523023000648134
 0.5352957657040657 0.5443896482721701
 0.5472670180820607 0.5422967067316132
 0.5473583245397491 0.5506355404987106
 0.5527876978121048 0.5497130283199272
 0.5378508475214278 0.5734325150326441
 0.5389473364533361 0.5492366681456727
 0.5508304765337663 0.5668861752304917
 0.5603924724930317 0.5695621168723943
 0.5352715236755703 0.5608734648678967



# name: <cell-element>
# type: matrix
# rows: 61
# columns: 2
 0.5157566525073403 0.5221678915186483
 0.497842810593244 0.4956808819355112
 0.5062624869946695 0.5183242901250735
 0.5079534512535842 0.5357358931416234
 0.511685608448348 0.5462580529698104
 0.5161457339994017 0.5592269838727767
 0.5204414528262657 0.5111441785556708
 0.5232734713072097 0.5207101274271401
 0.5283657433308424 0.526638361965987
 0.5290206822788925 0.5323749599652439
 0.5295531911695006 0.5226856819590533
 0.5318521939458356 0.5182629843614083
 0.5317714435093761 0.5285229766942706
 0.5320341488954334 0.5345095876905239
 0.5347593557396711 0.5386733513490541
 0.5340367749305288 0.5396898559441666
 0.5333561307634409 0.5305347726083933
 0.5381170628811227 0.5244977171387397
 0.5425321143981449 0.5215946163352306
 0.5155066156928728 0.5330303107832736
 0.5242289128872444 0.5229767607941433
 0.5326949563082183 0.53686580086076
 0.5354694810865011 0.5452586758264238
 0.5351360674250182 0.5326017812219783
 0.5368188245945994 0.5412173243914663
 0.5387904182140213 0.5338256171300302
 0.5428134946898084 0.5154880766361334
 0.5447537955844896 0.509380267869198
 0.5393466249673992 0.5202231931052113
 0.5239564369377662 0.5298427585326082
 0.5266502417923757 0.5163025430953903
 0.5291771572908576 0.5253996351700729
 0.5257351272742019 0.5240863112132106
 0.5287683865217229 0.5300238803395747
 0.5320344976675944 0.5174609389159008
 0.5335548228268985 0.5273434582861019
 0.5320517584370648 0.532886940427078
 0.5344905911751286 0.5354853709295281
 0.5208859180863094 0.5167687342101629
 0.5245905764242673 0.525436882625148
 0.5257665716318161 0.5112156902678865
 0.5293503272448327 0.5339176545287023
 0.5219958690962503 0.5221985680568273
 0.5222904248608551 0.5260755259197019
 0.5277601115214862 0.5141641612611827
 0.5299716906825145 0.5206735349141915
 0.5309881966459044 0.5266101465502409
 0.5308578760453867 0.5317474619434258
 0.5247309005899308 0.5371219430575455
 0.5276119491612553 0.5417862320744422
 0.5259413383377473 0.5115403526640071
 0.526863458104617 0.5229340078975515
 0.5174925342705139 0.530116273621297
 0.5240970885934461 0.5366142816975942
 0.5197581032165842 0.5281796027127874
 0.5323234404890991 0.5284758348123898
 0.5311830004747716 0.5195252094016366
 0.5302028438306766 0.5261754737012053
 0.5341256545702248 0.5367595871226626
 0.5313358743003583 0.5417428622099364
 0.5341588701036749 0.5471036599609752



# name: <cell-element>
# type: matrix
# rows: 61
# columns: 2
 0.5324205042275076 0.5514343449374578
 0.4993156721360268 0.5158699850238476
 0.4970907212478671 0.5010832350058335
 0.4989843493494789 0.4966934567623078
 0.4977028706497715 0.493580903072485
 0.4991108889719708 0.4926607599928149
 0.4990640177256001 0.4920107583296879
 0.498985638437998 0.493507525291116
 0.4993890137332362 0.4919147804249923
 0.4992797992018319 0.4916503337776787
 0.4992092047820498 0.4904413844636786
 0.4994325633402242 0.4912666257487532
 0.4996522311799524 0.4906884476736068
 0.4998488381551557 0.4901707202220695
 0.499149341095077 0.4900934587627994
 0.4999533339790131 0.4902411994830674
 0.4998637193657281 0.4900971098869862
 0.5005479364285104 0.4900426498797245
 0.4997071374680346 0.4899708918526831
 0.4999636294582299 0.490291615576
 0.5002901556890001 0.4915637237583839
 0.4997203294470258 0.4923155792175752
 0.500129378850956 0.4927137026057289
 0.4999085945780927 0.4929555694114949
 0.5002266390272421 0.4926439799904871
 0.5001439098658857 0.4928387596570644
 0.5004593393143659 0.4937436225474199
 0.5000054101831055 0.4928050292691854
 0.5000682263299362 0.4933240762182867
 0.5004914878058121 0.4929090850163277
 0.5003687515382117 0.4935005875805034
 0.5002615698450577 0.4930149555987019
 0.4997924387635526 0.4923420829027241
 0.5002738117152946 0.4917993905977884
 0.4998171699338217 0.4912405463894958
 0.5002258987706725 0.4917946528835547
 0.5001929292131908 0.491637063165564
 0.5004527597953794 0.4918004318367085
 0.5005624563377237 0.4914021770295189
 0.5002222550697192 0.4914097378402869
 0.5006070585622986 0.4910782004975469
 0.500352247455361 0.4915342770983893
 0.5002788392685527 0.4913249628186659
 0.5000960170583775 0.4914030137883159
 0.5000995292978676 0.4915625458136754
 0.5003115743042771 0.4917076493311481
 0.5005113483116304 0.4919829327466513
 0.5006590211106556 0.4925704101005094
 0.5004048580350938 0.4927625548037766
 0.5002531922232077 0.4927306614331465
 0.5003358842907156 0.4930738803358094
 0.5002559600741618 0.4933137002850642
 0.5003983182106204 0.493754091710222
 0.5003239185356089 0.493868610785827
 0.5003584717757533 0.4939674144479532
 0.5004970842987077 0.4937315437535709
 0.5006802005231749 0.4947583971114651
 0.5006049587014352 0.4949541870587429
 0.5004667470040085 0.4951902591949093
 0.5006925873763994 0.4954576078494281
 0.5005023323878192 0.4958854899011514





# name: PV
# type: cell
# rows: 1
# columns: 5
# name: <cell-element>
# type: matrix
# rows: 61
# columns: 2
 0.511505094172559 0.5147214980105025
 0.5937468867447614 0.5457542111733983
 0.5887450185383531 0.5514743258416082
 0.587739237465922 0.5647734827882935
 0.5979034865651531 0.558761826329406
 0.6062165201236369 0.5676520548030528
 0.6169705825875238 0.5613512947456167
 0.6291712956362469 0.5626227858102925
 0.6303897416293648 0.5677767903109443
 0.6209647658070488 0.567239787238713
 0.6279301518797223 0.5688325299917177
 0.6264897610248724 0.5755870564674103
 0.6205842013356863 0.5593744507719931
 0.6225459040046258 0.5609075884091022
 0.6166009626594595 0.5619074522991218
 0.6351886656661838 0.5767112719146961
 0.6282554710774991 0.566904833673493
 0.6263609455637735 0.5683482778984003
 0.6246511821366206 0.5661833796713435
 0.6162763643904341 0.569183779352628
 0.6314470730148948 0.5675521902849071
 0.6262036692446108 0.554788188044198
 0.6234232679785374 0.5644709762092311
 0.6307652524272904 0.5649487387948308
 0.6285647546707563 0.5720292332793988
 0.624943396234356 0.5746482844789172
 0.61990352405977 0.567722805139247
 0.6258748477488961 0.5736110830634434
 0.6303620354571804 0.570819697598691
 0.6257122437716659 0.5693017224425365
 0.624733436595524 0.5736025690383574
 0.6245601915191017 0.5654632849099737
 0.6304929254957042 0.5598943121664065
 0.6326817424670682 0.5668510942512776
 0.6253458221180936 0.5685230969859836
 0.6289307319387043 0.555789107068439
 0.6214574823272769 0.5617168193210708
 0.6271708942910514 0.569013924105813
 0.622999932797791 0.5688777596402474
 0.6239273256074862 0.5694172341556965
 0.6171825649679057 0.5611007134450703
 0.6265547675510915 0.5746217425582036
 0.6304008997316474 0.5713606435137473
 0.6251705391242375 0.5648147979598973
 0.6212256825176309 0.5684253662979466
 0.6240850346727613 0.5622724452808463
 0.6260051455212207 0.5577456202265189
 0.6268325581230169 0.5621066139337088
 0.6143529667440802 0.5641954069080162
 0.6209703277807225 0.5651376836763109
 0.6261128672031292 0.5626786454958017
 0.6139438962104249 0.562254881621801
 0.6290877163400951 0.5646682088366693
 0.6180596145708166 0.5715123788940899
 0.6152177183760501 0.564515634410936
 0.6257680689594814 0.5587778762288097
 0.6270712133032336 0.5700588816678325
 0.6204210255984901 0.5690360768716796
 0.6139386989665568 0.560877162025077
 0.6232121418281755 0.5612368694710849
 0.6200415902427518 0.5624455954112292



# name: <cell-element>
# type: matrix
# rows: 61
# columns: 2
 -0.06721454457056542 -0.04247591450335064
 -0.1434864881434913 -0.2919816013992386
 -0.07515077575882489 -0.187125444422899
 -0.1659889328756269 -0.1184796553842509
 -0.2056512402818318 -0.1638333547960587
 -0.09516410790165275 -0.1489995297640393
 -0.1984341698850721 -0.2517778574561719
 -0.2174470909196385 -0.2423305548670893
 -0.1680235846956162 -0.2202919524657887
 -0.1214388424871612 -0.2813753593851963
 -0.181756136506066 -0.4116500149049297
 -0.1146065015755998 -0.3697645821188678
 -0.1869902954629468 -0.3430691001147366
 -0.1435142101326188 -0.2012252653382096
 -0.2272887699077596 -0.2356708999285383
 -0.1285450062803383 -0.2949750792899792
 -0.16450453414239 -0.2435431003366
 -0.2371156212922854 -0.3470225933994334
 -0.1977627391440665 -0.3360952529305656
 -0.1116006189435581 -0.4249895694620609
 -0.1177713510336501 -0.3765135815173844
 -0.06628135904297583 -0.3836123339502691
 -0.2331332119101744 -0.4256538081065226
 -0.1488269752779863 -0.414152733060936
 -0.1600729097296123 -0.4001564747729695
 -0.06847667905907356 -0.3418546000327841
 -0.1698776977563831 -0.3689064313515313
 -0.1385349127620986 -0.2994065911076173
 -0.2027747398278686 -0.3973796531056709
 -0.1272247184016412 -0.3756894838284993
 -0.2347506315790284 -0.330601170559206
 -0.2257920873901416 -0.2856023689809004
 -0.2624979253284735 -0.3239234793886829
 -0.2374372429108036 -0.4468326714115552
 -0.1874594260626826 -0.3654158490475184
 -0.1970867149515445 -0.3766100651829675
 -0.1311859214568499 -0.2842146244664319
 -0.2277146886761767 -0.2693945147851625
 -0.2246188118190875 -0.3290632026018246
 -0.4127875814204851 -0.2568096753727782
 -0.2035452792571891 -0.3099462316505485
 -0.2207110222315064 -0.3909202341716932
 -0.2915412487587207 -0.4109847213032852
 -0.2785630454405505 -0.3275071717425402
 -0.09725012070917588 -0.3470852057935432
 -0.1673145992886936 -0.3306840697168664
 -0.1939231919382165 -0.3115242986748889
 -0.2100052515294251 -0.4114814552337894
 -0.164441323279918 -0.4569877050362219
 -0.2752032900360052 -0.3342697968734214
 -0.2920663250572639 -0.3785271223724859
 -0.1310689359168432 -0.3623911816151338
 -0.1970043206842682 -0.4121411929291782
 -0.2103278097675964 -0.4316266392213173
 -0.241604217723323 -0.4056896080650902
 -0.2018835014134422 -0.4103875574498196
 -0.1601986314251787 -0.3760022990818121
 -0.3079662916677472 -0.4237336470434444
 -0.2179574543550306 -0.4257299099780114
 -0.1995960340961107 -0.4708425296525748
 -0.1289128503532902 -0.4625093272675256



# name: <cell-element>
# type: matrix
# rows: 61
# columns: 2
 -0.2039608961032963 -0.6098426380460378
 -0.06535659648271219 -0.8702652037960521
 -0.09874003206520543 -0.8523786397160364
 -0.2868573115708318 -0.8898251386855642
 -0.2329236320540443 -0.5021171663185451
 -0.2210364286190523 -0.5927073322992837
 -0.3317046242106084 -0.6449367174367893
 -0.2551526259396595 -0.9209765663779992
 -0.2732322719410681 -0.8635363071295513
 -0.2455593099451253 -0.9547852634369745
 -0.286788063411954 -0.8341122854392605
 -0.291915514699674 -0.8758505097953297
 -0.1975933944306684 -0.8261074667577761
 -0.1477751360389968 -0.6871882139101592
 -0.2144483961384724 -0.6405347196626889
 -0.2856636735768741 -0.2682124782093753
 -0.1752022923387914 -0.3562045887672504
 -0.2704262581573726 -0.4619043560893951
 -0.2332892993439792 -0.3791293192513699
 -0.2308428814274361 -0.2186934507872943
 -0.2850505693620284 -0.3494042479399467
 -0.3705370468094739 -0.3497631957258365
 -0.1948316363180329 -0.4694686077575448
 -0.2577060261322121 -0.3943366818601728
 -0.3695751395918778 -0.4424786480546632
 -0.2497305971722971 -0.4350977886849612
 -0.2256462399774874 -0.5763932179476066
 -0.2771100697186744 -0.3743888760639825
 -0.3242526396242323 -0.4564101838791506
 -0.2703529447231099 -0.4065664577448663
 -0.289634207848164 -0.3385059585510458
 -0.3375112730889737 -0.3490040372687306
 -0.3454739610320715 -0.4721399884008972
 -0.2286984661431908 -0.5424535856154475
 -0.2411899372471452 -0.4333537948807126
 -0.2153244463140812 -0.2738863152484735
 -0.2767562138648894 -0.4346859150265356
 -0.2914031090887214 -0.392186400284791
 -0.1626224055187712 -0.410917368516969
 -0.2212733234084663 -0.3628165883200609
 -0.2096728058483137 -0.3950457066011758
 -0.3349189239560298 -0.3468142092110967
 -0.3144665982164415 -0.5111876996684475
 -0.3827473203042331 -0.3876152329405773
 -0.4386633308036444 -0.3269122342195502
 -0.4473521945868303 -0.4695710048712072
 -0.2570826001134039 -0.5860753930147317
 -0.1367158856519904 -0.4841410658031511
 -0.2282362633943027 -0.4840850082379145
 -0.2423466778529254 -0.4893895958159712
 -0.3073046428820358 -0.4317128891817414
 -0.2193119577093092 -0.5062196676398034
 -0.3032631002732769 -0.4599677688885896
 -0.4668256271495191 -0.3599439392028104
 -0.3811003844837775 -0.5910736758025257
 -0.4899013535427862 -0.4240495858422213
 -0.2887125093574605 -0.6979959466998236
 -0.2525738751140478 -0.493008416094354
 -0.2712221569700095 -0.4867932599587788
 -0.5146345211840082 -0.6659269764413281
 -0.3208405014174615 -0.6884095191977577



# name: <cell-element>
# type: matrix
# rows: 61
# columns: 2
 -0.8149812107020082 -1.065243141625706
 -0.06460355097849189 -0.948306241274232
 -0.2126436829958829 -0.3402204108332329
 -0.2188054279212152 -0.8202528606213038
 -0.2247139895456965 -1.003828148953736
 -0.2080045788618068 -1.023358849856454
 -0.2562791721314517 -0.3392637958818648
 -0.2312404643181798 -0.3454916369986207
 -0.3794404203947031 -0.711494940511854
 -0.3780818992838985 -0.6817781585407054
 -0.4065338011055089 -0.338212544157294
 -0.340400804547184 -0.381002122359492
 -0.3230324672710375 -0.4008637177728032
 -0.3144039360924031 -0.3820993242579525
 -0.3631714926289482 -0.4061054135899567
 -0.3209970401005605 -0.3993136305393838
 -0.2743836261910078 -0.4089714357150043
 -0.2909871267337296 -0.3035273602694658
 -0.3468599066448118 -0.259852837159247
 -0.1219657929390322 -0.3442921106648963
 -0.259807749857953 -0.4083465310620967
 -0.3270306236868814 -0.5782325559209233
 -0.3460028397153596 -0.6662655832185176
 -0.2640157622131266 -0.3891310123493756
 -0.2565622359732003 -0.4673735338100786
 -0.2847379949540894 -0.3318375242902832
 -0.3258003515991291 -0.4650035292612218
 -0.2986255306621173 -0.416754163696463
 -0.2358500702403336 -0.3913642623812686
 -0.2233239798214283 -0.4539926816076439
 -0.2095841321606532 -0.5424975590911734
 -0.2376947732209533 -0.506980856853755
 -0.1736830803123012 -0.5125878426968136
 -0.2548315446266458 -0.5157651861396977
 -0.3017832154653697 -0.3473423201365946
 -0.3211555372770628 -0.4423638084173754
 -0.2329026782175401 -0.4988348997745595
 -0.2801752572936347 -0.5005062828723913
 -0.2354760138060124 -0.4624731672842901
 -0.3107709201682399 -0.5645560860556853
 -0.2182339686604848 -0.2272843704549264
 -0.2681052778596809 -0.5559813106937426
 -0.3100582691476136 -0.3473243508052373
 -0.2528313516268383 -0.4256204765874513
 -0.2714658207468977 -0.2847854610049774
 -0.3461992943243242 -0.3038957373782381
 -0.3084320539004292 -0.3636914383171632
 -0.3193491868074426 -0.4219524492849821
 -0.2739251704513145 -0.4973265258274967
 -0.3006668451395521 -0.5828755843258031
 -0.2219288638688422 -0.38127143044381
 -0.2565840132781768 -0.3170722019844687
 -0.1498442899205197 -0.3995995888345251
 -0.240653208633119 -0.4543948529017531
 -0.15173138622085 -0.4386181883960726
 -0.4195676613949419 -0.4504323328807677
 -0.3738007420052956 -0.3986035083801157
 -0.2892029271126714 -0.426155151594934
 -0.3554876907198908 -0.3962114541797237
 -0.3041713922442342 -0.4668303118140769
 -0.3040398141965214 -0.5378349695349999



# name: <cell-element>
# type: matrix
# rows: 61
# columns: 2
 -1.928654091116511 -2.195811957943069
 -0.192905914332885 -1.445321180032813
 -0.1658684818332774 -0.6404665797195634
 -0.109905877764767 -0.7535849133380312
 -0.1801745433150174 -0.864246974444433
 -0.1461289789815412 -0.8479609272490609
 -0.09335178189087964 -0.8230153923917485
 -0.1028436148174953 -0.798805753017672
 -0.06325486826488461 -0.7444113044652072
 -0.1051035525575601 -0.7165499138993512
 -0.08499066947024703 -0.698498310961558
 -0.07351538100546523 -0.6806488269799289
 -0.08629172640548743 -0.6670495224751973
 -0.1183053808800801 -0.6686006041309249
 -0.09214637580531328 -0.6508409351740553
 -0.03902640243070425 -0.6245494668305622
 -0.0473865270635096 -0.5824490530720829
 -0.02785349447756044 -0.5771899433356638
 -0.0251622862188358 -0.5548173354778893
 -0.03327824565380526 -0.5502583820869476
 -0.02698471970639599 -0.5500592827583838
 -0.0441284035075245 -0.5430264221830172
 -0.04042339015687617 -0.5400161042387159
 -0.04406333711497919 -0.5279194632822239
 -0.0355032981107726 -0.512675210246182
 -0.02937588609762661 -0.5025406449497677
 -0.03418037938154149 -0.4862995022510326
 -0.02337290237006358 -0.465715522779735
 -0.02607073396565348 -0.4445126688383713
 -0.03732833818897512 -0.4384842598287074
 -0.03227091203480511 -0.4470760717448842
 -0.0231935783162588 -0.4489632154547758
 -0.01739626348534573 -0.4577544153013617
 -0.025052396050346 -0.4385185351216298
 -0.02208309301425994 -0.4156208403993848
 -0.0193663696091631 -0.3958475794046682
 -0.01355588153692302 -0.3722513217043627
 -0.01206904139649903 -0.3543054157492405
 -0.01359298963111987 -0.3513269802992609
 -0.01465259157591823 -0.3468461797940499
 -0.008241584781886973 -0.3414393737183935
 -0.01223241684568863 -0.3544795705420812
 -0.0177099117706416 -0.3593262198538322
 -0.01698715606508791 -0.3712385048785132
 -0.01354424134052358 -0.3727798398454726
 -0.01175917588819361 -0.3612755316651319
 -0.01089650197468461 -0.3544823638330146
 -0.01406597086602402 -0.3753158580778215
 -0.009691476556546423 -0.3851278388867941
 -0.01104835054324434 -0.3781336950547475
 -0.009136823533382127 -0.367279248700199
 -0.01293709805132932 -0.3650887919637867
 -0.02171818913375648 -0.3564205156864814
 -0.01019056078037912 -0.3684465297942747
 -0.01314913215456496 -0.3635084916564944
 -0.005618326772616746 -0.3568853493222026
 -0.009005471343896686 -0.3657360016262632
 -0.004537388807683681 -0.3660389624971164
 -0.00945732120789881 -0.3549861783147709
 -0.006964649220104558 -0.3336435570790518
 -0.00800766853549079 -0.3255700992125298





# name: PF
# type: cell
# rows: 1
# columns: 5
# name: <cell-element>
# type: matrix
# rows: 61
# columns: 2
 0.786214247237664 0.7881171466957529
 3.09437069362034 2.925503654055553
 2.697674786821701 2.591381822426567
 2.984488674924979 2.635083049791715
 3.457016605402839 3.048188847560796
 3.501785287131916 2.704577032051452
 3.197333442281047 2.483069399146205
 3.292103641302218 2.502506875029817
 3.471667346587013 2.581045822098896
 3.467915026863279 2.547558414195309
 3.565290443289275 2.943533398582414
 3.410944451716709 2.77608656542558
 3.495677828201313 2.290463524962661
 3.405168241358174 2.259966465478911
 3.156997584062507 2.418841079850286
 3.359323107069855 2.355856511897622
 3.215528565449709 2.929611644774478
 3.464546185771332 2.903647505179542
 3.562356546784752 2.424437005050545
 3.391456548827954 3.205366428089973
 3.319471123249167 2.494039694559426
 3.586697088998807 2.666245348700385
 3.286863912971286 2.205533887989517
 3.677212136035257 2.782606607158415
 3.556847307562972 2.256979790667446
 3.678005015115701 2.607231997533405
 3.477756893077206 2.52993282223095
 3.557447103179218 3.02052164320492
 3.451198559288367 2.330378000100264
 3.497089108790732 2.297670198764858
 3.422934235578792 2.266051829999147
 3.624808340879928 2.810914039949759
 3.318371489452475 2.39181539573903
 3.425269496067898 3.066579953184258
 3.347884909201543 2.608219903705908
 3.441846902042064 3.21037642814693
 3.505774311979351 2.434613344121549
 3.506608007021578 2.868633559714336
 3.648668521989318 2.488437568654212
 3.60388147381485 2.461440136721416
 3.213747310505444 2.684270388303513
 3.638075537820966 2.769783369349261
 3.237408989197569 2.331539526920817
 3.433914771435891 2.729336978155414
 3.604625644106608 2.634554288955823
 3.501361927220512 2.478945562040799
 3.477683750711011 2.704298426264742
 3.531319083410839 2.238038713440259
 3.698521016273532 3.063284851325762
 3.509127585159241 2.664430641338415
 3.43841420033458 2.338761005775844
 3.703767820467923 3.250452330458406
 3.424684554224276 2.629864517598189
 3.774665328282261 2.431872117306813
 3.445328318437954 2.919486774765637
 3.259468236232044 2.539314769167284
 3.44579387818838 2.821454142136867
 3.367078614578773 2.542899867934763
 3.649249762558508 2.908556305745415
 3.433748373384795 2.571553239642276
 3.582419198979942 2.880554118362321



# name: <cell-element>
# type: matrix
# rows: 61
# columns: 2
 1.742827708049619 1.621512733419772
 2.226069816355336 2.861890196386134
 1.918057343806106 2.430714988410232
 2.341819477139067 2.16037529411427
 2.530840279649345 2.376941717291374
 2.070388564335831 2.333955864784434
 2.496347108683495 2.764555214544982
 2.580888269293483 2.722135078331267
 2.356654191321237 2.62814231138048
 2.215458022778834 2.904613597738761
 2.449897811620654 3.485611128155288
 2.173188302622278 3.290089693444721
 2.516086020017743 3.169112006494007
 2.351106130737684 2.577009347535534
 2.66611109278693 2.683844830348078
 2.260603237458106 2.990108648057955
 2.457539203631625 2.748657710292287
 2.719830894246899 3.141502606172426
 2.579592994658488 3.169626177636399
 2.217492465655753 3.497501792673977
 2.270869117285059 3.303260010937818
 2.022608908276001 3.261461843589768
 2.739114939423652 3.474592307628915
 2.360128824129224 3.451875179412624
 2.423441097182119 3.391839601531215
 2.06267626679259 3.129447517311876
 2.449746841744151 3.271056060205001
 2.373838603796461 2.957575528859623
 2.583091017364109 3.327097265944533
 2.289206863341919 3.260353916248079
 2.689885107733781 3.060401679096018
 2.682260335873746 2.883762667897746
 2.856916539644244 2.989052412880271
 2.699487677360663 3.56048348854937
 2.493536314261562 3.212992216325669
 2.545985589053944 3.246737573388483
 2.282670260659593 2.840463390061948
 2.6983166723802 2.810551931974481
 2.666093894375045 3.042211371994358
 3.476905017959852 2.704978212148372
 2.617312945118937 2.951829545864428
 2.619829406907659 3.326670234143421
 2.927613780830813 3.371391853428146
 2.912685180194201 3.030174127349391
 2.136235542047932 3.105585676302512
 2.416027677627521 3.022223629572581
 2.552412960893524 2.933107471638036
 2.637599221768448 3.350910991882861
 2.38283061105299 3.542697636498958
 2.860531353696411 3.026358409580218
 2.985737819249405 3.232774563013551
 2.291382550956544 3.155921262162368
 2.536410163002813 3.36625215906697
 2.590412013932493 3.447742399961992
 2.712315154682896 3.32142260425828
 2.567477699423055 3.318019519052401
 2.397667333126191 3.247177522663032
 3.052042462508281 3.424912306040898
 2.623165023796933 3.441573582639267
 2.568021826129938 3.602630021582521
 2.256749578723183 3.564512858536373



# name: <cell-element>
# type: matrix
# rows: 61
# columns: 2
 0.8879507100010442 1.701988299669692
 0.6297999084516269 2.25063904590841
 0.7050709832588299 2.26310918143942
 1.092458007515703 2.329007624318621
 0.9858024308486619 1.553138684689115
 0.9617391743349286 1.739954178966092
 1.19924957917913 1.847206387044387
 1.049090211085099 2.412151360268064
 1.098664715759447 2.290206461273596
 1.038533329525113 2.475931932895099
 1.125107729717544 2.244328402891635
 1.134022011266892 2.316037362992204
 0.9358309295662147 2.198184365521585
 0.8333355449134316 1.934527346774459
 0.9701551916776894 1.840171983249859
 1.123907507521571 1.074478239864375
 0.8915426216056308 1.260808326832861
 1.097224458536089 1.471439067108676
 1.014162477189103 1.316379973738892
 1.001823117455025 0.9922471606813749
 1.119539677471907 1.275531492937911
 1.306367039125084 1.265662054414353
 0.9336621407453646 1.502249521934444
 1.063594480355474 1.3488896347511
 1.301273291138603 1.453108777735408
 1.055253794413891 1.430501927971108
 0.9966763032809557 1.714856779651791
 1.109572648737193 1.303962656925632
 1.209234763400588 1.467723397858898
 1.07542677959734 1.357070894456756
 1.125672802321928 1.225545089199808
 1.228420462342372 1.249919007688503
 1.248454050687242 1.513898470866441
 0.9987097886045815 1.663767973401261
 1.028375367856869 1.422046248822561
 0.9764165548255643 1.107000177485057
 1.108444789295993 1.443995619264899
 1.142016334258665 1.336813433076021
 0.8641045201382632 1.36357294201461
 0.9868757069542301 1.27455702150646
 0.9649242315315505 1.330956159104215
 1.225690295050404 1.239713879945332
 1.174157210715593 1.584496643995944
 1.320531581259765 1.332138883625514
 1.43817399182619 1.204880059745599
 1.455727849247569 1.505035659566778
 1.051597328165616 1.736785727840803
 0.8018911576722347 1.523691598012053
 0.9988538076340259 1.527230027409195
 1.032899292100923 1.534384661243697
 1.156354669027274 1.406039071223284
 0.9824279879295056 1.56474163534442
 1.141821966250619 1.464325186049349
 1.480918272381099 1.262184585137234
 1.309559093507304 1.732782892103762
 1.532590404897677 1.39781220000437
 1.115275866236349 1.969424408432291
 1.044095086681432 1.535253500334381
 1.093274790473785 1.540472695148049
 1.589661514861048 1.901416069755051
 1.176952526510493 1.937692503263412



# name: <cell-element>
# type: matrix
# rows: 61
# columns: 2
 1.258560498438458 1.594380152673824
 0.2520856715024039 1.429635282344146
 0.4522790729927337 0.626401977819335
 0.4610583876461483 1.272249111875613
 0.470180522210378 1.520523549594919
 0.4493880164822096 1.550887461099531
 0.5151860471173575 0.6227331206943768
 0.482745109526643 0.6342255584738744
 0.6820424749698849 1.124206041337801
 0.6804494264714955 1.086495864709355
 0.718562798530512 0.6251786195294097
 0.6311518040448572 0.6807571579331255
 0.6079671041978421 0.7106592825951611
 0.596549964421682 0.687635628240778
 0.662481775418488 0.721031668569627
 0.6060083117775903 0.7123147927005674
 0.5436302118424906 0.7221401718228035
 0.5673551899386804 0.5795357194055343
 0.6433239136591307 0.5203353216574063
 0.3344565958163339 0.6367329178142862
 0.5211533041063521 0.71878762834751
 0.6136058170185813 0.9499320081814844
 0.6398269466493132 1.070107002900165
 0.5303997054258416 0.6963752768731603
 0.5210225894958002 0.8035704865439268
 0.5592474660101262 0.620391904763721
 0.6153383003621083 0.7918340645603401
 0.5797519727443196 0.7254656408850167
 0.4942489686429111 0.6952267475434285
 0.4724174520744931 0.7819378283210614
 0.4549955901449962 0.8954309264866945
 0.4933187500582236 0.8511076875283643
 0.4068224828411356 0.8581458940001551
 0.5160315216761021 0.8643615416327883
 0.5797224531763577 0.635610073154093
 0.6060589906450499 0.7655995639852011
 0.4878874904357418 0.842742179841772
 0.5517305401165559 0.8458368341396978
 0.4875966577701197 0.7888871344491077
 0.5892247523657423 0.9278870756159632
 0.4662341487579184 0.4734510573625306
 0.5339238128945186 0.919280965767891
 0.5874096485622349 0.6371653237592588
 0.5112052771227361 0.7428524774231691
 0.537874464836359 0.5511020017603641
 0.6382562893266037 0.5787521614757146
 0.5882388040825403 0.6604586332729645
 0.602751541091719 0.7398524196944515
 0.5401438607983963 0.8421426821225108
 0.5767597765731546 0.9577628564592183
 0.4712189312710387 0.6788753581464155
 0.5177331704057747 0.5970742719451421
 0.3722898979841976 0.7095048763197992
 0.4955699743753074 0.7847312311015355
 0.3755612160333281 0.7608841187656925
 0.7368646953562888 0.7767350554451535
 0.6754619894986513 0.7046464143073665
 0.5623381840937873 0.7435986933603137
 0.6520254724832627 0.7072018012805191
 0.5826738144257649 0.8030213698220813
 0.5834393756299202 0.8994811793669916



# name: <cell-element>
# type: matrix
# rows: 61
# columns: 2
 1.928654091116511 2.195811957943069
 0.192905914332885 1.445321180032813
 0.1658684818332774 0.6404665797195634
 0.109905877764767 0.7535849133380312
 0.1801745433150174 0.864246974444433
 0.1461289789815412 0.8479609272490609
 0.09335178189087964 0.8230153923917485
 0.1028436148174953 0.798805753017672
 0.06325486826488461 0.7444113044652072
 0.1051035525575601 0.7165499138993512
 0.08499066947024703 0.698498310961558
 0.07351538100546523 0.6806488269799289
 0.08629172640548743 0.6670495224751973
 0.1183053808800801 0.6686006041309249
 0.09214637580531328 0.6508409351740553
 0.03902640243070425 0.6245494668305622
 0.0473865270635096 0.5824490530720829
 0.02785349447756044 0.5771899433356638
 0.0251622862188358 0.5548173354778893
 0.03327824565380526 0.5502583820869476
 0.02698471970639599 0.5500592827583838
 0.0441284035075245 0.5430264221830172
 0.04042339015687617 0.5400161042387159
 0.04406333711497919 0.5279194632822239
 0.0355032981107726 0.512675210246182
 0.02937588609762661 0.5025406449497677
 0.03418037938154149 0.4862995022510326
 0.02337290237006358 0.465715522779735
 0.02607073396565348 0.4445126688383713
 0.03732833818897512 0.4384842598287074
 0.03227091203480511 0.4470760717448842
 0.0231935783162588 0.4489632154547758
 0.01739626348534573 0.4577544153013617
 0.025052396050346 0.4385185351216298
 0.02208309301425994 0.4156208403993848
 0.0193663696091631 0.3958475794046682
 0.01355588153692302 0.3722513217043627
 0.01206904139649903 0.3543054157492405
 0.01359298963111987 0.3513269802992609
 0.01465259157591823 0.3468461797940499
 0.008241584781886973 0.3414393737183935
 0.01223241684568863 0.3544795705420812
 0.0177099117706416 0.3593262198538322
 0.01698715606508791 0.3712385048785132
 0.01354424134052358 0.3727798398454726
 0.01175917588819361 0.3612755316651319
 0.01089650197468461 0.3544823638330146
 0.01406597086602402 0.3753158580778215
 0.009691476556546423 0.3851278388867941
 0.01104835054324434 0.3781336950547475
 0.009136823533382127 0.367279248700199
 0.01293709805132932 0.3650887919637867
 0.02171818913375648 0.3564205156864814
 0.01019056078037912 0.3684465297942747
 0.01314913215456496 0.3635084916564944
 0.005618326772616746 0.3568853493222026
 0.009005471343896686 0.3657360016262632
 0.004537388807683681 0.3660389624971164
 0.00945732120789881 0.3549861783147709
 0.006964649220104558 0.3336435570790518
 0.00800766853549079 0.3255700992125298







