# Created by Octave 4.0.0, Tue Apr 17 10:57:59 2018 CEST <olethros@olethros-OptiPlex-9010>
# name: A
# type: scalar
2


# name: K
# type: scalar
3


# name: PF
# type: matrix
# ndims: 3
 100 3 2
 1.00161650728371
 0.9367502633017182
 0.596572197302408
 0.4916565425169244
 0.5199022318402383
 0.5190943846310301
 0.5191164387669335
 0.5191384230376891
 0.5191282428947842
 0.5204524806035389
 0.5191741240414049
 0.5199380523244438
 0.51977710912369
 0.5191752253846416
 0.519175224543424
 0.5199581344966118
 0.5191752414931073
 0.519231566205632
 0.5191752394758231
 0.5195510479190986
 0.519175241043117
 0.5202461102448721
 0.5191752411941243
 0.51917524120752
 0.5206074895214597
 0.519175241209932
 0.5191752412104674
 0.5191752412104989
 0.5201613261914166
 0.5196770497300137
 0.5191752412105268
 0.5191752412105346
 0.5191752412105367
 0.519175241210537
 0.519175241210537
 0.519175241210537
 0.5195694186009973
 0.519323420979223
 0.5203831311385585
 0.519175241210537
 0.519175241210537
 0.5192429366963227
 0.5195052931804939
 0.519175241210537
 0.5200485219348625
 0.519175241210537
 0.519175241210537
 0.519175241210537
 0.5193138143587084
 0.519175241210537
 0.519175241210537
 0.5192537596097084
 0.519175241210537
 0.5207580944499035
 0.519175241210537
 0.519175241210537
 0.51936391456886
 0.519175241210537
 0.5207971629855992
 0.519175241210537
 0.519175241210537
 0.5195502752013302
 0.5192465434296591
 0.519175241210537
 0.519175241210537
 0.519175241210537
 0.519175241210537
 0.519175241210537
 0.5206960582349043
 0.5202136134508732
 0.519175241210537
 0.519175241210537
 0.519175241210537
 0.519175241210537
 0.5204812273024038
 0.519175241210537
 0.519175241210537
 0.519175241210537
 0.519175241210537
 0.519175241210537
 0.519175241210537
 0.519175241210537
 0.519175241210537
 0.519175241210537
 0.519175241210537
 0.519175241210537
 0.519175241210537
 0.519175241210537
 0.5203554372044608
 0.5194020228294871
 0.5204318221867662
 0.519175241210537
 0.519175241210537
 0.519175241210537
 0.5201476583932725
 0.5203619724852558
 0.519175241210537
 0.519175241210537
 0.5192912810093109
 0.5199944709384878
 0.3536741939781229
 0.09331849057642959
 0.2081863592643134
 0.1485168482195841
 0.5073298286550872
 0.5083635864359446
 0.5154299134546315
 0.5053296077439404
 0.5156805614188904
 0.5185548170665574
 0.5116466434089437
 0.5134481089149114
 0.5127728840420915
 0.5181824636534104
 0.5160869745352711
 0.5191752311329696
 0.5115447919471002
 0.5191752348241585
 0.51331126737511
 0.5195167500556535
 0.5191974926656013
 0.5087638815025233
 0.5141368450783049
 0.5095775813023313
 0.5191752412080251
 0.5081857152254474
 0.5173844322153621
 0.5087358526193292
 0.5143101667812896
 0.5173895655932617
 0.5143413604042968
 0.5185800485887697
 0.5191752412105334
 0.5171299715766293
 0.5128329990609874
 0.5203306630986607
 0.5113563986247174
 0.5171502229980407
 0.519175241210537
 0.519175241210537
 0.5136782497409234
 0.51701006974284
 0.5182874530941741
 0.514347226803695
 0.5201382972505966
 0.5148288206774518
 0.5137100958891125
 0.519175241210537
 0.5186742639764335
 0.5175356692175044
 0.519175241210537
 0.5161516419533427
 0.5184391818646987
 0.5156268416683005
 0.520241668313422
 0.5180879736396011
 0.5121824997099444
 0.5154191229759908
 0.5107453503160702
 0.5170295217950107
 0.519175241210537
 0.519175241210537
 0.5180629312071806
 0.519175241210537
 0.5126065507382729
 0.5161723143677597
 0.5196542514529165
 0.5087457842017162
 0.5167147801729226
 0.5165869936791443
 0.5185510541952403
 0.5182066024527899
 0.5197200378411316
 0.5144263921898979
 0.5201540789510594
 0.519175241210537
 0.511804849923355
 0.519175241210537
 0.519175241210537
 0.5144066973176051
 0.5204351305443069
 0.519175241210537
 0.5092585023814802
 0.519175241210537
 0.518619696209669
 0.519175241210537
 0.5113585129299223
 0.5133271036707088
 0.519175241210537
 0.519175241210537
 0.5176973944461993
 0.5193482767289
 0.5209424448208049
 0.5120536395426265
 0.5141410298700102
 0.5133043041174056
 0.5190821326028702
 0.520969728599182
 0.5192200404002644
 0.5210338733680374
 0.0001769829944476701
 0.008310658242115153
 0.01482113923618803
 0.01131051713184587
 0.007842110266284574
 0.002857313227864864
 0.002575733302967396
 0.0003416430967065843
 5.73235530412678e-05
 1.270598118837139e-05
 8.607525010935436e-07
 9.681967209970038e-07
 2.402109627578264e-07
 2.093734130946052e-06
 2.733339964829551e-06
 2.04815825986896e-06
 1.380512970536968e-05
 2.646450836553123e-07
 5.643289976953961e-08
 2.610931127070416e-08
 6.048126753040823e-08
 1.898834463829376e-08
 2.328669245577314e-08
 1.693355798805659e-08
 2.283786241332787e-08
 5.394137677814607e-08
 4.180945909718504e-08
 4.170500299478016e-08
 9.129325036661296e-09
 6.746827130126292e-08
 3.339381589886848e-08
 2.874775865643366e-08
 1.754173950595326e-08
 3.810595754891633e-08
 6.931014586320384e-09
 1.212942761074504e-08
 2.141977439043758e-08
 5.507419811052458e-08
 1.473110247793199e-08
 1.662150283810717e-08
 4.652946865952787e-08
 2.415292124443203e-08
 3.397926204496598e-08
 9.108868444080939e-08
 2.952576679695717e-08
 1.365018712065668e-08
 5.694205987527264e-08
 5.554284260661188e-08
 9.47343596662464e-09
 3.373971001587386e-08
 2.027067739877875e-08
 4.293440531019047e-08
 6.341993247335927e-08
 4.550994240717942e-08
 3.988669010520068e-08
 4.043339185797086e-08
 6.081015929820517e-08
 6.63920219002483e-09
 1.997181250156595e-08
 2.722120105350502e-08
 6.064910286127361e-08
 1.633250236335142e-09
 7.627549947962454e-08
 4.29001022827038e-09
 3.2257118217575e-08
 4.932404758261656e-08
 9.801711834810534e-09
 2.571783336708907e-08
 1.509142182667131e-08
 3.588906891870093e-08
 3.768472955619027e-09
 6.914895001112727e-08
 5.804491270039501e-08
 2.943660052130291e-08
 2.359976885934296e-08
 5.987656354240756e-09
 1.726334085808189e-08
 9.334498969206071e-09
 4.245466999257418e-08
 6.80637342694761e-09
 2.176305649678501e-08
 1.404190266423048e-08
 3.24081919349131e-08
 4.057153308827783e-09
 1.7770181540475e-08
 2.971234855446122e-08
 5.284398133144222e-08
 2.621014781264714e-08
 3.894566178588659e-08
 1.533442850102469e-08
 5.196779274561827e-08
 4.111796064217152e-08
 2.177456339964422e-09
 1.43802542780199e-08
 3.842937432423782e-08
 2.467903483432737e-08
 2.949866672534007e-08
 1.796127120352962e-08
 1.004466443774372e-07
 6.234234199356667e-08
 0.9735863925945292
 1.056643954218045
 0.1199141840240582
 1.15634283185914
 1.15634283185914
 1.15634283185914
 1.15634283185914
 1.15634283185914
 1.15634283185914
 1.15634283185914
 1.15634283185914
 1.15634283185914
 1.15634283185914
 0.1120712314421537
 0.1120712314421537
 0.1120712314421537
 0.5065722204086784
 0.4973154468138283
 0.5216158470018968
 0.520420766100406
 0.5201645447021546
 0.519175241210537
 0.519175241210537
 0.5213479397163041
 0.5196627595375379
 0.5206645467406161
 0.519175241210537
 0.5209130976631807
 0.519175241210537
 0.519175241210537
 0.519175241210537
 0.519175241210537
 0.5196573710002985
 0.5204091467254101
 0.5194247731155817
 0.5204326749328976
 0.519175241210537
 0.5207424054352308
 0.519175241210537
 0.519175241210537
 0.5207278200109264
 0.519175241210537
 0.519175241210537
 0.5198302038323299
 0.5192752609740678
 0.519175241210537
 0.519175241210537
 0.519175241210537
 0.519175241210537
 0.519175241210537
 0.519175241210537
 0.5211111152794168
 0.519175241210537
 0.519175241210537
 0.5192433490606868
 0.519175241210537
 0.519175241210537
 0.5194753958746485
 0.519175241210537
 0.519175241210537
 0.519175241210537
 0.519175241210537
 0.5193621030769678
 0.519175241210537
 0.5199069631713538
 0.519175241210537
 0.519175241210537
 0.519175241210537
 0.519175241210537
 0.519175241210537
 0.519175241210537
 0.519175241210537
 0.5196040200537071
 0.5198698999670084
 0.519175241210537
 0.5208474146979318
 0.5201133825908451
 0.519175241210537
 0.519175241210537
 0.519175241210537
 0.5201026296964751
 0.5199094275410159
 0.5207671444777853
 0.519175241210537
 0.519175241210537
 0.5202956897645284
 0.519175241210537
 0.519175241210537
 0.519175241210537
 0.519175241210537
 0.519292359638814
 0.5193347796117493
 0.51954157085886
 0.519175241210537
 0.519175241210537
 0.5211822908246807
 0.5208350641660622
 0.519175241210537
 0.5206538144038499
 0.519175241210537
 0.9624931193969634
 0.9369631448555554
 0.2648959133357091
 0.4973154468138283
 0.5076973992498881
 0.5149171162594987
 0.5068259092435037
 0.5198973230276043
 0.5119610109307972
 0.519175241210537
 0.5181528367352546
 0.519175241210537
 0.519175241210537
 0.5207579498519779
 0.5131877906936666
 0.519175241210537
 0.519175241210537
 0.5111700661499873
 0.519175241210537
 0.514801431930646
 0.5138810161651788
 0.5153150589267694
 0.5145678320001061
 0.5170462451522276
 0.51848097155869
 0.517343419858605
 0.5206767949737341
 0.519175241210537
 0.5117126764031202
 0.5161143141521889
 0.519175241210537
 0.5137206683582065
 0.5172002787809787
 0.5174927103070304
 0.5156683226582217
 0.5167592584618603
 0.5137811741973953
 0.517812763215586
 0.519175241210537
 0.5179237285824124
 0.5187754897547345
 0.5160378640359169
 0.5102639737507314
 0.5192651416926055
 0.5139044900191898
 0.5134525743101392
 0.519175241210537
 0.5167414483728423
 0.5195176462094884
 0.5150152923540057
 0.5176612205477622
 0.5171206115460115
 0.519175241210537
 0.5180098616979137
 0.519175241210537
 0.5170172069796957
 0.519175241210537
 0.519175241210537
 0.5127482396379972
 0.519175241210537
 0.5173617243714196
 0.5193583816483249
 0.519175241210537
 0.5122122860032502
 0.5114488034733669
 0.5185684050680393
 0.5193763445646609
 0.5160567432720559
 0.5121885653013176
 0.5171611629031476
 0.519175241210537
 0.5105621860336995
 0.519175241210537
 0.5149300296614024
 0.5146053279616174
 0.516093645915317
 0.5117202444319987
 0.5088812650398979
 0.5091016773253314
 0.514644724003103
 0.5175987052397693
 0.5169169182047271
 0.511300017279499
 0.514159012572728
 0.5097604797718539
 0.5126113189262813
 0.5158935014461847
 0.5134388790104365
 0.5178496652594975
 0.5149757968088806
 0.5168807894288733
 0.519175241210537
 0.5181205951228831
 0.5107675488033943
 0.519175241210537
 0.5199740718594339
 0.514445804552358
 0.520796976604897
 0.519175241210537
 0.5122404188629335
 0.03658740016141129
 0.1497162184167702
 0.3185573618522477
 0.4493080598768294
 0.0266508732232404
 0.01916089771846826
 0.03861516296050279
 0.02668612599121738
 0.002336448913981196
 0.01061130011774288
 0.0007598688557467915
 8.013198924640245e-05
 0.0001093390056786438
 1.688186833369168e-05
 3.547226834144416e-06
 1.320554931602698e-07
 4.453272664165029e-06
 6.389261593787521e-07
 1.467543327612615e-07
 2.02190002685388e-08
 1.800272159270641e-07
 1.425766059592816e-07
 3.531293506747583e-07
 4.770920113967138e-07
 3.333767819279623e-07
 5.97784616662299e-08
 9.037134520262186e-08
 2.791277014504902e-08
 2.060930184995778e-08
 8.645302564396114e-08
 8.893301399411123e-08
 1.017903919258909e-07
 7.703695844706471e-09
 9.582324492912742e-09
 3.676330943147435e-09
 1.791167180054858e-08
 8.235803782274129e-08
 1.97706375675683e-08
 4.461233395355001e-08
 3.222579997980406e-08
 8.353853247231122e-09
 7.835208416209945e-08
 7.851096413442215e-08
 3.69020875363947e-08
 1.609403160279755e-08
 5.802462302089903e-09
 1.512566696607645e-08
 7.012378759260751e-10
 3.908610114118139e-08
 3.038979797145944e-10
 6.639761812536464e-08
 2.899855851474543e-08
 5.550831101447739e-08
 1.359200566589905e-08
 2.823192117673925e-07
 2.806233761326864e-08
 3.318558061695905e-08
 2.394336932057739e-08
 1.680688817675205e-08
 8.9261588083543e-09
 5.254481101309508e-08
 7.348579744389551e-10
 3.186500818676968e-08
 1.112838128613548e-08
 1.080252319763048e-08
 1.033958365979784e-08
 5.178698168870912e-08
 5.596837157324872e-08
 1.279599393295711e-09
 5.730686028807778e-08
 1.900107693240819e-08
 8.468713442007702e-08
 2.671491576144037e-08
 1.564388153908877e-08
 3.890438379436367e-09
 1.54827835048164e-08
 4.406314007339863e-08
 1.849689185048605e-08
 3.194661466951725e-08
 2.958765383907899e-08
 4.482207846941361e-08
 1.500940708052127e-08
 6.772344273046969e-08
 7.945017300336381e-09
 5.071959485161617e-08
 2.557673089585624e-08
 7.513101266121147e-09
 1.865330941479824e-08
 5.20008503484431e-08
 1.764282916615555e-08
 7.87184879458779e-08
 8.65911031083539e-09
 2.457160129629588e-08
 4.784519007979687e-09
 9.397364867172464e-09
 1.729119213696867e-08
 1.613633834800861e-09
 1.086267675749807e-08
 3.258183005095143e-08
 3.272218688962466e-08


# name: PU
# type: matrix
# ndims: 3
 100 3 2
 0.5536320259064439
 0.5858204653555407
 0.7147230446381302
 0.7259221198822852
 0.7306028927760307
 0.7308037372194222
 0.7308070328071306
 0.7308095254810453
 0.7308087561846645
 0.7305277124307639
 0.7308142207426801
 0.7306438384163372
 0.7306799026651998
 0.730814350673982
 0.7308143526265869
 0.7306394636285293
 0.7308143547129715
 0.7308017721734239
 0.7308143544427207
 0.7307304023889494
 0.7308143547916534
 0.7305751343575626
 0.7308143548147489
 0.7308143548169976
 0.7304944062211322
 0.7308143548173199
 0.7308143548173812
 0.7308143548173848
 0.7305940742257878
 0.7307022562866209
 0.7308143548173882
 0.7308143548173889
 0.7308143548173893
 0.7308143548173893
 0.7308143548173893
 0.7308143548173893
 0.7307262999028148
 0.730781253078961
 0.7305445254283847
 0.7308143548173893
 0.7308143548173893
 0.7307992323868231
 0.7307406248198729
 0.7308143548173893
 0.7306192734620376
 0.7308143548173893
 0.7308143548173893
 0.7308143548173893
 0.7307833990928352
 0.7308143548173893
 0.7308143548173893
 0.7307968146664348
 0.7308143548173893
 0.7304607627287776
 0.7308143548173893
 0.7308143548173893
 0.7307722072542573
 0.7308143548173893
 0.7304520352455264
 0.7308143548173893
 0.7308143548173893
 0.730730576328767
 0.7307984266820733
 0.7308143548173893
 0.7308143548173893
 0.7308143548173893
 0.7308143548173893
 0.7308143548173893
 0.7304746209401933
 0.7305823938243639
 0.7308143548173893
 0.7308143548173893
 0.7308143548173893
 0.7308143548173893
 0.7305226118190897
 0.7308143548173893
 0.7308143548173893
 0.7308143548173893
 0.7308143548173893
 0.7308143548173893
 0.7308143548173893
 0.7308143548173893
 0.7308143548173893
 0.7308143548173893
 0.7308143548173893
 0.7308143548173893
 0.7308143548173893
 0.7308143548173893
 0.7305507119501393
 0.7307636942859459
 0.7305336483811613
 0.7308143548173893
 0.7308143548173893
 0.7308143548173893
 0.7305971274623233
 0.7305492520399413
 0.7308143548173893
 0.7308143548173893
 0.7307884327964527
 0.7306313478630144
 0.553961612215872
 0.6805007756017118
 0.7025256442622324
 0.697184132082825
 0.727635999325371
 0.7283338338322052
 0.7301438003662984
 0.7272649072447599
 0.7301887818602926
 0.7302755555816014
 0.7294671837957104
 0.729788651778128
 0.7295382938274583
 0.7306365423044259
 0.7298620705850517
 0.7308143530799738
 0.7291136852559241
 0.7308143536645476
 0.7297640638890065
 0.7307380654530546
 0.7308093840537935
 0.7281011139483683
 0.7299119323405358
 0.7290953268169106
 0.7308143548170261
 0.7287254402475275
 0.7304936046724401
 0.7281047388294904
 0.7298231719687743
 0.7304945241070391
 0.7299485628913247
 0.7307077504166943
 0.7308143548173883
 0.7304480284625117
 0.7291982066505177
 0.7302023771154679
 0.7291521759514451
 0.730451655675894
 0.7308143548173892
 0.7308143548173893
 0.7298297937529346
 0.7304265529558172
 0.7306553439079331
 0.7292853142679123
 0.730599218639135
 0.7300358714505735
 0.729714356949221
 0.7308143548173893
 0.7301945341972431
 0.7303922558334017
 0.7308143548173893
 0.7302728007473851
 0.7301372695850374
 0.729422435320938
 0.730576126675144
 0.7306196153270872
 0.7295618913465365
 0.7300365141195175
 0.7288176178165962
 0.7302864360621699
 0.7308143548173893
 0.7308143548173893
 0.7306151300001484
 0.7308143548173893
 0.7286898552039049
 0.7299996570313225
 0.7307073491722309
 0.7289463444064124
 0.7303736639137135
 0.7300156687899435
 0.7300001566126562
 0.7306408628242378
 0.7300374798239722
 0.7299637928558982
 0.7301856836960741
 0.7308143548173893
 0.7294942508421023
 0.7308143548173893
 0.7308143548173893
 0.7297191046490343
 0.7305329093302981
 0.7308143548173893
 0.7286421966186774
 0.7308143548173893
 0.729960219681056
 0.7308143548173893
 0.7294143078354978
 0.7297669003046583
 0.7308143548173893
 0.7308143548173893
 0.7305496590485419
 0.7301213078333066
 0.7304195808737186
 0.7295388113209986
 0.7299126818743771
 0.7297628166977264
 0.7306309898549044
 0.7304134859762628
 0.730804347168752
 0.7303991567369947
 0.5032161280793249
 0.4961975559228854
 0.5030781285490578
 0.5127162078591732
 0.5038607164309878
 0.5095945226533716
 0.473970010440308
 0.5084069747710446
 0.4448780920543572
 0.5856776668473257
 0.5216839763041493
 0.4643551546192595
 0.4599314453998114
 0.5143789922085393
 0.5013450061080146
 0.4767445506418735
 0.4877910463917847
 0.5072277229338665
 0.5257296377347759
 0.4655152133151367
 0.4847736744041672
 0.521860156202324
 0.5179426034326432
 0.5137726990060761
 0.5786508573099149
 0.5039162337583218
 0.5680628139443951
 0.5256096452956347
 0.5531843672458139
 0.4424309605090185
 0.494140213143804
 0.4993236949273567
 0.5058980539594869
 0.5575176194841698
 0.496253921632188
 0.517712934885543
 0.4475339125629257
 0.5212703895903513
 0.554640438814639
 0.4054926481996081
 0.4864528701126823
 0.5446387418928811
 0.5277736127951842
 0.5295016530919634
 0.4978625195275408
 0.5532416340745223
 0.4635861582436934
 0.4506754384741419
 0.400715343202693
 0.4138260296401056
 0.4268984375199442
 0.4463898676990954
 0.4963271431153116
 0.4729618486064396
 0.4895855500391029
 0.4584135915329305
 0.5049240512001707
 0.4865908800531372
 0.4545866077616
 0.5635313471342437
 0.4706176862604715
 0.5195024207074068
 0.4862437714579233
 0.5164540563354564
 0.5249703419676734
 0.4358761486479647
 0.4969927183235197
 0.4915773365257293
 0.5142352328513751
 0.4864559960023801
 0.5383940256145336
 0.529850675729811
 0.4716567336616434
 0.4041940707566646
 0.5156113044590227
 0.4512360951330359
 0.4784762090169929
 0.4486273416643451
 0.450180297169158
 0.5670695263456832
 0.4738888238852452
 0.5060892117797123
 0.5070646443926144
 0.5411603429169702
 0.494790536557159
 0.4560757971174235
 0.4934934372175989
 0.5125620445405583
 0.4893549620444975
 0.5724391596701203
 0.5059560608980578
 0.5063518716306097
 0.4068287990952482
 0.5813440342767278
 0.5318214212945561
 0.504459611523131
 0.4980914206365187
 0.5378838515087903
 0.4397173493836249
 0.4974478090318212
 0.5677961913727616
 0.5469693523771079
 0.6728291466801735
 0.5611702230703093
 0.5611702230703093
 0.5611702230703093
 0.5611702230703093
 0.5611702230703093
 0.5611702230703093
 0.5611702230703093
 0.5611702230703093
 0.5611702230703093
 0.5611702230703093
 0.687030017373375
 0.687030017373375
 0.687030017373375
 0.7265444622061923
 0.7248864900382634
 0.7302691501971619
 0.7305361181898402
 0.7305933552457473
 0.7308143548173893
 0.7308143548173893
 0.7303289977523937
 0.7307054485592515
 0.7304816602631092
 0.7308143548173893
 0.7304261367075136
 0.7308143548173893
 0.7308143548173893
 0.7308143548173893
 0.7308143548173893
 0.7307066522994907
 0.7305387138310349
 0.7307586121210448
 0.7305334578870091
 0.7308143548173893
 0.730464267482932
 0.7308143548173893
 0.7308143548173893
 0.7304675257070774
 0.7308143548173893
 0.7308143548173893
 0.7306680433365504
 0.7307920114969793
 0.7308143548173893
 0.7308143548173893
 0.7308143548173893
 0.7308143548173893
 0.7308143548173893
 0.7308143548173893
 0.7303819017394411
 0.7308143548173893
 0.7308143548173893
 0.7307991402691378
 0.7308143548173893
 0.7308143548173893
 0.7307473035507588
 0.7308143548173893
 0.7308143548173893
 0.7308143548173893
 0.7308143548173893
 0.7307726119217184
 0.7308143548173893
 0.730650896140379
 0.7308143548173893
 0.7308143548173893
 0.7308143548173893
 0.7308143548173893
 0.7308143548173893
 0.7308143548173893
 0.7308143548173893
 0.7307185703170083
 0.7306591756545557
 0.7308143548173893
 0.7304408095630197
 0.730604784301421
 0.7308143548173893
 0.7308143548173893
 0.7308143548173893
 0.7306071863803278
 0.7306503456271702
 0.7304587410516057
 0.7308143548173893
 0.7308143548173893
 0.7305640588742568
 0.7308143548173893
 0.7308143548173893
 0.7308143548173893
 0.7308143548173893
 0.7307881918424277
 0.7307787156847803
 0.7307325207836017
 0.7308143548173893
 0.7308143548173893
 0.7303660019016784
 0.730443568536657
 0.7308143548173893
 0.7304840577496725
 0.7308143548173893
 0.5732928499997996
 0.5859428183465525
 0.7059819019366447
 0.7248864900382634
 0.7272976450626327
 0.7291235382101431
 0.7281199767242701
 0.7306530496429768
 0.7295222206958965
 0.7308143548173893
 0.7306312328962346
 0.7308143548173893
 0.7308143548173893
 0.7304607950303716
 0.7294703743853785
 0.7308143548173893
 0.7308143548173893
 0.7287918096053891
 0.7308143548173893
 0.7300309658774327
 0.7298661110598841
 0.729680369127891
 0.7298769417944442
 0.7295383262138186
 0.730690004821356
 0.7301149020722522
 0.7304789241418934
 0.7308143548173893
 0.7294777417280354
 0.7302661149994008
 0.7308143548173893
 0.7298373913122933
 0.7304606211209386
 0.7305129982614456
 0.7301862338748863
 0.7303816303789596
 0.7293682015452003
 0.7305703226422584
 0.7308143548173893
 0.7303737219409465
 0.7307427557033979
 0.7298786120862644
 0.7292182659341582
 0.7300103562806626
 0.7298703154401927
 0.7289706777237386
 0.7308143548173893
 0.730378440430367
 0.7307378652884051
 0.7294749351845913
 0.7297531774128423
 0.7304463519960738
 0.7308143548173893
 0.7304967263076292
 0.7308143548173893
 0.7302209611021337
 0.7308143548173893
 0.7308143548173893
 0.7296632205024662
 0.7308143548173893
 0.7304291758605495
 0.7307734432481445
 0.7308143548173893
 0.7294513633048123
 0.7294304796913313
 0.7307056649564518
 0.7304667374376783
 0.7302558035322393
 0.7291599065908372
 0.7303232599710412
 0.7308143548173893
 0.7292716784606965
 0.7308143548173893
 0.7300539988982004
 0.7299958418766845
 0.7302624131305864
 0.729479097230697
 0.7289455954374315
 0.7286272156690761
 0.7295709523665062
 0.7302986453125013
 0.7304098686698715
 0.7293522029939732
 0.72991590273965
 0.7291280855926876
 0.7296386967602668
 0.7300774584291403
 0.729786920282508
 0.7299742239545401
 0.7298129335217809
 0.7303583104213027
 0.7308143548173893
 0.7297788935845242
 0.7284871270412059
 0.7308143548173893
 0.7306359047939976
 0.7299672697862067
 0.7304520768809353
 0.7308143548173893
 0.7295722651925274
 0.5288050905469305
 0.5050566504537402
 0.5633519431904472
 0.5210638921926051
 0.5039174974464511
 0.5263127307869377
 0.4744055985698996
 0.5134505364363533
 0.5537977961877709
 0.5108301570367569
 0.4521531152246244
 0.4669532039620071
 0.5231498100226807
 0.5645219357778628
 0.4690701686449451
 0.5157406014874927
 0.407749313573444
 0.4735799158175649
 0.5011799866803655
 0.4774728751728187
 0.4428236004998499
 0.4724449087896315
 0.4586097364506804
 0.5560064648287908
 0.46757498065866
 0.4971452571112415
 0.4445864665440295
 0.5530214619499958
 0.4788133894102474
 0.533947957760139
 0.4852108119888336
 0.4834883498960182
 0.4962779460706581
 0.5065410448008945
 0.5237861948390281
 0.5212495476135048
 0.5129510867910514
 0.491106337446245
 0.5057569331268094
 0.493544645543417
 0.4172640610157125
 0.4401505051762341
 0.4753985847842174
 0.4630389572986378
 0.4777139332714585
 0.475256794417987
 0.4926805102089501
 0.5191435682395331
 0.4222310330369387
 0.5383004622521309
 0.4998777708826908
 0.5553611709316687
 0.5143932804786935
 0.4716863804596276
 0.5329947920610091
 0.4836830587032075
 0.5567498467108564
 0.4355719813979984
 0.5531947171482567
 0.5475041431846877
 0.4502222488117597
 0.5628447046612109
 0.5779376734407174
 0.4919408605968842
 0.4373347845185448
 0.5412910224741748
 0.4777700988738362
 0.5392873287946626
 0.4163340718323124
 0.5275546065005732
 0.4542839399419871
 0.5196622540851735
 0.4697488334592809
 0.5155930537524875
 0.4761935325873411
 0.4445060791826184
 0.5117326586229944
 0.4601275147846536
 0.4614182598621308
 0.5250638334758715
 0.4811941362813096
 0.4925493528438571
 0.462643457196564
 0.508884780219546
 0.5324161098518314
 0.5907740491408553
 0.4878658491549386
 0.4574780725267143
 0.4755517156661374
 0.5139691282097429
 0.4862902928926036
 0.5147792215655975
 0.5624324757742789
 0.4905949403200786
 0.51932752791187
 0.4745718314570596
 0.4835955427297517
 0.4654303565096501
 0.4514310650689454
 0.506494465236232


# name: PV
# type: matrix
# ndims: 3
 100 3 2
 0.5536320259064439
 0.5858204653555407
 0.7147230446381302
 0.7259221198822852
 0.7306028927760307
 0.7308037372194222
 0.7308070328071306
 0.7308095254810453
 0.7308087561846645
 0.7305277124307639
 0.7308142207426801
 0.7306438384163372
 0.7306799026651998
 0.730814350673982
 0.7308143526265869
 0.7306394636285293
 0.7308143547129715
 0.7308017721734239
 0.7308143544427207
 0.7307304023889494
 0.7308143547916534
 0.7305751343575626
 0.7308143548147489
 0.7308143548169976
 0.7304944062211322
 0.7308143548173199
 0.7308143548173812
 0.7308143548173848
 0.7305940742257878
 0.7307022562866209
 0.7308143548173882
 0.7308143548173889
 0.7308143548173893
 0.7308143548173893
 0.7308143548173893
 0.7308143548173893
 0.7307262999028148
 0.730781253078961
 0.7305445254283847
 0.7308143548173893
 0.7308143548173893
 0.7307992323868231
 0.7307406248198729
 0.7308143548173893
 0.7306192734620376
 0.7308143548173893
 0.7308143548173893
 0.7308143548173893
 0.7307833990928352
 0.7308143548173893
 0.7308143548173893
 0.7307968146664348
 0.7308143548173893
 0.7304607627287776
 0.7308143548173893
 0.7308143548173893
 0.7307722072542573
 0.7308143548173893
 0.7304520352455264
 0.7308143548173893
 0.7308143548173893
 0.730730576328767
 0.7307984266820733
 0.7308143548173893
 0.7308143548173893
 0.7308143548173893
 0.7308143548173893
 0.7308143548173893
 0.7304746209401933
 0.7305823938243639
 0.7308143548173893
 0.7308143548173893
 0.7308143548173893
 0.7308143548173893
 0.7305226118190897
 0.7308143548173893
 0.7308143548173893
 0.7308143548173893
 0.7308143548173893
 0.7308143548173893
 0.7308143548173893
 0.7308143548173893
 0.7308143548173893
 0.7308143548173893
 0.7308143548173893
 0.7308143548173893
 0.7308143548173893
 0.7308143548173893
 0.7305507119501393
 0.7307636942859459
 0.7305336483811613
 0.7308143548173893
 0.7308143548173893
 0.7308143548173893
 0.7305971274623233
 0.7305492520399413
 0.7308143548173893
 0.7308143548173893
 0.7307884327964527
 0.7306313478630144
 0.1001437091188746
 0.2935911425126411
 0.2471696424989595
 0.2743336419316205
 0.1101530853351419
 0.1099851236981303
 0.1073569434558335
 0.1109676497504097
 0.1072541102207011
 0.105860369257522
 0.1089102701933833
 0.1081702714316083
 0.1083827048926834
 0.1062270393255078
 0.1068875480248903
 0.1058195609735021
 0.1087844466544119
 0.1058195594201946
 0.1082263982569482
 0.1056106576987006
 0.1058059456940961
 0.1096686162229225
 0.1078875436311154
 0.1097588727572896
 0.1058195568045005
 0.11026986251104
 0.106554586228539
 0.1096844431050806
 0.1077565025937424
 0.1065524792568887
 0.107803601243514
 0.1060638509139623
 0.1058195568034275
 0.1066590284429412
 0.1081826037947651
 0.1049358570084036
 0.1088978886633639
 0.1066507163389266
 0.1058195568034261
 0.1058195568034261
 0.1080757720060056
 0.1067082416064886
 0.1061839454068795
 0.1074690437321086
 0.1052304606942692
 0.1076035253865608
 0.1080021305300543
 0.1058195568034261
 0.1057601351104048
 0.1064282933079487
 0.1058195568034261
 0.1070605793970212
 0.1058490438601694
 0.1068977968263187
 0.105167229180861
 0.106265820843743
 0.108689695818296
 0.1073086955717634
 0.109036133750263
 0.1066284571335796
 0.1058195568034261
 0.1058195568034261
 0.1062760993964839
 0.1058195568034261
 0.108041652232816
 0.1069136713317814
 0.1055265488596572
 0.1101002801023481
 0.1068294418703954
 0.1067143375553996
 0.1057245512087079
 0.1062171301857239
 0.1051587209914203
 0.1077687003330001
 0.1050158023725073
 0.1058195568034261
 0.1088447004593737
 0.1058195568034261
 0.1058195568034261
 0.1076562036657146
 0.1050488893929956
 0.1058195568034261
 0.1096918471185986
 0.1058195568034261
 0.1056702617356935
 0.1058195568034261
 0.1090278974527877
 0.1082198983169748
 0.1058195568034261
 0.1058195568034261
 0.1064261323011713
 0.1053865155522033
 0.1047385680264569
 0.1087425858891861
 0.1078858260021834
 0.1082292562901604
 0.1057744286260171
 0.1047218786885404
 0.1057921533842438
 0.1046826416844787
 -0.0001769829944476701
 -0.008310658242115153
 -0.01482113923618803
 -0.01131051713184587
 -0.007842110266284574
 -0.002857313227864864
 -0.002575733302967396
 -0.0003416430967065843
 -5.73235530412678e-05
 -1.270598118837139e-05
 -8.607525010935436e-07
 -9.681967209970038e-07
 -2.402109627578264e-07
 -2.093734130946052e-06
 -2.733339964829551e-06
 -2.04815825986896e-06
 -1.380512970536968e-05
 -2.646450836553123e-07
 -5.643289976953961e-08
 -2.610931127070416e-08
 -6.048126753040823e-08
 -1.898834463829376e-08
 -2.328669245577314e-08
 -1.693355798805659e-08
 -2.283786241332787e-08
 -5.394137677814607e-08
 -4.180945909718504e-08
 -4.170500299478016e-08
 -9.129325036661296e-09
 -6.746827130126292e-08
 -3.339381589886848e-08
 -2.874775865643366e-08
 -1.754173950595326e-08
 -3.810595754891633e-08
 -6.931014586320384e-09
 -1.212942761074504e-08
 -2.141977439043758e-08
 -5.507419811052458e-08
 -1.473110247793199e-08
 -1.662150283810717e-08
 -4.652946865952787e-08
 -2.415292124443203e-08
 -3.397926204496598e-08
 -9.108868444080939e-08
 -2.952576679695717e-08
 -1.365018712065668e-08
 -5.694205987527264e-08
 -5.554284260661188e-08
 -9.47343596662464e-09
 -3.373971001587386e-08
 -2.027067739877875e-08
 -4.293440531019047e-08
 -6.341993247335927e-08
 -4.550994240717942e-08
 -3.988669010520068e-08
 -4.043339185797086e-08
 -6.081015929820517e-08
 -6.63920219002483e-09
 -1.997181250156595e-08
 -2.722120105350502e-08
 -6.064910286127361e-08
 -1.633250236335142e-09
 -7.627549947962454e-08
 -4.29001022827038e-09
 -3.2257118217575e-08
 -4.932404758261656e-08
 -9.801711834810534e-09
 -2.571783336708907e-08
 -1.509142182667131e-08
 -3.588906891870093e-08
 -3.768472955619027e-09
 -6.914895001112727e-08
 -5.804491270039501e-08
 -2.943660052130291e-08
 -2.359976885934296e-08
 -5.987656354240756e-09
 -1.726334085808189e-08
 -9.334498969206071e-09
 -4.245466999257418e-08
 -6.80637342694761e-09
 -2.176305649678501e-08
 -1.404190266423048e-08
 -3.24081919349131e-08
 -4.057153308827783e-09
 -1.7770181540475e-08
 -2.971234855446122e-08
 -5.284398133144222e-08
 -2.621014781264714e-08
 -3.894566178588659e-08
 -1.533442850102469e-08
 -5.196779274561827e-08
 -4.111796064217152e-08
 -2.177456339964422e-09
 -1.43802542780199e-08
 -3.842937432423782e-08
 -2.467903483432737e-08
 -2.949866672534007e-08
 -1.796127120352962e-08
 -1.004466443774372e-07
 -6.234234199356667e-08
 0.5677961913727616
 0.5469693523771079
 0.6728291466801735
 0.5611702230703093
 0.5611702230703093
 0.5611702230703093
 0.5611702230703093
 0.5611702230703093
 0.5611702230703093
 0.5611702230703093
 0.5611702230703093
 0.5611702230703093
 0.5611702230703093
 0.687030017373375
 0.687030017373375
 0.687030017373375
 0.7265444622061923
 0.7248864900382634
 0.7302691501971619
 0.7305361181898402
 0.7305933552457473
 0.7308143548173893
 0.7308143548173893
 0.7303289977523937
 0.7307054485592515
 0.7304816602631092
 0.7308143548173893
 0.7304261367075136
 0.7308143548173893
 0.7308143548173893
 0.7308143548173893
 0.7308143548173893
 0.7307066522994907
 0.7305387138310349
 0.7307586121210448
 0.7305334578870091
 0.7308143548173893
 0.730464267482932
 0.7308143548173893
 0.7308143548173893
 0.7304675257070774
 0.7308143548173893
 0.7308143548173893
 0.7306680433365504
 0.7307920114969793
 0.7308143548173893
 0.7308143548173893
 0.7308143548173893
 0.7308143548173893
 0.7308143548173893
 0.7308143548173893
 0.7303819017394411
 0.7308143548173893
 0.7308143548173893
 0.7307991402691378
 0.7308143548173893
 0.7308143548173893
 0.7307473035507588
 0.7308143548173893
 0.7308143548173893
 0.7308143548173893
 0.7308143548173893
 0.7307726119217184
 0.7308143548173893
 0.730650896140379
 0.7308143548173893
 0.7308143548173893
 0.7308143548173893
 0.7308143548173893
 0.7308143548173893
 0.7308143548173893
 0.7308143548173893
 0.7307185703170083
 0.7306591756545557
 0.7308143548173893
 0.7304408095630197
 0.730604784301421
 0.7308143548173893
 0.7308143548173893
 0.7308143548173893
 0.7306071863803278
 0.7306503456271702
 0.7304587410516057
 0.7308143548173893
 0.7308143548173893
 0.7305640588742568
 0.7308143548173893
 0.7308143548173893
 0.7308143548173893
 0.7308143548173893
 0.7307881918424277
 0.7307787156847803
 0.7307325207836017
 0.7308143548173893
 0.7308143548173893
 0.7303660019016784
 0.730443568536657
 0.7308143548173893
 0.7304840577496725
 0.7308143548173893
 -0.1946001346985819
 -0.1755101632545015
 0.2205429943004678
 0.1137855216122176
 0.1098001229063723
 0.1071032109753222
 0.1106470337403832
 0.1053778633076863
 0.1087806048825496
 0.1058195568034261
 0.10623919808049
 0.1058195568034261
 0.1058195568034261
 0.1048514225891969
 0.108141291845856
 0.1058195568034261
 0.1058195568034261
 0.1088108717277009
 0.1058195568034261
 0.1076147669733933
 0.1079925474473526
 0.1071826551005608
 0.107654554897169
 0.1062460405307955
 0.106104516631333
 0.1063857411068236
 0.1049010645840797
 0.1058195568034261
 0.1088825326624576
 0.1070759004236059
 0.1058195568034261
 0.1080583614770434
 0.1066301711699799
 0.1065101439772076
 0.1072589556083323
 0.1068111859585497
 0.1077935136739025
 0.1063787797133362
 0.1058195568034261
 0.106224996679267
 0.1059836329743317
 0.1069203740251737
 0.1094771460917134
 0.1053726072940285
 0.1079829127105014
 0.1077590517067997
 0.1058195568034261
 0.1068184960287624
 0.1056101095394584
 0.1072298214152928
 0.10604597843254
 0.1066628702250311
 0.1058195568034261
 0.1062434323048577
 0.1058195568034261
 0.106601877061219
 0.1058195568034261
 0.1058195568034261
 0.1084574904322345
 0.1058195568034261
 0.1065337257445649
 0.1057075307999098
 0.1058195568034261
 0.1086195386507811
 0.1089908381089822
 0.1060686299442063
 0.1055451964365087
 0.1070995301300917
 0.1084856706447598
 0.1065810485339468
 0.1058195568034261
 0.1093547462134985
 0.1058195568034261
 0.107561984618399
 0.1076952569575336
 0.1070843836076347
 0.1088794263993492
 0.1100321651987668
 0.1097627691718723
 0.1074631141817016
 0.106349970036366
 0.1067464752325722
 0.1090260928572371
 0.107878445083461
 0.1096838029104168
 0.1085136889169928
 0.1070919784914778
 0.1081740206360358
 0.1060622793475213
 0.1074185683564501
 0.1067387604962147
 0.1058195568034261
 0.1058291492308205
 0.1088597891189058
 0.1058195568034261
 0.1053309164672819
 0.1077607326169244
 0.1048275501380191
 0.1058195568034261
 0.108665923164797
 -0.03658740016141129
 -0.1497162184167702
 -0.3185573618522477
 -0.4493080598768294
 -0.0266508732232404
 -0.01916089771846826
 -0.03861516296050279
 -0.02668612599121738
 -0.002336448913981196
 -0.01061130011774288
 -0.0007598688557467915
 -8.013198924640245e-05
 -0.0001093390056786438
 -1.688186833369168e-05
 -3.547226834144416e-06
 -1.320554931602698e-07
 -4.453272664165029e-06
 -6.389261593787521e-07
 -1.467543327612615e-07
 -2.02190002685388e-08
 -1.800272159270641e-07
 -1.425766059592816e-07
 -3.531293506747583e-07
 -4.770920113967138e-07
 -3.333767819279623e-07
 -5.97784616662299e-08
 -9.037134520262186e-08
 -2.791277014504902e-08
 -2.060930184995778e-08
 -8.645302564396114e-08
 -8.893301399411123e-08
 -1.017903919258909e-07
 -7.703695844706471e-09
 -9.582324492912742e-09
 -3.676330943147435e-09
 -1.791167180054858e-08
 -8.235803782274129e-08
 -1.97706375675683e-08
 -4.461233395355001e-08
 -3.222579997980406e-08
 -8.353853247231122e-09
 -7.835208416209945e-08
 -7.851096413442215e-08
 -3.69020875363947e-08
 -1.609403160279755e-08
 -5.802462302089903e-09
 -1.512566696607645e-08
 -7.012378759260751e-10
 -3.908610114118139e-08
 -3.038979797145944e-10
 -6.639761812536464e-08
 -2.899855851474543e-08
 -5.550831101447739e-08
 -1.359200566589905e-08
 -2.823192117673925e-07
 -2.806233761326864e-08
 -3.318558061695905e-08
 -2.394336932057739e-08
 -1.680688817675205e-08
 -8.9261588083543e-09
 -5.254481101309508e-08
 -7.348579744389551e-10
 -3.186500818676968e-08
 -1.112838128613548e-08
 -1.080252319763048e-08
 -1.033958365979784e-08
 -5.178698168870912e-08
 -5.596837157324872e-08
 -1.279599393295711e-09
 -5.730686028807778e-08
 -1.900107693240819e-08
 -8.468713442007702e-08
 -2.671491576144037e-08
 -1.564388153908877e-08
 -3.890438379436367e-09
 -1.54827835048164e-08
 -4.406314007339863e-08
 -1.849689185048605e-08
 -3.194661466951725e-08
 -2.958765383907899e-08
 -4.482207846941361e-08
 -1.500940708052127e-08
 -6.772344273046969e-08
 -7.945017300336381e-09
 -5.071959485161617e-08
 -2.557673089585624e-08
 -7.513101266121147e-09
 -1.865330941479824e-08
 -5.20008503484431e-08
 -1.764282916615555e-08
 -7.87184879458779e-08
 -8.65911031083539e-09
 -2.457160129629588e-08
 -4.784519007979687e-09
 -9.397364867172464e-09
 -1.729119213696867e-08
 -1.613633834800861e-09
 -1.086267675749807e-08
 -3.258183005095143e-08
 -3.272218688962466e-08


# name: X
# type: scalar
8


# name: Y
# type: scalar
2


# name: Z
# type: scalar
2


# name: alpha
# type: scalar
0.1


# name: ans
# type: scalar
0


# name: belief
# type: matrix
# rows: 8
# columns: 1
 1
 5.96895396926994e-46
 8.741842358002949e-85
 1.696285591970364e-26
 1.236086512413055e-42
 9.082878097161438e-49
 1.439508802108179e-37
 2.626409410790119e-109


# name: horizon
# type: scalar
100


# name: k
# type: scalar
3


# name: lambda
# type: matrix
# rows: 1
# columns: 3
 0 0.5 1


# name: max_policies
# type: scalar
2


# name: model
# type: cell
# rows: 1
# columns: 8
# name: <cell-element>
# type: scalar struct
# ndims: 2
 1 1
# length: 13
# name: X
# type: scalar
8


# name: Y
# type: scalar
2


# name: Z
# type: scalar
2


# name: Pxyz
# type: matrix
# ndims: 3
 8 2 2
 0.1454752331082192
 0.007891896032924429
 0.00340527864027242
 0.03067465473377925
 0.009967327080965246
 0.04977416030776081
 0.01908093631911832
 0.005161370106710486
 0.04796873841911119
 0.01894925271438037
 0.02669890342513251
 0.1206098278390111
 0.01024081864010983
 0.06100464698131716
 0.02633308223721416
 0.02519739041269402
 0.03142168664105964
 0.1427489431029021
 0.01961323891812839
 0.00936007926231449
 0.005201978224227017
 0.01209616181379481
 0.01532868670021264
 0.01664558530061872
 0.004937275997405923
 0.005831792118380534
 0.0203547877889107
 0.0491825343631755
 0.0001176151905126859
 0.03872214780512689
 0.009193534086672893
 0.01081043568783669


# name: Px_yz
# type: matrix
# ndims: 3
 8 2 2
 0.5359568734200483
 0.02907516168072244
 0.01254565780146782
 0.1130109345288064
 0.03672142222790011
 0.1833769416668392
 0.07029759466969988
 0.01901541400451595
 0.1423393462944488
 0.05622879260586541
 0.07922460722456495
 0.3578898386131237
 0.03038794595799687
 0.181021262147365
 0.07813909298205964
 0.07476911417457567
 0.1244835582195759
 0.5655296793111227
 0.07770193231921785
 0.03708190413520328
 0.02060872054800341
 0.04792146521546999
 0.06072778603749735
 0.06594495421390943
 0.03548165024659624
 0.04191007518395825
 0.1462793373409299
 0.3534494493385156
 0.0008452395725194464
 0.2782760586891205
 0.06606917684263078
 0.07768901278572937


# name: Pz_xy
# type: matrix
# ndims: 3
 2 8 2
 0.02573412063665228
 0.005558399580130514
 0.001188841840772437
 0.02150382057477353
 7.838446617235793e-05
 0.0004514676844140485
 0.00122805164268887
 0.0003747282834491139
 0.0001511974275678727
 7.891039587426153e-05
 0.003079543331571109
 0.0007483934278539455
 0.0006565678255967217
 0.0005274543307357489
 0.0001125537677577576
 0.000362989536379487
 0.002537834766343635
 0.0002612115950970817
 0.0004695822810623761
 0.0001445179019409297
 0.001256281957519746
 0.0009577678993467812
 0.02047862757358473
 0.008350818688613782
 0.0001060788422549832
 1.218309168401717e-06
 0.006083797910525279
 0.003861635687852245
 0.0009355253092668728
 0.0003266151581578053
 0.0009073032521674662
 0.0003892602883185947


# name: Pz_y
# type: matrix
# rows: 2
# columns: 2
 0 0
 0 0


# name: Pyz
# type: matrix
# rows: 2
# columns: 2
 0.2714308563297501 0.2524163599632578
 0.3370026606689703 0.1391501230380218


# name: Px_y
# type: matrix
# rows: 8
# columns: 2
 0.3376880018587969 0.1111114252123613
 0.287566363723058 0.05204431367560858
 0.04394128066822764 0.09882057361445233
 0.07642444734057872 0.3565921863992943
 0.02895749912071212 0.021754432999381
 0.1181075706756246 0.209442847335767
 0.06568637180670696 0.07461180011865456
 0.04162846480629524 0.07562242064448095


# name: Py_x
# type: matrix
# rows: 2
# columns: 8
 0.7697765931119618 0.8587345873152383 0.328497102655238 0.1907986848288751 0.5942283107989814 0.3828677349285853 0.4920142024003152 0.3771865055714956
 0.2302234068880383 0.1412654126847618 0.671502897344762 0.8092013151711249 0.4057716892010185 0.6171322650714148 0.5079857975996848 0.6228134944285044


# name: Pxy
# type: matrix
# rows: 8
# columns: 2
 0.1768969197492788 0.05290601441651711
 0.1506408391358265 0.0247810448327609
 0.02301851755840081 0.04705369121404321
 0.04003473399609374 0.1697923622021866
 0.01516930530519226 0.01035843383062251
 0.06187032212155562 0.09972679478644406
 0.03440962301933095 0.03552661632388705
 0.02180695540732921 0.03600782610053072


# name: Py
# type: matrix
# rows: 2
# columns: 1
 0.5238472162930079
 0.4761527837069921


# name: Px
# type: matrix
# rows: 8
# columns: 1
 0.2298029341657959
 0.1754218839685874
 0.07007220877244402
 0.2098270961982803
 0.02552773913581478
 0.1615971169079997
 0.06993623934321801
 0.05781478150785992





# name: <cell-element>
# type: scalar struct
# ndims: 2
 1 1
# length: 13
# name: X
# type: scalar
8


# name: Y
# type: scalar
2


# name: Z
# type: scalar
2


# name: Pxyz
# type: matrix
# ndims: 3
 8 2 2
 0.01236049772162184
 0.02639824699328283
 0.04516377946335014
 0.01423867871726167
 0.06348568590875601
 0.0412725610718894
 0.04520746783977505
 0.02375797084061578
 0.003572654866309651
 0.06232511133884769
 0.0748406358491033
 0.04327561949487643
 0.08479616868621281
 0.04176437780177946
 0.03051231070552394
 0.05416120478671164
 0.01401429513249791
 0.03429443239992051
 0.02588781579827839
 0.01199753656232196
 0.001659557708577558
 0.00883468030235691
 0.003049195210814173
 0.01815413163643471
 0.00126560107834596
 0.04634882146144768
 0.01327439057244919
 0.0827447279043422
 0.028736774223764
 0.002030241174307778
 0.0359138402563293
 0.004660986491894272


# name: Px_yz
# type: matrix
# ndims: 3
 8 2 2
 0.0454622461264552
 0.09709346898031784
 0.166113606766181
 0.05237024680869672
 0.2335020759918065
 0.1518015999013664
 0.1662742938005243
 0.08738246162465209
 0.009039018821818578
 0.1576860557610199
 0.1893510404422822
 0.1094897642727248
 0.2145391014398502
 0.1056662373384451
 0.07719787135478172
 0.1370309105690774
 0.1188743711403264
 0.2908979043620545
 0.2195899111672578
 0.1017674881679825
 0.01407697476848235
 0.07493898588828385
 0.02586438773713928
 0.1539899767684731
 0.005887190708654544
 0.2156005993780719
 0.06174842150364528
 0.3849032697927511
 0.1336747203375886
 0.00944406352223838
 0.1670602453543179
 0.02168148940273214


# name: Pz_xy
# type: matrix
# ndims: 3
 2 8 2
 0.0003260055669815953
 0.0003696241311161313
 0.001602180341305908
 0.00208142099062026
 0.003208958578915405
 0.001839370610306869
 0.0003735690401229028
 0.0003147699520737545
 0.004135790474739432
 0.0001081122912223089
 0.002068054179762485
 0.000442681458374497
 0.002181561542914373
 0.0001471439858637299
 0.0009957465085186658
 0.0007608778255281158
 1.728541864512547e-05
 6.123301940869892e-06
 0.006773114961408861
 0.005036908708874253
 0.006594584605249526
 0.001169673276021367
 0.005453608602660726
 0.01042751935595902
 0.009627158578436563
 0.003262570547363492
 0.001829055012602287
 8.891363865837305e-05
 0.002026815357120104
 0.002385618174486812
 0.003185880747843698
 0.0002741694389732032


# name: Pz_y
# type: matrix
# rows: 2
# columns: 2
 0 0
 0 0


# name: Pyz
# type: matrix
# rows: 2
# columns: 2
 0.2718848885565527 0.1178916447512021
 0.395248083529365 0.2149753831628804


# name: Px_y
# type: matrix
# rows: 8
# columns: 2
 0.06766644628473588 0.007928662545348642
 0.1557114762095808 0.1780887473721213
 0.1822880270873786 0.1443979644034103
 0.06731091545439029 0.2065150789469304
 0.1671348530515484 0.1860514206793607
 0.1285537663055853 0.07176816587123193
 0.1238059732356625 0.108855451465871
 0.1075285423711182 0.09639450871572557


# name: Py_x
# type: matrix
# rows: 2
# columns: 8
 0.8449925229718208 0.3583509087603576 0.4463975833014522 0.1723158254592354 0.3645953928874039 0.5336128718568921 0.4207837370066072 0.4160658790015794
 0.1550074770281793 0.6416490912396423 0.5536024166985478 0.8276841745407645 0.6354046071125961 0.466387128143108 0.5792162629933929 0.5839341209984206


# name: Pxy
# type: matrix
# rows: 8
# columns: 2
 0.02637479285411976 0.004838255944655611
 0.06069267939320333 0.1086739328002954
 0.07105159526162853 0.08811502642155249
 0.02623621527958363 0.1260203473992186
 0.06514524361733358 0.1135329429099768
 0.05010724137424631 0.04379461897608724
 0.04825666305058923 0.06642615096185324
 0.04191210247705049 0.05882219127860591


# name: Py
# type: matrix
# rows: 2
# columns: 1
 0.3897765333077549
 0.6102234666922454


# name: Px
# type: matrix
# rows: 8
# columns: 1
 0.03121304879877537
 0.1693666121934987
 0.159166621683181
 0.1522565626788023
 0.1786781865273104
 0.09390186035033354
 0.1146828140124425
 0.1007342937556564





# name: <cell-element>
# type: scalar struct
# ndims: 2
 1 1
# length: 13
# name: X
# type: scalar
8


# name: Y
# type: scalar
2


# name: Z
# type: scalar
2


# name: Pxyz
# type: matrix
# ndims: 3
 8 2 2
 0.0008258109181118467
 0.004368367415538441
 0.01431398450550673
 0.03002863775146224
 0.01107768082914034
 0.009414680001924396
 0.002202439807565575
 0.008476238179637217
 0.005044672685780623
 0.04166166321456374
 0.04105795410751185
 0.007179543065858892
 0.008955732167824571
 0.02855892418692847
 0.074713721272235
 0.04428457684665788
 0.03246378438762286
 0.01854752925548001
 0.01305552300603134
 0.110404340203231
 0.07086932369254609
 0.003292815749159988
 0.04568905928133129
 0.05831498083850111
 0.03418754251729191
 0.05301754833231592
 0.02960509421940461
 0.03425662666431061
 0.04482273574035046
 0.05718378425796714
 0.02552362492307724
 0.03660105997513077


# name: Px_yz
# type: matrix
# ndims: 3
 8 2 2
 0.01023210290549441
 0.05412568899790716
 0.1773555655850033
 0.3720659352473729
 0.1372565652887565
 0.116651369568044
 0.02728904433195697
 0.1050237280754649
 0.02006178769316568
 0.1656812036013023
 0.1632803572652766
 0.02855179665614177
 0.03561539243054949
 0.1135738846641771
 0.297123501819027
 0.1761120758703602
 0.0920599698164675
 0.05259660928750294
 0.03702251837070712
 0.313081805416115
 0.2009694163240156
 0.009337682719283679
 0.1295638662504727
 0.1653681318154354
 0.1084636980994709
 0.1682039401744612
 0.09392538232298338
 0.1086828750719575
 0.142205005664702
 0.1814217769178435
 0.08097647693339007
 0.1161208448151914


# name: Pz_xy
# type: matrix
# ndims: 3
 2 8 2
 2.74909112630006e-05
 0.001080706244356594
 0.0001001050563155228
 0.0004250332639212717
 0.000391766706443506
 0.0003573232349806328
 0.004217011023360565
 0.01550441027386279
 0.0009077827609953625
 0.005807528789081934
 0.0001196370061222734
 4.184344214155429e-05
 0.0001054781440373769
 0.002188117540944432
 0.0005661382807060555
 0.003894928657222867
 0.0001979136844376073
 0.001341253025302588
 0.003944493424886534
 0.005019659674252255
 0.002901280195303429
 0.002091986203548704
 0.0002974927650619906
 0.001419463396845425
 0.0004816255549815645
 0.002410498055569047
 0.002448719510059685
 0.004903092541406687
 0.007489105144705084
 0.002558420427573793
 0.00358198619962536
 0.002960500044440932


# name: Pz_y
# type: matrix
# rows: 2
# columns: 2
 0 0
 0 0


# name: Pyz
# type: matrix
# rows: 2
# columns: 2
 0.08070783940888678 0.3526373564139036
 0.251456787547361 0.3151980166298487


# name: Px_y
# type: matrix
# rows: 8
# columns: 2
 0.07682004006650614 0.06923477029377388
 0.05288139084479326 0.1670844592667932
 0.06315867298256699 0.1247021075370925
 0.3240672316397873 0.07312418323239202
 0.1891032952750152 0.09490516538770385
 0.02932418744589224 0.1513138295357703
 0.1105158186834528 0.1768931375087487
 0.1541293630619861 0.1427423472377256


# name: Py_x
# type: matrix
# rows: 2
# columns: 8
 0.4590287400738834 0.1948711729450207 0.2791879419795972 0.7721649314485773 0.6037702654822883 0.1290753620560116 0.3233097442770805 0.452279530453547
 0.5409712599261166 0.8051288270549792 0.7208120580204028 0.2278350685514226 0.396229734517712 0.8709246379439884 0.6766902557229195 0.5477204695464529


# name: Pxy
# type: matrix
# rows: 8
# columns: 2
 0.03328959530573471 0.03923221520307253
 0.02291589667101845 0.09467921154687965
 0.02736950751153807 0.07066304832691647
 0.1404329779546932 0.0414361697301695
 0.08194700452168643 0.05377846790817503
 0.01270749575108438 0.08574270844489561
 0.04789149908889687 0.1002373461953122
 0.06679121901813832 0.08088563682178865


# name: Py
# type: matrix
# rows: 2
# columns: 1
 0.4333451958227904
 0.5666548041772097


# name: Px
# type: matrix
# rows: 8
# columns: 1
 0.07252181050880724
 0.1175951082178981
 0.09803255583845454
 0.1818691476848627
 0.1357254724298614
 0.09845020419598
 0.1481288452842091
 0.147676855839927





# name: <cell-element>
# type: scalar struct
# ndims: 2
 1 1
# length: 13
# name: X
# type: scalar
8


# name: Y
# type: scalar
2


# name: Z
# type: scalar
2


# name: Pxyz
# type: matrix
# ndims: 3
 8 2 2
 0.06084321286748529
 0.0354911170294329
 0.003992393878572815
 0.01815850961569964
 0.01459999320830709
 0.06498926266547216
 0.02399795034978382
 0.04242963122955208
 0.04424831544509472
 0.002799555824466867
 0.01623502452735916
 0.02530910386178004
 0.04718558685759242
 0.006189256523637643
 0.01012654233030422
 0.04102879690257331
 0.03962978302389843
 0.06148487731553878
 0.02278749310609161
 0.006511590192595786
 0.007161250913308757
 0.1089730629592005
 0.06877498171445515
 0.01215178803050368
 0.02391384877246906
 0.1053882691092429
 0.02591670041971495
 0.01008830876572772
 0.01297134464336687
 0.005775506371675425
 0.00651780909950661
 0.0243291324455893


# name: Px_yz
# type: matrix
# ndims: 3
 8 2 2
 0.2300292495755147
 0.1341808663960294
 0.01509399856805984
 0.06865167277419279
 0.05519802987440918
 0.245704173347387
 0.09072878058451861
 0.1604132288798884
 0.2291208338904779
 0.01449629344241852
 0.08406607846024249
 0.131052288058903
 0.2443302281606216
 0.03204839781115652
 0.05243593569173353
 0.2124499444844466
 0.1210162727804649
 0.1877545148456559
 0.06958548019419544
 0.01988424651496501
 0.02186809585739374
 0.3327677546162884
 0.2100160867045105
 0.03710754848652614
 0.1112784850522899
 0.4904039931146874
 0.1205983690747477
 0.04694399997554261
 0.06035965162858933
 0.02687520547465319
 0.03032936811443424
 0.1132109275650557


# name: Pz_xy
# type: matrix
# ndims: 3
 2 8 2
 0.006113099876453434
 0.003981723026936575
 0.003441786364343012
 0.005962557114852965
 0.0001069158568664461
 0.0006102464900449532
 0.0004479722445892026
 0.0001606415799620557
 0.0003177140163799038
 0.0001558377293406563
 0.01130568327391825
 0.01895720746282639
 0.002226360217481474
 0.006380456706314424
 0.002315869491189737
 0.0006632618372522484
 0.00301606094371911
 0.001630019687103022
 0.0003028778554295689
 0.01140172760845746
 0.0006843342883862449
 0.001092433627627544
 0.0008958767926278782
 0.0003571000280941675
 0.002838540116424752
 0.0007803162911863561
 7.405298680359401e-05
 6.910256433746633e-05
 0.000168549729314439
 0.0001084847052046069
 0.002681557209198499
 0.001590101719480916


# name: Pz_y
# type: matrix
# rows: 2
# columns: 2
 0 0
 0 0


# name: Pyz
# type: matrix
# rows: 2
# columns: 2
 0.2645020708443058 0.3274748272555926
 0.1931221822728084 0.2149009196272928


# name: Px_y
# type: matrix
# rows: 8
# columns: 2
 0.1697245217066367 0.1670546689639459
 0.1638171939753747 0.2651512241093595
 0.04523806092876485 0.1033072018490619
 0.04167409216048876 0.08675345210275454
 0.03676029282808861 0.1474351114454492
 0.2938667474745201 0.0293237388755563
 0.1567171495408308 0.04079266921970995
 0.09220194138529528 0.1601819334341627


# name: Py_x
# type: matrix
# rows: 2
# columns: 8
 0.595800993259488 0.4726759069212182 0.388499358047567 0.4107062005382937 0.2656461030318508 0.9356480919991014 0.8478818802815922 0.4550751683531803
 0.4041990067405119 0.5273240930787817 0.611500641952433 0.5892937994617063 0.7343538969681491 0.0643519080008987 0.1521181197184078 0.5449248316468196


# name: Pxy
# type: matrix
# rows: 8
# columns: 2
 0.1004729958913837 0.06816216421756377
 0.09697599434497167 0.1081878249337098
 0.02677988698466443 0.0421517249470741
 0.02467009980829543 0.03539741262750776
 0.02176124412161584 0.06015693150095929
 0.1739623256246726 0.01196476289531307
 0.09277293206423896 0.01664435142981083
 0.05458141926005576 0.06535792934816261


# name: Py
# type: matrix
# rows: 2
# columns: 1
 0.5919768980998985
 0.4080231019001012


# name: Px
# type: matrix
# rows: 8
# columns: 1
 0.1686351601089475
 0.2051638192786814
 0.06893161193173852
 0.06006751243580319
 0.08191817562257514
 0.1859270885199857
 0.1094172834940498
 0.1199393486082184





# name: <cell-element>
# type: scalar struct
# ndims: 2
 1 1
# length: 13
# name: X
# type: scalar
8


# name: Y
# type: scalar
2


# name: Z
# type: scalar
2


# name: Pxyz
# type: matrix
# ndims: 3
 8 2 2
 0.04065234513103055
 0.006539736512239168
 0.05239642553882274
 0.04766159358523259
 0.03165672884130206
 0.02446239265921763
 0.04091148825305954
 0.04582906124146456
 0.004221917027478972
 0.09211068712509511
 0.04023179870759976
 0.01092770463125129
 0.1003042730302337
 0.03749848299365034
 0.03059095042238463
 0.02618292922396567
 0.002169287429618093
 0.01372323471585639
 0.01108002219123738
 0.01119688981045999
 0.08952579265000921
 0.01178860996018565
 0.01561836623414774
 0.005475056610322224
 0.05573626722299991
 0.02334571314605114
 0.03740669549693025
 0.01543263647765909
 0.02260684067424161
 0.01519304706428739
 0.01479300139964574
 0.02273002399231995


# name: Px_yz
# type: matrix
# ndims: 3
 8 2 2
 0.1401274589410563
 0.02254228277976075
 0.1806089647395299
 0.1642881358173367
 0.109119829535533
 0.08432116060969833
 0.1410207177942646
 0.1579714497828205
 0.01234230578467008
 0.2692753692539637
 0.11761319767409
 0.03194593148221945
 0.293228408135585
 0.1096226525904146
 0.08942924787468101
 0.07654288720437631
 0.01350930657925663
 0.08546188140141495
 0.0690011911942645
 0.06972898801625781
 0.5575247259294069
 0.07341394410028163
 0.09726387330855348
 0.03409608947056412
 0.2689400252069075
 0.1126483167028689
 0.180495719054902
 0.07446594201769517
 0.109083090843769
 0.07330986921121017
 0.07137955890352161
 0.1096774780591257


# name: Pz_xy
# type: matrix
# ndims: 3
 2 8 2
 0.001740799785929664
 9.289242922953992e-05
 0.0001325144927868282
 0.0002780735102038
 0.003325938966957069
 0.0007033204494699853
 0.002805289114648661
 0.0006590319529923586
 0.003836242223155701
 0.01084896129183642
 0.0008867862603661697
 0.0004273489305458135
 0.002312720477800546
 0.0008829039705442835
 0.002351219558968852
 0.0002808929495811757
 0.0002531384790238183
 0.003341845379590555
 0.0106347683619653
 0.002695412001605841
 0.003123536270797802
 0.002904199511549038
 0.0002880580216172038
 0.0004068095617609068
 0.01232850990746378
 0.002778631964610668
 0.001975852443786993
 0.0008005448960595619
 0.001388338220159624
 0.0006713648628247502
 0.00128068439219715
 0.001111792600141395


# name: Pz_y
# type: matrix
# rows: 2
# columns: 2
 0 0
 0 0


# name: Pyz
# type: matrix
# rows: 2
# columns: 2
 0.2901097717623689 0.1605772596018367
 0.3420687431616594 0.2072442254741351


# name: Px_y
# type: matrix
# rows: 8
# columns: 2
 0.09501412195294338 0.1091512264845732
 0.04496018260556694 0.2101832777731052
 0.1408437414715935 0.141337449937407
 0.1305972422093689 0.04798783683257225
 0.2688839772568966 0.2237542543547116
 0.08043498058879892 0.09592260344552919
 0.1254303997079624 0.0826194799928724
 0.1138353542068694 0.08904387117922913


# name: Py_x
# type: matrix
# rows: 2
# columns: 8
 0.4166346456847599 0.1493005088681003 0.4498208826070512 0.6906746688639601 0.4964591616414383 0.4075778092682825 0.554682986873029 0.5119299267580718
 0.5833653543152401 0.8506994911318997 0.5501791173929488 0.3093253311360399 0.5035408383585617 0.5924221907317175 0.4453170131269711 0.4880700732419282


# name: Pxy
# type: matrix
# rows: 8
# columns: 2
 0.04282163256064864 0.05995818425047888
 0.02026297122809555 0.1154564002711462
 0.06347644773006011 0.07763849420453001
 0.05885848339569258 0.02636034110891038
 0.1211825214913113 0.1229111137044753
 0.03625100261940328 0.05269153005793773
 0.05652985448720729 0.04538395182203037
 0.05130411785178678 0.04891295321628562


# name: Py
# type: matrix
# rows: 2
# columns: 1
 0.4506870313642055
 0.5493129686357945


# name: Px
# type: matrix
# rows: 8
# columns: 1
 0.1027798168111275
 0.1357193714992418
 0.1411149419345901
 0.08521882450460296
 0.2440936351957865
 0.08894253267734101
 0.1019138063092377
 0.1002170710680724





# name: <cell-element>
# type: scalar struct
# ndims: 2
 1 1
# length: 13
# name: X
# type: scalar
8


# name: Y
# type: scalar
2


# name: Z
# type: scalar
2


# name: Pxyz
# type: matrix
# ndims: 3
 8 2 2
 0.01393142436658168
 0.14119975134042
 0.03627109106542602
 0.002685652771952835
 0.004691979271889518
 0.03299019602084676
 0.01937797920468768
 0.06060278675707891
 0.05221740936658843
 0.01692484719620701
 0.01474977675286961
 0.1667922211217826
 0.004479316432579896
 0.005833493958877676
 0.06880722602970674
 0.02437506833456434
 0.05020668312642081
 0.004808431082268146
 0.01463070231744328
 0.02710201063320375
 0.007951980605152819
 0.007925424437172155
 0.01157323386304419
 0.0005675756875294009
 0.04296270897456355
 0.08745359681383376
 0.01971727704465404
 0.0274817053437705
 0.006060642797677963
 0.01887651016726202
 0.006506681660189787
 0.0002446154537542197


# name: Px_yz
# type: matrix
# ndims: 3
 8 2 2
 0.04468768532308597
 0.4529249766258407
 0.1163464022921342
 0.008614740517702698
 0.0150504132045249
 0.1058223093155447
 0.06215854273835926
 0.1943949299828075
 0.1474321075218504
 0.04778609130346265
 0.04164493601905467
 0.4709258650807229
 0.01264702845130168
 0.01647045150278217
 0.1942722641614413
 0.06882125595938443
 0.4024066358226164
 0.03853958188251994
 0.117265099637428
 0.2172226533163889
 0.06373513572662812
 0.06352228800293899
 0.09275948567821672
 0.004549119933262896
 0.2052648907879329
 0.4178310313167552
 0.09420413227672737
 0.1313005948809007
 0.02895620903948543
 0.09018716208594722
 0.0310872692213485
 0.001168710390902687


# name: Pz_xy
# type: matrix
# ndims: 3
 2 8 2
 0.0008935351935544498
 0.003220161639229492
 0.02061631905175024
 0.0007020702826267311
 0.001846263583183552
 0.0007447289864087651
 7.99993207940568e-05
 0.000807305570344848
 5.932519765768539e-05
 0.0001005445237145711
 0.001349814339224612
 0.000324273658240044
 0.000599771963186366
 0.0003582056271777704
 0.003707094431083825
 3.47188105209212e-05
 0.004970059202980264
 0.004089195724455431
 0.001766589215447789
 0.009128270358509428
 0.0005083813488426204
 0.0006795964486387686
 0.03240337970123947
 0.005338978803103667
 4.721181257881618e-05
 6.387892799668166e-05
 0.0001441456597936783
 0.0004664386441201622
 0.005182141069599178
 0.0004900436219230763
 0.0006001064747156306
 6.022355121164951e-06


# name: Pz_y
# type: matrix
# rows: 2
# columns: 2
 0 0
 0 0


# name: Pyz
# type: matrix
# rows: 2
# columns: 2
 0.3117508607988834 0.1247660417522345
 0.3541793591931762 0.2093037382557058


# name: Px_y
# type: matrix
# rows: 8
# columns: 2
 0.1469315554979951 0.1689138836143821
 0.3344846020151303 0.1852379325708342
 0.1166089860103607 0.06116785748067699
 0.06823942722737597 0.3447732990485615
 0.02896556766335452 0.01870501400658965
 0.09373204157478764 0.0438522543764169
 0.07090495897603268 0.1336577938732738
 0.140132861034963 0.04369196502926515


# name: Py_x
# type: matrix
# rows: 2
# columns: 8
 0.4025785948669072 0.5831309143897746 0.596257242121458 0.1329440865895175 0.5453762937371959 0.6234701874044419 0.2912640840857464 0.7130240060545703
 0.5974214051330929 0.4168690856102253 0.403742757878542 0.8670559134104826 0.4546237062628043 0.3765298125955581 0.7087359159142537 0.2869759939454297


# name: Pxy
# type: matrix
# rows: 8
# columns: 2
 0.06413810749300249 0.09518011834115198
 0.1460081824226881 0.1043784440100408
 0.05090179338286931 0.03446705379752364
 0.02978766340515658 0.1942739264655531
 0.01264395987704234 0.01053995923025786
 0.04091562045801891 0.02471000412613969
 0.03095121306773187 0.07531390768989653
 0.06117036244460831 0.02461968378831856


# name: Py
# type: matrix
# rows: 2
# columns: 1
 0.436516902551118
 0.563483097448882


# name: Px
# type: matrix
# rows: 8
# columns: 1
 0.1593182258341544
 0.2503866264327289
 0.08536884718039295
 0.2240615898707097
 0.02318391910730019
 0.0656256245841586
 0.1062651207576284
 0.08579004623292687





# name: <cell-element>
# type: scalar struct
# ndims: 2
 1 1
# length: 13
# name: X
# type: scalar
8


# name: Y
# type: scalar
2


# name: Z
# type: scalar
2


# name: Pxyz
# type: matrix
# ndims: 3
 8 2 2
 0.01140502241395791
 0.03395093496125577
 0.006274538295940489
 0.03934102952970422
 0.04264526978864443
 0.01929472734240075
 0.02128235988541788
 0.06452428647492986
 0.02320154550208823
 0.01351819530139534
 0.0248891635227684
 0.08345852525311609
 0.02967815247585422
 0.03005961254907068
 0.03626609125945181
 0.02780536132187716
 0.07145871580066217
 0.01189730870114704
 0.05529870369400937
 0.03430120121743731
 0.03079571628525188
 0.01467093829577763
 0.00974326521999455
 0.06191242068091021
 0.0002381411747109407
 0.001603892451023693
 0.0995375064828584
 0.002194614353701298
 0.03201559311048983
 0.006402392184608864
 0.02597873131489328
 0.0343560431546502


# name: Px_yz
# type: matrix
# ndims: 3
 8 2 2
 0.04777609712925094
 0.1422218306517941
 0.02628429302350022
 0.16480115336517
 0.1786427485694292
 0.08082638807134518
 0.08915266065422314
 0.2702948285352873
 0.08629066802544139
 0.05027656898764772
 0.09256721914412261
 0.3103970766025641
 0.1103783195249589
 0.1117970372797705
 0.1348800337963718
 0.103413076639123
 0.2463428778256342
 0.04101413285954071
 0.1906337338332501
 0.118248089489195
 0.1061634720049139
 0.05057579218560036
 0.03358840089440324
 0.2134335009074624
 0.001177011845511733
 0.007927232306942191
 0.4919637452247893
 0.01084687305238959
 0.1582369465417739
 0.03164379889384232
 0.1283997801980743
 0.1698046119366765


# name: Pz_xy
# type: matrix
# ndims: 3
 2 8 2
 0.0009450627916420826
 0.005921336319259006
 0.001556590738670045
 0.0005454707082570146
 0.0003863436648711513
 0.003404920464281773
 0.002897161174456588
 0.002526016974958651
 0.003131910664665387
 0.002261667770840845
 0.0006553582574918018
 0.0004983081847527295
 0.0006602985191634434
 0.0003022908940181547
 0.008158238313470239
 0.00782800260294142
 0.0005438369569864474
 5.581954520069341e-06
 0.0002044233356020389
 2.425420238982273e-05
 0.003096875736363588
 0.01238512047232556
 0.007148484714884247
 0.0001879756096207026
 0.001830956388318077
 0.001975161856154469
 0.001096033735056788
 0.0002334440541420813
 0.002257376415909585
 0.001617041521402115
 0.001728420311745195
 0.00213561989474924


# name: Pz_y
# type: matrix
# rows: 2
# columns: 2
 0 0
 0 0


# name: Pyz
# type: matrix
# rows: 2
# columns: 2
 0.2387181686922513 0.2900782698951902
 0.2688766471856219 0.2023269142269365


# name: Px_y
# type: matrix
# rows: 8
# columns: 2
 0.156702527036626 0.04974429014613653
 0.08670301143645348 0.03209247338260037
 0.1164403492474886 0.2640613955306803
 0.1392638553766737 0.1817752381795444
 0.1388832842181711 0.1309280120918454
 0.06423202419613465 0.07738057968911556
 0.05867215215800295 0.1320975214782962
 0.2391027963304495 0.1319204895017813


# name: Py_x
# type: matrix
# rows: 2
# columns: 8
 0.7795020555476834 0.7519762907383039 0.3310390920583562 0.4622998809287827 0.5434649195777719 0.4822772847495842 0.3326415373488758 0.6704028267382761
 0.2204979444523166 0.2480237092616961 0.6689609079416438 0.5377001190712175 0.4565350804222281 0.5177227152504158 0.6673584626511242 0.3295971732617239


# name: Pxy
# type: matrix
# rows: 8
# columns: 2
 0.08286373821462008 0.02343968667679917
 0.04584824366240281 0.01512208775241903
 0.06157324198994986 0.1244266700056268
 0.07364223074714155 0.08565313960681739
 0.07344098607389632 0.06169374558634406
 0.03396566563817838 0.03646200473367954
 0.03102562510541243 0.06224482257434509
 0.1264367071558401 0.06216140447652736


# name: Py
# type: matrix
# rows: 2
# columns: 1
 0.5287964385874415
 0.4712035614125585


# name: Px
# type: matrix
# rows: 8
# columns: 1
 0.1063034248914193
 0.06097033141482184
 0.1859999119955767
 0.1592953703539589
 0.1351347316602404
 0.07042767037185792
 0.09327044767975752
 0.1885981116323674





# name: <cell-element>
# type: scalar struct
# ndims: 2
 1 1
# length: 13
# name: X
# type: scalar
8


# name: Y
# type: scalar
2


# name: Z
# type: scalar
2


# name: Pxyz
# type: matrix
# ndims: 3
 8 2 2
 0.0006243319048876428
 0.02925817366287632
 0.02978935453259452
 0.01369736171209185
 0.02569530056047162
 0.009772008675503655
 0.01821502015393632
 0.0728497636350887
 0.04137024863186778
 0.02574756126635318
 0.06455438842787614
 0.004723046927413935
 0.1577417593517191
 0.03547696648599036
 0.0002629017882240816
 0.0001621276959614146
 0.001700689457771159
 0.04652775898178167
 0.06758499659421692
 0.007635340187226724
 0.006082846553979647
 0.007600577376975289
 0.006924801308298474
 0.08035211106877463
 0.0002620693229394442
 0.08305728290463185
 0.008903742162490368
 0.006128310015260216
 0.08599029907757438
 0.03305595335292934
 0.005152668737452949
 0.02310023748484048


# name: Px_yz
# type: matrix
# ndims: 3
 8 2 2
 0.003123200592228806
 0.1463630876398564
 0.1490203031271589
 0.06852061840228434
 0.1285399277206641
 0.04888416408591283
 0.09112006176021317
 0.3644286366716815
 0.1253495755342274
 0.07801369299223314
 0.1955962426117183
 0.01431057214201821
 0.4779488456718887
 0.1074932551126931
 0.000796577943108923
 0.0004912379921123058
 0.007578521969977926
 0.2073345266215655
 0.3011686696767165
 0.03402419712355225
 0.02710605751020199
 0.03386928893615516
 0.03085793153645422
 0.3580608066253764
 0.001066837867892208
 0.3381115103936527
 0.03624555975629419
 0.02494726630775239
 0.3500513005428355
 0.1345649403014336
 0.02097560320362004
 0.09403698162651938


# name: Pz_xy
# type: matrix
# ndims: 3
 2 8 2
 1.451585016253232e-06
 3.954139320566558e-06
 0.002217357978520451
 0.003526149608300186
 0.00290071906809793
 0.006581045189269634
 0.0002922017342111954
 0.000162882436113995
 0.0008165490413607093
 0.0001933015926669982
 0.000169765061620758
 0.0001320416845300279
 0.0004579223546009675
 0.0001740882685520735
 0.01116072036062892
 0.01231009405214932
 0.001722339344911348
 1.0910553378816e-05
 0.002801459391368447
 0.009037034723703888
 0.004742044695316171
 0.0006540522545151698
 5.125146806636903e-05
 6.650047943095349e-05
 0.03844672370705274
 0.02095859259912778
 0.002431340100312419
 0.002265421001335376
 1.423763175454121e-06
 2.790464094312767e-05
 3.771473669376446e-06
 0.0005373661601356078


# name: Pz_y
# type: matrix
# rows: 2
# columns: 2
 0 0
 0 0


# name: Pyz
# type: matrix
# rows: 2
# columns: 2
 0.1999013148374506 0.2244091215290245
 0.330039000575406 0.245650563058119


# name: Px_y
# type: matrix
# rows: 8
# columns: 2
 0.005479529050873239 0.07231730534081682
 0.1786096361278326 0.1889991603881992
 0.2294884659464506 0.1276002471309847
 0.0502761659175727 0.01884932023812396
 0.07489362596541137 0.4233741131087266
 0.04094310335905647 0.1190449231116281
 0.0592486521838026 0.00940710213938236
 0.3610608214490004 0.0404078285421383


# name: Py_x
# type: matrix
# rows: 2
# columns: 8
 0.05289267728119697 0.410561859872056 0.5699990432031523 0.6628344176243038 0.1153429037292255 0.2022290174792904 0.8227621976566522 0.8681751883780765
 0.947107322718803 0.589438140127944 0.4300009567968477 0.3371655823756962 0.8846570962707746 0.7977709825207095 0.1772378023433478 0.1318248116219234


# name: Pxy
# type: matrix
# rows: 8
# columns: 2
 0.002325021362658801 0.04163231795480722
 0.07578593264465799 0.108804844170985
 0.09737435112681143 0.07345813059036652
 0.02133270189931858 0.01085135694267415
 0.03177814711445127 0.2437320584292935
 0.01737258605247894 0.06853291983891971
 0.02513982146223479 0.00541557052567703
 0.1532018747038633 0.02326236518080189


# name: Py
# type: matrix
# rows: 2
# columns: 1
 0.4243104363664751
 0.575689563633525


# name: Px
# type: matrix
# rows: 8
# columns: 1
 0.04395733931746602
 0.184590776815643
 0.1708324817171779
 0.03218405884199273
 0.2755102055437447
 0.08590550589139866
 0.03055539198791182
 0.1764642398846652







# name: model_delta
# type: cell
# rows: 1
# columns: 8
# name: <cell-element>
# type: matrix
# ndims: 3
 8 2 2
 -0.1982688715612513
 0.2584912020423356
 0.03139562286675982
 -0.03658648718822768
 -0.00776392310718799
 -0.06526937099121467
 -0.004611222862992925
 0.02261305080177929
 -0.0312279210820875
 -0.004184478930256835
 0.01959596638988738
 -0.001297652213829437
 -0.00863351295861587
 0.02842158518840207
 -0.003527292863405071
 0.0008533064699052795
 0.213204443639221
 -0.2779633155880648
 -0.03376065165099021
 0.03934254320537545
 0.008348778572708705
 0.07018610546015458
 0.004958585769209607
 -0.0243164894076142
 0.07562977496576509
 0.01013423849165033
 -0.0474587637264776
 0.003142737060778722
 0.02090919342686155
 -0.06883321135335349
 0.008542623276023786
 -0.002066592141248422



# name: <cell-element>
# type: matrix
# ndims: 3
 8 2 2
 0.02220420015828068
 0.05861800722926291
 0.01617442032119756
 0.01494066864569357
 -0.06636722294025804
 -0.02324783359578106
 -0.04246832056486174
 0.02014608074646612
 -0.001110356276469935
 0.02040269161110145
 -0.04495307603887183
 0.0970253146742056
 -0.02848768076048946
 -0.03389807146721319
 0.03165758011108924
 -0.04063640185335181
 -0.0512079248555905
 -0.1351864281524737
 -0.03730188407987922
 -0.03445657271359218
 0.1530578782830661
 0.05361478041730147
 0.09794158549852325
 -0.04646143439735494
 0.002041471836694099
 -0.03751185200595059
 0.08264954289976503
 -0.1783881908458207
 0.05237670034177208
 0.06232410234899355
 -0.05820479388844695
 0.07471301931299343



# name: <cell-element>
# type: matrix
# ndims: 3
 8 2 2
 0.06658793716101173
 -0.001244298153113908
 -0.1141968926024363
 -0.04799870360758557
 0.05184672998625878
 -0.08732718212215175
 0.08322677435149586
 0.04910563498652117
 0.04917298260060821
 0.001403255665490849
 -0.03857824972818411
 0.04457238657625025
 0.05928977295715437
 0.03773994487159318
 -0.1202303643102782
 -0.03336972863263463
 -0.01523992974996136
 0.0002847815572903159
 0.02613615461185987
 0.01098542622367232
 -0.01186612104900039
 0.01998650472660856
 -0.01904804756701989
 -0.01123876875344934
 -0.03922892780569701
 -0.001119480907668086
 0.03077672521410908
 -0.03555869183956543
 -0.0472998402769981
 -0.0301079473820732
 0.09591666057535868
 0.02662150242253417



# name: <cell-element>
# type: matrix
# ndims: 3
 8 2 2
 -0.06030472786887792
 0.02963632757934528
 0.03014406236070501
 -0.02697758061370403
 -0.01843773704632057
 0.04816257412713312
 0.06598836895631222
 -0.0682112874945931
 -0.062066164926532
 0.250654930666941
 0.01924112338881941
 -0.04429883595614842
 -0.0968951167151724
 -0.00272465893560022
 -0.01164326647202358
 -0.05226801105028384
 0.04870824892617182
 -0.02393732087028125
 -0.0243474192654306
 0.02178984564552375
 0.01489219697069487
 -0.03890100714176825
 -0.0532989371636797
 0.05509439289876913
 0.05577618391165602
 -0.2252527690053279
 -0.01729116722568579
 0.03980945212721193
 0.08707545981685988
 0.002448533400903112
 0.01046330110527571
 0.04697100586910706



# name: <cell-element>
# type: matrix
# ndims: 3
 8 2 2
 -0.04511333698811291
 0.02241789982580619
 -0.03976522326793638
 -0.03369089360796779
 0.1597641477213636
 -0.00388618002089941
 -0.01559031808630224
 -0.04413609557595111
 0.09680892069990316
 -0.05909209148085848
 0.02372425226331698
 0.0160419053503528
 -0.06947415378087338
 -0.01370004914488536
 -0.006809767881808607
 0.01250098397485282
 0.08150481537368676
 -0.04050169879584801
 0.07184255027732901
 0.06086825419311108
 -0.2886407486725104
 0.00702103648851729
 0.02816652639940893
 0.07973926473630527
 -0.1597887987223343
 0.09753496107023635
 -0.03915826911749506
 -0.02647810518512293
 0.1146711635109426
 0.02261273423431902
 0.01123992108935079
 -0.02063360687989658



# name: <cell-element>
# type: matrix
# ndims: 3
 8 2 2
 0.1022438701749091
 -0.1184403746107104
 0.0002625837182265028
 0.05962468670967327
 0.01391515445882962
 -0.01209026774075707
 0.008746416237673416
 -0.05426206894784447
 0.02148177609253171
 0.1374518412673715
 0.01952292146162232
 -0.1261525660321615
 0.006057985555287974
 0.02738180287363473
 -0.06061447028816749
 -0.02512929093011929
 -0.2554750803246214
 0.2959450201326104
 -0.0006561136270672452
 -0.1489832260890129
 -0.0347695680632736
 0.03020975357184864
 -0.02185452670218405
 0.1355837411017001
 -0.0363510071735508
 -0.232593098745921
 -0.03303627479605038
 0.2134727041676608
 -0.01025119503289578
 -0.04633490770953032
 0.1025705246519253
 0.04252325463836246



# name: <cell-element>
# type: matrix
# ndims: 3
 8 2 2
 0.108926429907375
 -0.05551881921534058
 0.09015605622398841
 -0.0255372979884963
 -0.03975946435125804
 -0.01659436387521053
 -0.03048050849622019
 -0.03119203220483782
 -0.03654637787930486
 -0.01818409560504735
 0.1714941763865577
 -0.1286218384230197
 0.02054969256688646
 -0.03441645759065495
 -0.002782512318075581
 0.02850741286265825
 -0.0896403507890082
 0.04568887857691277
 -0.07419338458576145
 0.02101576588747864
 0.03271981221325726
 0.01365623201053429
 0.02508375126359971
 0.02566929542298707
 0.04856727830062479
 0.02416524107565818
 -0.2279023496941089
 0.1709283651271548
 -0.02730893444992855
 0.04573678079527324
 0.003697741280221878
 -0.03788412243489528



# name: <cell-element>
# type: matrix
# ndims: 3
 8 2 2
 0.002356328458644433
 0.03224654848797615
 0.0804681628192917
 -0.01824445248471164
 -0.05364630175525274
 -0.00794106072685636
 -0.03187140957641057
 -0.003367815222681148
 -0.05303227019341061
 0.1109854673959661
 -0.06799599548073362
 0.004538748096105751
 -0.05457473256316209
 0.01155166799893503
 0.008610524196273438
 0.03991659055002599
 -0.002098992919104687
 -0.02872489049373292
 -0.0716802037302659
 0.01625196879402045
 0.04778756845520937
 0.007073814422901302
 0.02839072064734838
 0.003000014823623998
 0.07125046747292461
 -0.1491123500054535
 0.09135468737469048
 -0.006097946069628431
 0.07332281256589107
 -0.01552001718980553
 -0.01156850106423768
 -0.05362915308438108





# name: n
# type: scalar
8


# name: n_data
# type: scalar
1


# name: n_iter
# type: scalar
10000


# name: n_models
# type: scalar
8


# name: n_samples
# type: scalar
100


# name: policy
# type: matrix
# rows: 2
# columns: 8
 0.3560299144226044 0.4132368714407531 0.334543138542353 0.2758605131983818 0.5710252234060543 0.5203621728959069 0.9770640984927127 0.276994826468372
 0.6439700855773957 0.5867631285592469 0.665456861457647 0.7241394868016182 0.4289747765939457 0.4796378271040931 0.02293590150728734 0.723005173531628


# name: policy_index
# type: scalar
2


# name: prior_belief
# type: matrix
# rows: 8
# columns: 1
 0.125
 0.125
 0.125
 0.125
 0.125
 0.125
 0.125
 0.125


# name: random_policy
# type: matrix
# rows: 2
# columns: 8
 0.9472197663371315 0.1508674848758444 0.687255847145848 0.5845769178975326 0.269788095648602 0.6685059052860793 0.4837481030568924 0.9730459762700812
 0.05278023366286857 0.8491325151241557 0.312744152854152 0.4154230821024674 0.7302119043513979 0.3314940947139206 0.5162518969431076 0.0269540237299189


# name: time
# type: scalar
100


# name: true_belief
# type: matrix
# rows: 8
# columns: 1
 1
 0
 0
 0
 0
 0
 0
 0


# name: utility
# type: diagonal matrix
# rows: 2
# columns: 2
1
1


# name: x
# type: scalar
4


# name: y
# type: scalar
2


# name: z
# type: scalar
1


