# Created by Octave 4.0.0, Sat Apr 14 06:30:29 2018 CEST <olethros@olethros-OptiPlex-9010>
# name: A
# type: scalar
2


# name: K
# type: scalar
3


# name: PF
# type: matrix
# ndims: 3
 100 3 2
 0.3218307588457339
 0.1125128847576675
 0.1355927150447914
 0.07154318851370498
 0.07126072545999342
 0.1917348456338999
 0.1917636910334763
 0.1917661714526989
 0.1917832589914903
 0.1917874718773744
 0.4840283821281079
 0.1124617416184936
 0.1917780917717446
 0.1917647242856438
 0.1917644161430068
 0.1917604666062943
 0.1917604171941568
 0.1917603926579939
 0.1917604416284773
 0.1917604307136413
 0.1917603040466123
 0.1917602717031453
 0.1917603695127114
 0.1917604227253389
 0.1917604086120168
 0.1917604474674841
 0.1917604745129195
 0.1917604906574057
 0.1917604869795146
 0.1917604399674494
 0.1917604673431506
 0.1917604543872533
 0.1917604952570691
 0.1917604922857728
 0.1917604929669937
 0.1917604870320178
 0.1917604794686592
 0.1917604740718648
 0.1917604629526843
 0.191760483747866
 0.1917604752834406
 0.1917604644966715
 0.1917604846701706
 0.191760504984527
 0.191760505278031
 0.1917605038462399
 0.1917605081754601
 0.1917604721791965
 0.1917604877420223
 0.1917604985557413
 0.1917604990455228
 0.1917605047514965
 0.1917605087162048
 0.1917605127085037
 0.1917605139908777
 0.1917605138243729
 0.1917605137055633
 0.1917605140648002
 0.1917605139185785
 0.1917605143795672
 0.1917605143862275
 0.1917605144713849
 0.1917605145222526
 0.1917605145245564
 0.1917605144000097
 0.1917605144060459
 0.191760514536147
 0.1917605145609372
 0.1917605145552873
 0.1917605144830594
 0.1917605144516007
 0.1917605145507796
 0.1917605145696779
 0.1917605145619856
 0.1917605145763715
 0.1917605145849647
 0.1917605145900977
 0.1917605145880084
 0.191760514533617
 0.191760514535574
 0.1917605145185243
 0.1917605143989269
 0.1917605143443837
 0.1917605142748748
 0.1917605142252765
 0.1917605141230867
 0.1917605139928578
 0.1917605135954012
 0.1917605139989965
 0.1917605142400782
 0.1917604607948153
 0.1917604460329538
 0.1917604354997984
 0.1917604137982576
 0.1917603861431594
 0.191760350901555
 0.1917602433556001
 0.1917584036400174
 0.1917570199423266
 0.1917584250323351
 0.09553724262124069
 0.2357209019762843
 0.1590689329808505
 0.1426853700560394
 0.1116542056615021
 0.09110571032952064
 0.1229961179464549
 0.1498639869534377
 0.08791537101288542
 0.0886382152523163
 0.1046222051135429
 0.0928359944840086
 0.210371808861471
 0.2104992539278377
 0.2103900970798763
 0.2103389425972927
 0.2103649939935829
 0.2103833983573382
 0.2104104307169464
 0.2103569647183697
 0.210443055603808
 0.210475088870475
 0.2105517381377675
 0.2106872782477023
 0.2103858021676972
 0.2102967633299147
 0.2102511513590088
 0.2103475583981195
 0.2103257439235302
 0.2103342164238445
 0.2104313826658317
 0.2102129068174859
 0.2102835462822992
 0.2105138008649383
 0.2103121950749734
 0.2103730590186118
 0.2105050046043505
 0.2102541029653842
 0.2104281407796152
 0.2103313259792626
 0.2103069180391549
 0.2103922932414219
 0.2103111128299124
 0.2103297843713086
 0.2103078495878355
 0.2102061693481635
 0.2103232541776783
 0.210333119040835
 0.2104661578702577
 0.2104881395373904
 0.2103586725519499
 0.2102348694011713
 0.2104892695619682
 0.2102994672027178
 0.210352323584554
 0.210384502359831
 0.2103722996852884
 0.2103436799670931
 0.2102088778393065
 0.2103573097136869
 0.2102897411491889
 0.2102715806825058
 0.2103319535754008
 0.2102169417225636
 0.2107810779524437
 0.2103499906163562
 0.2105655442566912
 0.2103840969639193
 0.2103484269984721
 0.2101476231325765
 0.2103658416696637
 0.2104618006713233
 0.2103424081098002
 0.210470310340044
 0.210353027054657
 0.2103366891475013
 0.2103307049383217
 0.210352108948816
 0.2103284063255161
 0.2106153553862914
 0.2103469548484678
 0.2104946399233165
 0.2103577758029171
 0.2104895510732263
 0.2103754487435885
 0.2103139294220316
 0.2103210311207322
 0.2102856045992446
 0.21048226504954
 0.210356407684561
 0.2103642715813981
 0.2104890555540803
 0.2105063962117549
 0.2103600365072577
 0.2104378061961663
 0.2104133124562715
 0.2103166484028345
 0.2103388961818005
 0.2103661210113624
 0.2103457749580576
 5.987398420369879e-06
 0.0006650792016155956
 0.006128034650168202
 0.0007988027518912567
 0.0007484559462721356
 0.0005101752798769327
 0.001143817216170875
 0.006295283863555447
 0.008995510668440183
 0.0002058362762395456
 0.001752554584670973
 0.0004178184354822395
 0.001194737958884293
 0.0009166041641399708
 0.0004133775996099897
 0.0002503229093740371
 7.706990320856667e-05
 0.000414295971845511
 0.0003347144474831514
 3.902922847490403e-05
 5.759609924912697e-06
 1.371518529787044e-06
 2.118907625452127e-06
 9.454018800749255e-07
 4.891549342375331e-07
 3.695313257176449e-07
 4.010846048048498e-08
 4.413277317704377e-09
 3.217699473512768e-09
 2.76442645983678e-08
 1.477460981249429e-11
 2.101717866583031e-11
 2.014124110549798e-12
 9.509884199565555e-13
 3.802873814462426e-13
 6.373937835868482e-14
 1.986876375231761e-14
 8.352693536828326e-15
 5.955414113245627e-15
 4.00981331472039e-15
 7.252336751972788e-15
 8.69421722116126e-15
 1.447691792832995e-14
 1.026013041888207e-14
 1.48765548491081e-14
 8.420510382717294e-15
 6.447370849010925e-15
 8.170357836470576e-15
 6.717282979851191e-15
 7.845503760539607e-15
 8.173583337933721e-15
 5.815009931908754e-15
 7.739712733559334e-15
 8.658004868600244e-15
 6.190577564457733e-15
 5.905432393094046e-15
 7.882583474838611e-15
 5.14443088822647e-15
 7.666610402079499e-15
 6.236547736571119e-15
 8.15797082664993e-15
 8.278100427361323e-15
 8.536574225281868e-15
 3.686178966233467e-15
 8.170981252719756e-15
 7.618038144752148e-15
 6.740376486125133e-15
 5.660619542546819e-15
 6.369904603786836e-15
 5.646524914304507e-15
 8.158838188387918e-15
 4.141869139329124e-15
 8.215753720245723e-15
 8.795156443419661e-15
 7.203656074428189e-15
 8.788000709081256e-15
 2.358356565590469e-15
 8.073619897630557e-15
 5.541790984442407e-15
 6.440811425867388e-15
 8.181931694661859e-15
 6.507083283660564e-15
 3.223116218364908e-15
 7.741203511546502e-15
 7.46755088321116e-15
 3.073442108453284e-15
 6.517572939679361e-15
 8.453009342837547e-15
 6.697875760963701e-15
 7.913157976102703e-15
 6.465748075834554e-15
 7.764730698689437e-15
 8.161006592732889e-15
 6.466398597138046e-15
 8.200254711376864e-15
 8.184208519224079e-15
 8.154501379697976e-15
 8.173800178368218e-15
 7.679837668583822e-15
 8.147779326228566e-15
 0.3222048538021639
 0.6277472095183816
 0.6277472095183816
 0.1754459476643938
 0.6587803091442819
 0.5984551075105455
 0.3836442542736511
 0.6587803091442819
 0.6587803091442819
 0.1119943227294018
 0.4100826469638186
 0.4100826469638186
 0.5963475291092381
 0.1917605145977123
 0.1917605145977123
 0.1917605145977123
 0.1917605145977123
 0.1917605145977123
 0.2911162353290573
 0.3482675226700175
 0.2911162353290573
 0.2695194654882014
 0.196562619947252
 0.1917605145977123
 0.1917605145977123
 0.1917605145977123
 0.216116345817853
 0.1917605145977123
 0.1917605145977123
 0.1917605145977123
 0.1917605145977123
 0.1917605145977123
 0.1917605145977123
 0.1917605145977123
 0.1989317128599349
 0.2151723380512178
 0.2556325495510707
 0.2826377466255319
 0.2667911794901907
 0.2544756091614868
 0.2911162353290573
 0.1917605145977123
 0.1917605145977123
 0.1917605145977123
 0.1917605145977123
 0.1917605145977123
 0.1917605145977123
 0.1917605145977123
 0.1917605145977123
 0.1917605145977123
 0.1917605145977123
 0.1917605145977123
 0.1917605145977123
 0.1917605145977123
 0.1917605145977123
 0.1917605145977123
 0.1917605145977123
 0.1917605145977123
 0.1917605145977123
 0.1917605145977123
 0.1917605145977123
 0.1917605145977123
 0.1917605145977123
 0.1917605145977123
 0.1917605145977123
 0.1917605145977123
 0.1917605145977123
 0.1917605145977123
 0.1917605145977123
 0.1917605145977123
 0.1917605145977123
 0.1917605145977123
 0.1917605145977123
 0.1917605145977123
 0.1917605145977123
 0.1917605145977123
 0.1917605145977123
 0.1917605145977123
 0.1917605145977123
 0.1917605145977123
 0.1917605145977123
 0.1917605145977123
 0.1917605145977123
 0.1917605145977123
 0.1917605145977123
 0.1917605145977123
 0.1917605145977123
 0.1917605145977123
 0.1917605145977123
 0.1917605145977123
 0.1917605145977123
 0.1917605145977123
 0.1917605145977123
 0.1917605145977123
 0.1917605145977123
 0.1917605145977123
 0.1917605145977123
 0.1917605145977123
 0.1917605145977123
 0.1917605145977123
 0.3222048538021639
 0.1119943227294018
 0.1754459476643938
 0.1511298328473877
 0.4452874426480418
 0.6587803091442819
 0.6587803091442819
 0.6175547095462849
 0.4082733678314344
 0.5296189120758098
 0.1754459476643938
 0.1061120658832976
 0.1119943227294018
 0.2139184832348795
 0.2135132321643773
 0.2168611946379875
 0.2189019487658087
 0.2125732840717407
 0.2109483585389486
 0.2104096328865634
 0.2105637616860752
 0.2101956849117154
 0.2106958083171497
 0.2104785786427207
 0.210237825166305
 0.2102525872270122
 0.2105481046858377
 0.2103995540354304
 0.210374778518884
 0.2106472841960054
 0.2105505513529492
 0.2102411856590171
 0.2104147349251969
 0.2105089244980684
 0.2103196942148368
 0.2103161123626853
 0.210537668102003
 0.2103426236142857
 0.2103669696077539
 0.2104276794921603
 0.2103195551305837
 0.2104132308166565
 0.2104100658962374
 0.2102908189431176
 0.2103412346345593
 0.210346637531452
 0.210491661043166
 0.2103552615002808
 0.2103007259982294
 0.2103209408187308
 0.2103930834615498
 0.2103492442699435
 0.2103288468410125
 0.2106271145340053
 0.2102822810722826
 0.2105148658580207
 0.2102698916428949
 0.2102708215003136
 0.2103773645779964
 0.2104009881398673
 0.210428265551295
 0.210505739259958
 0.2103480151757831
 0.2104710521285323
 0.2104919655373345
 0.2103876718343374
 0.2103867195736122
 0.2104795484327786
 0.2103502592931376
 0.2105750936957047
 0.2103556368221691
 0.2103147519969318
 0.2104046161803494
 0.2103336117084912
 0.2103338792689712
 0.2103444451020471
 0.2105896232497481
 0.2105298621788267
 0.2103396637837416
 0.2103393428045356
 0.2103288284726798
 0.2103686928150197
 0.210446060864085
 0.2104185842797684
 0.2105314965940404
 0.2102830908883229
 0.2103181421478674
 0.2104170332436978
 0.2103746750381434
 0.2102634854267157
 0.2103477066809943
 0.2103779671549069
 0.2103201530645644
 0.2103848124382096
 0.2104136346558868
 0.2102478456644391
 0.2103514386699832
 0.2104109881631264
 0.2103237793465578
 0.2103468743208725
 0.2971864342146994
 0.05240249913407321
 0.1717708231697577
 0.0347510387546665
 0.0191232309087696
 0.04881682927051594
 0.01564524369378453
 0.01609209636257875
 0.008023799185271472
 9.549929230762478e-05
 2.71273278830658e-05
 0.0009583380944286554
 0.002053721819476643
 0.0007963829028256613
 0.001875277832018775
 3.796541973073589e-05
 3.556418564575406e-06
 1.164701553407494e-06
 9.368585306216955e-07
 5.517863770126627e-07
 2.484452330195623e-07
 1.401707402882632e-08
 1.422864690718388e-08
 1.773131640386144e-08
 8.076212139372999e-09
 6.228747277290878e-09
 7.930859993255171e-10
 8.743225195489285e-10
 7.558546182614284e-10
 4.226270310277169e-11
 6.524683788047825e-12
 2.604343173409629e-12
 9.524610917674425e-13
 6.135777649851626e-13
 1.247383706742822e-12
 2.179970613747084e-13
 1.136352296982057e-14
 2.457316034681911e-12
 1.939772452906607e-12
 5.951705924975292e-12
 6.835496470063152e-12
 5.85065958354225e-13
 1.133502579991896e-12
 4.926746944439175e-13
 4.295876371643303e-12
 2.849144531413828e-13
 6.54720418505339e-14
 5.582231725476117e-15
 8.824972003163012e-15
 2.640444286827748e-14
 9.817016990987248e-15
 1.803760049309822e-14
 3.198353040745339e-14
 2.268964096469039e-14
 9.036391426797685e-15
 5.901312424838601e-15
 5.749415700473381e-15
 6.139836902785412e-15
 1.026305776474778e-14
 7.503546395337679e-15
 8.448970689745039e-15
 8.144743560145606e-15
 7.646661082105766e-15
 8.167294965333305e-15
 8.131082612772289e-15
 6.366760417486628e-15
 2.827924526493941e-15
 8.247525926097232e-15
 8.175318061409698e-15
 8.17217387510949e-15
 6.16162936645237e-15
 8.174342279454461e-15
 6.515079274682645e-15
 7.632322508374645e-15
 8.165343401422831e-15
 8.177052784885674e-15
 5.417493981630522e-15
 8.205675722239292e-15
 5.54081520248717e-15
 7.117353581498342e-15
 2.570643350963131e-15
 3.034031359483436e-15
 8.182040114879108e-15
 5.990108582765163e-15
 4.176455188631412e-15
 8.164476039684843e-15
 5.828237198413078e-15
 6.107744518479841e-15
 8.167240755224681e-15
 6.372289848566304e-15
 4.309541005304007e-15
 6.734630214610959e-15
 7.799750428860719e-15
 7.148361763631428e-15
 6.373807731607783e-15
 8.177486465754669e-15
 5.451151682822619e-15
 8.01659086335782e-15
 6.432788329790995e-15
 8.32320323773672e-15


# name: PU
# type: matrix
# ndims: 3
 100 3 2
 0.5966004992862851
 0.6154272193852263
 0.6076367009277927
 0.6211225771761711
 0.62118589672777
 0.6312386187729409
 0.6312486593405372
 0.6312489424647825
 0.6312461142982454
 0.63124545108071
 0.6288357176278101
 0.6154518583124527
 0.6312469921788703
 0.6312494351570603
 0.6312494866070069
 0.6312501689855671
 0.6312501752212769
 0.6312501714568773
 0.6312501786486528
 0.6312501770337613
 0.6312501586017153
 0.631250153894243
 0.6312501681276662
 0.6312501758730918
 0.6312501738192181
 0.6312501794756452
 0.6312501834096437
 0.6312501857587643
 0.6312501852235005
 0.6312501783812582
 0.6312501823658389
 0.6312501804796855
 0.6312501864280006
 0.6312501859955468
 0.6312501860946934
 0.6312501852308939
 0.6312501841300932
 0.6312501833446228
 0.6312501817262941
 0.6312501847529057
 0.6312501835209604
 0.6312501819510121
 0.6312501848871416
 0.6312501878437718
 0.6312501878864897
 0.6312501876781011
 0.6312501883081927
 0.6312501830691567
 0.6312501853342308
 0.6312501869081014
 0.6312501869793861
 0.6312501878098558
 0.6312501883868947
 0.6312501889679495
 0.6312501891545911
 0.6312501891303575
 0.6312501891130654
 0.63125018916535
 0.6312501891440684
 0.6312501892111625
 0.6312501892121318
 0.631250189224526
 0.6312501892319294
 0.6312501892322648
 0.6312501892141378
 0.6312501892150163
 0.6312501892339518
 0.6312501892375598
 0.6312501892367375
 0.6312501892262251
 0.6312501892216466
 0.6312501892360814
 0.6312501892388319
 0.6312501892377125
 0.6312501892398061
 0.6312501892410569
 0.6312501892418039
 0.6312501892414999
 0.6312501892335836
 0.6312501892338683
 0.6312501892313869
 0.6312501892139801
 0.6312501892060418
 0.6312501891959252
 0.6312501891887065
 0.6312501891738334
 0.6312501891548793
 0.6312501890970319
 0.6312501891557728
 0.6312501891908607
 0.6312501814122297
 0.6312501792637309
 0.6312501777306947
 0.6312501745721683
 0.6312501705471378
 0.6312501654179379
 0.6312501497652819
 0.6312498820059322
 0.6312496806171972
 0.6312498851194532
 0.5227687625475045
 0.5762815496845112
 0.5993493622527333
 0.6052223856010264
 0.6150943339125319
 0.6160311346234599
 0.6151117919788202
 0.6170853043500056
 0.6189116058117736
 0.6260821678994151
 0.6263159041577318
 0.6256230744497581
 0.6308133649997365
 0.6308103574036198
 0.6308130010645095
 0.6308142335358642
 0.6308136278295736
 0.6308131977234717
 0.6308125634019033
 0.6308138180094272
 0.6308117978701069
 0.6308110462027624
 0.6308092476050842
 0.6308060671157284
 0.63081314134101
 0.6308152306656841
 0.630816300963813
 0.6308140387441472
 0.6308145506286084
 0.6308143518208692
 0.6308120717861605
 0.6308171983867524
 0.630815540810755
 0.630810137818694
 0.6308148685583446
 0.6308134403678252
 0.6308103442255414
 0.6308162317068586
 0.6308121478579071
 0.6308144196458807
 0.6308149923855301
 0.6308129890311061
 0.6308148939535316
 0.6308144558202164
 0.6308149705265094
 0.63081735648349
 0.6308146090532398
 0.6308143775713001
 0.6308112557757104
 0.6308107399693718
 0.630813777950583
 0.6308166830282342
 0.6308107134530099
 0.6308151672216622
 0.630813926930986
 0.6308131718464803
 0.6308134581858577
 0.6308141297560332
 0.6308172929279421
 0.630813809929987
 0.6308153954463929
 0.6308158215871297
 0.6308144049192922
 0.6308171037065298
 0.6308038660825814
 0.6308139816747766
 0.6308089236446762
 0.6308131813592157
 0.6308140183655341
 0.6308187302878028
 0.6308136097251097
 0.6308113580186757
 0.6308141596005419
 0.6308111583367754
 0.6308139104238514
 0.6308142937976884
 0.6308144342189316
 0.6308139319674773
 0.6308144881565628
 0.630807754811747
 0.6308140529099705
 0.630810587435888
 0.6308137989930651
 0.6308107068472647
 0.6308133842922706
 0.6308148278613968
 0.6308146612179304
 0.6308154925117642
 0.6308108778159714
 0.630813831096368
 0.6308136465676965
 0.6308107184747684
 0.6308103115710931
 0.6308137459449672
 0.6308119210561517
 0.6308124958090228
 0.6308147640597058
 0.630814242008974
 0.6308136031702738
 0.6308140805964489
 0.4998128794551733
 0.499874006638846
 0.5004624013334399
 0.5000686058986812
 0.4996895482245255
 0.5004784087554668
 0.4967982674653472
 0.4858981062631909
 0.4671882163734785
 0.5157097452993166
 0.4875319114715256
 0.514210879178325
 0.5552497064109368
 0.508409238982193
 0.4968764144232514
 0.4894690704625694
 0.4808886194930788
 0.5242156887456989
 0.4611631898718614
 0.5106068560924241
 0.477956016934714
 0.4998290717383941
 0.4634602631217668
 0.5172202864379822
 0.4806402938526451
 0.5035471588051232
 0.5039070666342685
 0.4984052352280688
 0.472545752103884
 0.5202223383339796
 0.5179895798951375
 0.5400341982122272
 0.488570876758997
 0.4565522053253055
 0.4917793426422951
 0.5189471017781743
 0.5226002838457737
 0.5133710370241918
 0.5391279481473634
 0.5209667063366644
 0.4917178736254868
 0.5025721847489567
 0.541720598199585
 0.5191939475577007
 0.5385436509501783
 0.4528129133205036
 0.535716423986772
 0.5046908852311686
 0.4893873201198898
 0.5346740569389797
 0.4681326301980468
 0.4690558895514838
 0.4674465999566798
 0.4780141221086786
 0.4370989457349754
 0.501285915376783
 0.5117388319483452
 0.5420828316292744
 0.4843629830638865
 0.5459057351222595
 0.503377400686119
 0.5338318291777507
 0.4721041457854039
 0.4773749017504313
 0.5397995170538068
 0.5093626424911638
 0.474340580004954
 0.5191132925188617
 0.4933412143085267
 0.5538042914315765
 0.5115582767035468
 0.4963338635218513
 0.5241005846104116
 0.4634123157393806
 0.5421160301638559
 0.5258208800503156
 0.4926721980467431
 0.4792784420107433
 0.5425535615241447
 0.5204353819790519
 0.4865405733435695
 0.4967746604300328
 0.5597474342387743
 0.5004340693693486
 0.4991918988398495
 0.5740703873702586
 0.4717209075222251
 0.5295395386010161
 0.4921940872600722
 0.5170863514296621
 0.4591259603312551
 0.4988717222246908
 0.4950400915216212
 0.4634105646330604
 0.5012309330164075
 0.5324844995858495
 0.4762272460265046
 0.4867786352100074
 0.4862619208309478
 0.5184210925179702
 0.596629795188871
 0.5624084724336518
 0.5624084724336518
 0.5944126831043062
 0.5812700744447932
 0.5696185941400753
 0.598489827637556
 0.5812700744447932
 0.5812700744447932
 0.6154913972000124
 0.6189986510873207
 0.6189986510873207
 0.5979199369916144
 0.6312501892429122
 0.6312501892429122
 0.6312501892429122
 0.6312501892429122
 0.6312501892429122
 0.6290330771583473
 0.6242125537870321
 0.6290330771583473
 0.6294255523981355
 0.6311375064166533
 0.6312501892429122
 0.6312501892429122
 0.6312501892429122
 0.6306786724397596
 0.6312501892429122
 0.6312501892429122
 0.6312501892429122
 0.6312501892429122
 0.6312501892429122
 0.6312501892429122
 0.6312501892429122
 0.6310819149488199
 0.6307008238619822
 0.62975141299925
 0.6291177280405638
 0.6294895724382472
 0.6297785609486226
 0.6290330771583473
 0.6312501892429122
 0.6312501892429122
 0.6312501892429122
 0.6312501892429122
 0.6312501892429122
 0.6312501892429122
 0.6312501892429122
 0.6312501892429122
 0.6312501892429122
 0.6312501892429122
 0.6312501892429122
 0.6312501892429122
 0.6312501892429122
 0.6312501892429122
 0.6312501892429122
 0.6312501892429122
 0.6312501892429122
 0.6312501892429122
 0.6312501892429122
 0.6312501892429122
 0.6312501892429122
 0.6312501892429122
 0.6312501892429122
 0.6312501892429122
 0.6312501892429122
 0.6312501892429122
 0.6312501892429122
 0.6312501892429122
 0.6312501892429122
 0.6312501892429122
 0.6312501892429122
 0.6312501892429122
 0.6312501892429122
 0.6312501892429122
 0.6312501892429122
 0.6312501892429122
 0.6312501892429122
 0.6312501892429122
 0.6312501892429122
 0.6312501892429122
 0.6312501892429122
 0.6312501892429122
 0.6312501892429122
 0.6312501892429122
 0.6312501892429122
 0.6312501892429122
 0.6312501892429122
 0.6312501892429122
 0.6312501892429122
 0.6312501892429122
 0.6312501892429122
 0.6312501892429122
 0.6312501892429122
 0.6312501892429122
 0.6312501892429122
 0.6312501892429122
 0.6312501892429122
 0.6312501892429122
 0.6312501892429122
 0.596629795188871
 0.6154913972000124
 0.5944126831043062
 0.6024905287492548
 0.5946318073198585
 0.5812700744447932
 0.5812700744447932
 0.573307577034795
 0.58470568534764
 0.5893538109823302
 0.5944126831043062
 0.6157239781383786
 0.6154913972000124
 0.630730245937122
 0.6307397552736826
 0.6306611943412842
 0.630613307440418
 0.6307618114344508
 0.6307999407940061
 0.6308125821512173
 0.6308089654732244
 0.6308176025039008
 0.6308058669598633
 0.6308109643186007
 0.6308166136703287
 0.630816267274196
 0.6308093328693787
 0.6308128186544484
 0.6308134000192921
 0.6308070055927575
 0.6308092754576092
 0.6308165348153706
 0.6308124624303676
 0.6308102522441049
 0.6308146925888238
 0.6308147766380469
 0.6308095777669136
 0.6308141545436652
 0.6308135832577079
 0.6308121586822646
 0.6308146958524771
 0.6308124977247205
 0.6308125719905169
 0.6308153701556386
 0.6308141871364864
 0.6308140603559085
 0.6308106573361943
 0.6308138579919221
 0.6308151376836522
 0.6308146633368937
 0.6308129704883835
 0.6308139991880166
 0.630814477819736
 0.6308074788798583
 0.63081557049931
 0.6308101128283315
 0.6308158612209451
 0.630815839401565
 0.6308133393366481
 0.6308127850027624
 0.6308121449302132
 0.6308103269866618
 0.6308140280290756
 0.6308111409304884
 0.6308106501911483
 0.6308130974738211
 0.6308131198189014
 0.6308109415621894
 0.6308139753701963
 0.6308086995642576
 0.6308138491848827
 0.6308148085594327
 0.6308126998697164
 0.6308143660107075
 0.6308143597323215
 0.6308141118019147
 0.6308083586239627
 0.6308097609352161
 0.6308142239969667
 0.6308142315288391
 0.6308144782507544
 0.6308135428221383
 0.6308117273579207
 0.6308123721041209
 0.6308097225831784
 0.6308155514967364
 0.6308147290085355
 0.6308124084996423
 0.6308134024474984
 0.6308160115447077
 0.6308140352679973
 0.6308133251970022
 0.6308146818217788
 0.6308131645703993
 0.6308124882485132
 0.6308163785363681
 0.6308139476957688
 0.6308125503492508
 0.6308145967299964
 0.6308140547995744
 0.4698817622455591
 0.5079967626929391
 0.5075668373270039
 0.483243367086984
 0.5009269855750188
 0.5538451890909156
 0.528876639696192
 0.46536843650982
 0.4731811730003487
 0.4945875692311845
 0.5020927942863854
 0.5135384789366416
 0.4342736036212666
 0.5136533606548449
 0.5418414054152128
 0.5067487684228951
 0.5157844713506011
 0.5381885533044981
 0.528498358607817
 0.5247278519916672
 0.5053829562911025
 0.5150096120951972
 0.4797832457851182
 0.516960824446091
 0.5165729004198273
 0.4945214553994999
 0.5047581896938066
 0.4723085896451679
 0.4970311632513927
 0.5222963619932036
 0.5033250119884618
 0.5175620018523136
 0.5379271222647913
 0.51186287489
 0.5357645526858507
 0.4778241956178574
 0.5048944005950029
 0.4849338900680239
 0.4782261111079836
 0.4896053997822411
 0.5264614025030322
 0.4731196427466325
 0.4875874947110597
 0.5094376400288864
 0.4707351569826867
 0.4780514308324456
 0.5053721272908553
 0.5758422349571677
 0.5002981444123188
 0.508432692858157
 0.5028607741894099
 0.4590827388885175
 0.5030983109531886
 0.4762513033880577
 0.5592613929976078
 0.5397166897971046
 0.49775205834708
 0.482399906520426
 0.5043239069683638
 0.5405014863644394
 0.4818092420399574
 0.5127741149468289
 0.4771730505027217
 0.5056962715613226
 0.4960273771933629
 0.5284336354681223
 0.4714052122407157
 0.502419688504283
 0.5156273711785843
 0.5281216190241907
 0.4603124213526377
 0.4765480558791282
 0.5283809201713312
 0.4834356872351755
 0.4695273301172873
 0.4732684818249037
 0.5393866457303077
 0.4861522622692387
 0.5231873844220208
 0.5212959130598307
 0.5032339490106149
 0.5684012322228418
 0.5287609142224875
 0.5073079897055099
 0.4979027197722894
 0.5248206217656881
 0.5479479617662941
 0.504370559337959
 0.4968826859478406
 0.5439765275682872
 0.4435912750979898
 0.512024560368727
 0.5126660610343162
 0.5283265454703007
 0.5307329221674627
 0.4903049866114265
 0.4693617505634212
 0.4887785412781437
 0.539414055730563
 0.5216678349308848


# name: PV
# type: matrix
# ndims: 3
 100 3 2
 0.5966004992862851
 0.6154272193852263
 0.6076367009277927
 0.6211225771761711
 0.62118589672777
 0.6312386187729409
 0.6312486593405372
 0.6312489424647825
 0.6312461142982454
 0.63124545108071
 0.6288357176278101
 0.6154518583124527
 0.6312469921788703
 0.6312494351570603
 0.6312494866070069
 0.6312501689855671
 0.6312501752212769
 0.6312501714568773
 0.6312501786486528
 0.6312501770337613
 0.6312501586017153
 0.631250153894243
 0.6312501681276662
 0.6312501758730918
 0.6312501738192181
 0.6312501794756452
 0.6312501834096437
 0.6312501857587643
 0.6312501852235005
 0.6312501783812582
 0.6312501823658389
 0.6312501804796855
 0.6312501864280006
 0.6312501859955468
 0.6312501860946934
 0.6312501852308939
 0.6312501841300932
 0.6312501833446228
 0.6312501817262941
 0.6312501847529057
 0.6312501835209604
 0.6312501819510121
 0.6312501848871416
 0.6312501878437718
 0.6312501878864897
 0.6312501876781011
 0.6312501883081927
 0.6312501830691567
 0.6312501853342308
 0.6312501869081014
 0.6312501869793861
 0.6312501878098558
 0.6312501883868947
 0.6312501889679495
 0.6312501891545911
 0.6312501891303575
 0.6312501891130654
 0.63125018916535
 0.6312501891440684
 0.6312501892111625
 0.6312501892121318
 0.631250189224526
 0.6312501892319294
 0.6312501892322648
 0.6312501892141378
 0.6312501892150163
 0.6312501892339518
 0.6312501892375598
 0.6312501892367375
 0.6312501892262251
 0.6312501892216466
 0.6312501892360814
 0.6312501892388319
 0.6312501892377125
 0.6312501892398061
 0.6312501892410569
 0.6312501892418039
 0.6312501892414999
 0.6312501892335836
 0.6312501892338683
 0.6312501892313869
 0.6312501892139801
 0.6312501892060418
 0.6312501891959252
 0.6312501891887065
 0.6312501891738334
 0.6312501891548793
 0.6312501890970319
 0.6312501891557728
 0.6312501891908607
 0.6312501814122297
 0.6312501792637309
 0.6312501777306947
 0.6312501745721683
 0.6312501705471378
 0.6312501654179379
 0.6312501497652819
 0.6312498820059322
 0.6312496806171972
 0.6312498851194532
 0.2136157599631319
 0.1702803238541134
 0.2201402146359414
 0.2312685077724935
 0.2517200641255149
 0.2624627121469696
 0.2460578370161826
 0.233610658698284
 0.2654981173994441
 0.2687219763235494
 0.2608468495220944
 0.2663935399828747
 0.2102207780691328
 0.210155551737891
 0.2102114519923166
 0.2102376454692857
 0.2102243169179954
 0.2102148996830667
 0.2102010663424784
 0.2102284266455287
 0.2101843711331494
 0.2101679786661437
 0.2101287547336583
 0.2100593944340131
 0.2102136695866564
 0.2102592336678847
 0.2102825748024021
 0.2102332401730139
 0.2102444033525391
 0.2102400676985124
 0.2101903445601644
 0.2103021457846333
 0.2102659972642279
 0.2101481684768779
 0.2102513367416856
 0.2102201906746067
 0.2101526698105954
 0.2102810643707372
 0.210192003539146
 0.210241546833309
 0.2102540371731876
 0.2102103478948421
 0.2102518905618096
 0.2102423357244539
 0.2102535604693369
 0.2103055935676633
 0.2102456774377807
 0.2102406292652325
 0.2101725489527264
 0.2101613002159907
 0.2102275526993166
 0.2102909068135315
 0.2101607219455209
 0.2102578500094722
 0.210230801673216
 0.2102143347433247
 0.2102205792502846
 0.2102352248944701
 0.2103042075443178
 0.2102282501081501
 0.210262827148602
 0.2102721204523119
 0.2102412256719457
 0.2103000809919831
 0.2100113940650689
 0.2102319955292102
 0.2101216896939925
 0.2102145421976482
 0.210232795683531
 0.2103355535776131
 0.210223884027723
 0.2101747786736762
 0.2102358757453708
 0.2101704239983657
 0.2102304416845972
 0.2102388023250936
 0.2102418646403049
 0.2102309115093306
 0.2102430409155234
 0.2100961997127278
 0.2102335490307514
 0.2101579737562858
 0.210228011595074
 0.2101605778870192
 0.210218967774341
 0.2102504492196826
 0.2102468150485991
 0.2102649439562598
 0.2101643063832157
 0.2102287117059035
 0.2102246874931492
 0.2101608314603441
 0.2101519576796691
 0.2102268547188548
 0.2101870574299927
 0.2101995916763756
 0.2102490578284357
 0.2102376729135867
 0.2102237410794557
 0.2102341528191957
 -5.987398420369879e-06
 -0.0006650792016155956
 -0.006128034650168202
 -0.0007988027518912567
 -0.0007484559462721356
 -0.0005101752798769327
 -0.001143817216170875
 -0.006295283863555447
 -0.008995510668440183
 -0.0002058362762395456
 -0.001752554584670973
 -0.0004178184354822395
 -0.001194737958884293
 -0.0009166041641399708
 -0.0004133775996099897
 -0.0002503229093740371
 -7.706990320856667e-05
 -0.000414295971845511
 -0.0003347144474831514
 -3.902922847490403e-05
 -5.759609924912697e-06
 -1.371518529787044e-06
 -2.118907625452127e-06
 -9.454018800749255e-07
 -4.891549342375331e-07
 -3.695313257176449e-07
 -4.010846048048498e-08
 -4.413277317704377e-09
 -3.217699473512768e-09
 -2.76442645983678e-08
 -1.477460981249429e-11
 -2.101717866583031e-11
 -2.014124110549798e-12
 -9.509884199565555e-13
 -3.802873814462426e-13
 -6.373937835868482e-14
 -1.986876375231761e-14
 -8.352693536828326e-15
 -5.955414113245627e-15
 -4.00981331472039e-15
 -7.252336751972788e-15
 -8.69421722116126e-15
 -1.447691792832995e-14
 -1.026013041888207e-14
 -1.48765548491081e-14
 -8.420510382717294e-15
 -6.447370849010925e-15
 -8.170357836470576e-15
 -6.717282979851191e-15
 -7.845503760539607e-15
 -8.173583337933721e-15
 -5.815009931908754e-15
 -7.739712733559334e-15
 -8.658004868600244e-15
 -6.190577564457733e-15
 -5.905432393094046e-15
 -7.882583474838611e-15
 -5.14443088822647e-15
 -7.666610402079499e-15
 -6.236547736571119e-15
 -8.15797082664993e-15
 -8.278100427361323e-15
 -8.536574225281868e-15
 -3.686178966233467e-15
 -8.170981252719756e-15
 -7.618038144752148e-15
 -6.740376486125133e-15
 -5.660619542546819e-15
 -6.369904603786836e-15
 -5.646524914304507e-15
 -8.158838188387918e-15
 -4.141869139329124e-15
 -8.215753720245723e-15
 -8.795156443419661e-15
 -7.203656074428189e-15
 -8.788000709081256e-15
 -2.358356565590469e-15
 -8.073619897630557e-15
 -5.541790984442407e-15
 -6.440811425867388e-15
 -8.181931694661859e-15
 -6.507083283660564e-15
 -3.223116218364908e-15
 -7.741203511546502e-15
 -7.46755088321116e-15
 -3.073442108453284e-15
 -6.517572939679361e-15
 -8.453009342837547e-15
 -6.697875760963701e-15
 -7.913157976102703e-15
 -6.465748075834554e-15
 -7.764730698689437e-15
 -8.161006592732889e-15
 -6.466398597138046e-15
 -8.200254711376864e-15
 -8.184208519224079e-15
 -8.154501379697976e-15
 -8.173800178368218e-15
 -7.679837668583822e-15
 -8.147779326228566e-15
 0.596629795188871
 0.5624084724336518
 0.5624084724336518
 0.5944126831043062
 0.5812700744447932
 0.5696185941400753
 0.598489827637556
 0.5812700744447932
 0.5812700744447932
 0.6154913972000124
 0.6189986510873207
 0.6189986510873207
 0.5979199369916144
 0.6312501892429122
 0.6312501892429122
 0.6312501892429122
 0.6312501892429122
 0.6312501892429122
 0.6290330771583473
 0.6242125537870321
 0.6290330771583473
 0.6294255523981355
 0.6311375064166533
 0.6312501892429122
 0.6312501892429122
 0.6312501892429122
 0.6306786724397596
 0.6312501892429122
 0.6312501892429122
 0.6312501892429122
 0.6312501892429122
 0.6312501892429122
 0.6312501892429122
 0.6312501892429122
 0.6310819149488199
 0.6307008238619822
 0.62975141299925
 0.6291177280405638
 0.6294895724382472
 0.6297785609486226
 0.6290330771583473
 0.6312501892429122
 0.6312501892429122
 0.6312501892429122
 0.6312501892429122
 0.6312501892429122
 0.6312501892429122
 0.6312501892429122
 0.6312501892429122
 0.6312501892429122
 0.6312501892429122
 0.6312501892429122
 0.6312501892429122
 0.6312501892429122
 0.6312501892429122
 0.6312501892429122
 0.6312501892429122
 0.6312501892429122
 0.6312501892429122
 0.6312501892429122
 0.6312501892429122
 0.6312501892429122
 0.6312501892429122
 0.6312501892429122
 0.6312501892429122
 0.6312501892429122
 0.6312501892429122
 0.6312501892429122
 0.6312501892429122
 0.6312501892429122
 0.6312501892429122
 0.6312501892429122
 0.6312501892429122
 0.6312501892429122
 0.6312501892429122
 0.6312501892429122
 0.6312501892429122
 0.6312501892429122
 0.6312501892429122
 0.6312501892429122
 0.6312501892429122
 0.6312501892429122
 0.6312501892429122
 0.6312501892429122
 0.6312501892429122
 0.6312501892429122
 0.6312501892429122
 0.6312501892429122
 0.6312501892429122
 0.6312501892429122
 0.6312501892429122
 0.6312501892429122
 0.6312501892429122
 0.6312501892429122
 0.6312501892429122
 0.6312501892429122
 0.6312501892429122
 0.6312501892429122
 0.6312501892429122
 0.6312501892429122
 0.1372124706933536
 0.2517485372353053
 0.2094833677199562
 0.2256803479509336
 0.07467218233590836
 -0.03875511734974435
 -0.03875511734974435
 -0.02212356625574496
 0.08821615875810282
 0.0298674494532602
 0.2094833677199562
 0.2548059561275405
 0.2517485372353053
 0.2084058813511213
 0.2086132615546527
 0.2068999998516483
 0.2058556793373046
 0.209094263681355
 0.2099257911275287
 0.2102014746323269
 0.2101226018935746
 0.2103109587960927
 0.2100550293213568
 0.21016619283794
 0.2102893942520118
 0.2102818400235919
 0.2101306140917705
 0.210206632309509
 0.2102193107502041
 0.210079860698376
 0.21012936205233
 0.2102876745781767
 0.2101988637525853
 0.2101506638730183
 0.2102474991869935
 0.2102493321376808
 0.2101359548324553
 0.2102357654646898
 0.210223306824977
 0.2101922395950521
 0.2102475703609467
 0.210199633454032
 0.2102012530471397
 0.2102622756062605
 0.2102364762509636
 0.2102337114122282
 0.2101594981465142
 0.2102292982458207
 0.2102572058427114
 0.2102468612590815
 0.2102099435134168
 0.2102323774590366
 0.2102428154893617
 0.2100901821729265
 0.2102666447135137
 0.2101476234851554
 0.2102729847890251
 0.2102725089506257
 0.2102179873793258
 0.2102058984314475
 0.2101919396894591
 0.2101522938633519
 0.2102330064266462
 0.2101700444009781
 0.2101593423269069
 0.2102127128197419
 0.2102132001226446
 0.2101656965647054
 0.2102318580385294
 0.2101168029342764
 0.2102291061813568
 0.2102500282812504
 0.2102040418446836
 0.2102403771511082
 0.2102402402316751
 0.2102348333499338
 0.2101093676871073
 0.2101399493781947
 0.2102372801066126
 0.2102374443621517
 0.2102428248890373
 0.2102224250035593
 0.2101828332469178
 0.2101968939121762
 0.210139112994569
 0.2102662303042067
 0.2102482934303341
 0.2101976876279722
 0.2102193637046775
 0.210276263058996
 0.2102331642935015
 0.2102176790210476
 0.2102472643786072
 0.2102141760660948
 0.2101994267963132
 0.2102842664359645
 0.2102312545128928
 0.2102007810930622
 0.2102454086917193
 0.210233590239351
 -0.2971864342146994
 -0.05240249913407321
 -0.1717708231697577
 -0.0347510387546665
 -0.0191232309087696
 -0.04881682927051594
 -0.01564524369378453
 -0.01609209636257875
 -0.008023799185271472
 -9.549929230762478e-05
 -2.71273278830658e-05
 -0.0009583380944286554
 -0.002053721819476643
 -0.0007963829028256613
 -0.001875277832018775
 -3.796541973073589e-05
 -3.556418564575406e-06
 -1.164701553407494e-06
 -9.368585306216955e-07
 -5.517863770126627e-07
 -2.484452330195623e-07
 -1.401707402882632e-08
 -1.422864690718388e-08
 -1.773131640386144e-08
 -8.076212139372999e-09
 -6.228747277290878e-09
 -7.930859993255171e-10
 -8.743225195489285e-10
 -7.558546182614284e-10
 -4.226270310277169e-11
 -6.524683788047825e-12
 -2.604343173409629e-12
 -9.524610917674425e-13
 -6.135777649851626e-13
 -1.247383706742822e-12
 -2.179970613747084e-13
 -1.136352296982057e-14
 -2.457316034681911e-12
 -1.939772452906607e-12
 -5.951705924975292e-12
 -6.835496470063152e-12
 -5.85065958354225e-13
 -1.133502579991896e-12
 -4.926746944439175e-13
 -4.295876371643303e-12
 -2.849144531413828e-13
 -6.54720418505339e-14
 -5.582231725476117e-15
 -8.824972003163012e-15
 -2.640444286827748e-14
 -9.817016990987248e-15
 -1.803760049309822e-14
 -3.198353040745339e-14
 -2.268964096469039e-14
 -9.036391426797685e-15
 -5.901312424838601e-15
 -5.749415700473381e-15
 -6.139836902785412e-15
 -1.026305776474778e-14
 -7.503546395337679e-15
 -8.448970689745039e-15
 -8.144743560145606e-15
 -7.646661082105766e-15
 -8.167294965333305e-15
 -8.131082612772289e-15
 -6.366760417486628e-15
 -2.827924526493941e-15
 -8.247525926097232e-15
 -8.175318061409698e-15
 -8.17217387510949e-15
 -6.16162936645237e-15
 -8.174342279454461e-15
 -6.515079274682645e-15
 -7.632322508374645e-15
 -8.165343401422831e-15
 -8.177052784885674e-15
 -5.417493981630522e-15
 -8.205675722239292e-15
 -5.54081520248717e-15
 -7.117353581498342e-15
 -2.570643350963131e-15
 -3.034031359483436e-15
 -8.182040114879108e-15
 -5.990108582765163e-15
 -4.176455188631412e-15
 -8.164476039684843e-15
 -5.828237198413078e-15
 -6.107744518479841e-15
 -8.167240755224681e-15
 -6.372289848566304e-15
 -4.309541005304007e-15
 -6.734630214610959e-15
 -7.799750428860719e-15
 -7.148361763631428e-15
 -6.373807731607783e-15
 -8.177486465754669e-15
 -5.451151682822619e-15
 -8.01659086335782e-15
 -6.432788329790995e-15
 -8.32320323773672e-15


# name: X
# type: scalar
8


# name: Y
# type: scalar
2


# name: Z
# type: scalar
2


# name: alpha
# type: scalar
0.1


# name: ans
# type: scalar
0


# name: belief
# type: matrix
# rows: 8
# columns: 1
 1
 3.100467810016366e-40
 1.087618195363557e-38
 3.444553679288267e-44
 2.145638115628997e-48
 6.415252915255966e-47
 2.837840166881254e-24
 4.99776516941197e-32


# name: horizon
# type: scalar
100


# name: k
# type: scalar
3


# name: lambda
# type: matrix
# rows: 1
# columns: 3
 0 0.5 1


# name: max_policies
# type: scalar
2


# name: model
# type: cell
# rows: 1
# columns: 8
# name: <cell-element>
# type: scalar struct
# ndims: 2
 1 1
# length: 13
# name: X
# type: scalar
8


# name: Y
# type: scalar
2


# name: Z
# type: scalar
2


# name: Pxyz
# type: matrix
# ndims: 3
 8 2 2
 0.01565346176678872
 0.07079764453860646
 0.05766630360045136
 0.07602913127479939
 0.0005712233100131163
 0.008142260327819024
 0.0413689800225655
 0.01848947401484765
 0.01254437658111684
 0.09746522160427178
 0.01647465291992147
 0.0271811154392022
 0.0004834354973269137
 0.01513825868652957
 0.004871680085012851
 0.01963114561872728
 0.01865540204919314
 0.02532453750743167
 0.02354363172653325
 0.07999131713227454
 0.02140979548151286
 0.03644714156483629
 0.001681077225255317
 0.01262825455801611
 0.0006857731391587162
 0.07341759843923203
 0.06695239449162801
 0.02380990167805599
 0.01146315722317243
 0.06367246596134511
 0.0346711232754998
 0.02313806325885431


# name: Px_yz
# type: matrix
# ndims: 3
 8 2 2
 0.05421704155833364
 0.2452134162633347
 0.1997319459044202
 0.2633330972651322
 0.001978478524397576
 0.02820138274517265
 0.1432848364486365
 0.06403980129057259
 0.06473184340046328
 0.5029427665123128
 0.08501296545056335
 0.1402607532293728
 0.002494637394280518
 0.07811686649516153
 0.0251389800298973
 0.1013011874879483
 0.08492035586094052
 0.1152786057075541
 0.107171830400868
 0.3641246164915485
 0.09745849735136976
 0.1659092751599979
 0.007652350553580179
 0.05748446847414116
 0.002302716630360426
 0.2465245650982194
 0.2248154432345617
 0.07994984555470726
 0.03849145040387209
 0.2138019672877763
 0.1164200923029913
 0.07769391948751157


# name: Pz_xy
# type: matrix
# ndims: 3
 2 8 2
 0.0005370524880054333
 0.0006400456483381566
 0.006805224076770627
 0.002434249804521067
 0.004683076785938915
 0.001911976809874109
 0.01186209915349449
 0.01248028116764993
 1.255607031155598e-05
 0.0004706091168018619
 0.0003630585180717459
 0.001625156243072987
 0.0017809369582554
 7.237047078524915e-05
 0.0005753504338490468
 0.0003929625976853748
 0.0001659639803156942
 9.072881305213178e-06
 0.01665513192390299
 0.01254580626211751
 0.00137443165023911
 0.005585640589569814
 0.00138599272262653
 0.001214091104025987
 5.775406993196689e-06
 0.0001369456706362913
 0.001193057136992379
 0.005018073182530743
 0.0001926398876369887
 0.001370993409971182
 0.0008396085674735676
 0.0009895966605406364


# name: Pz_y
# type: matrix
# rows: 2
# columns: 2
 0 0
 0 0


# name: Pyz
# type: matrix
# rows: 2
# columns: 2
 0.2887184788558912 0.2196811572450532
 0.1937898864321089 0.2978104774669464


# name: Px_y
# type: matrix
# rows: 8
# columns: 2
 0.06748404479418181 0.02691240831341659
 0.1890681566635755 0.3476051536824996
 0.1597364151355532 0.1697050155737483
 0.3068854446939367 0.1037245308624886
 0.04323570913642741 0.02430143180885124
 0.08770541661796535 0.1603146182049157
 0.08467759256867974 0.08043688789586073
 0.06120722038968028 0.08699995365821939


# name: Py_x
# type: matrix
# rows: 2
# columns: 8
 0.7216991111903263 0.3600014280399245 0.4932666644890901 0.7536802273820689 0.6478799364858032 0.3613400013654784 0.5212321855755792 0.4211533140581699
 0.2783008888096738 0.6399985719600755 0.5067333355109098 0.2463197726179312 0.3521200635141967 0.6386599986345216 0.4787678144244207 0.5788466859418302


# name: Pxy
# type: matrix
# rows: 8
# columns: 2
 0.03430886381598187 0.01323014972027555
 0.09612218204603812 0.1708828200435038
 0.08120993532698462 0.08342704741154948
 0.1560204484070739 0.05099101711725819
 0.02198101879152597 0.01194659272049935
 0.04458940189265531 0.07881072464787468
 0.04305005724782082 0.03954280336051265
 0.03111772857286376 0.04276920887758159


# name: Py
# type: matrix
# rows: 2
# columns: 1
 0.5083996361009444
 0.4916003638990553


# name: Px
# type: matrix
# rows: 8
# columns: 1
 0.04753901353625742
 0.2670050020895419
 0.1646369827385341
 0.2070114655243321
 0.03392761151202532
 0.12340012654053
 0.08259286060833347
 0.07388693745044535





# name: <cell-element>
# type: scalar struct
# ndims: 2
 1 1
# length: 13
# name: X
# type: scalar
8


# name: Y
# type: scalar
2


# name: Z
# type: scalar
2


# name: Pxyz
# type: matrix
# ndims: 3
 8 2 2
 0.004859244629468407
 0.003883511648063932
 0.03972638379682231
 0.01559434247289026
 0.05743666798820125
 0.0001336069419988192
 0.004104321229469641
 0.002403617757417057
 0.0005755676474530104
 0.07396063298309201
 0.0350248945068793
 0.03835299449959218
 0.001707470541764078
 0.01036528083297433
 0.02893785680087117
 0.01282061192614866
 0.05807438346653179
 0.003419072782697543
 0.01069491459336299
 0.06010454039145726
 0.06897140824796534
 0.001221598299290295
 0.009141566276223903
 0.03767835685409742
 0.05818527716983972
 0.005589955843318778
 0.05433962483270492
 0.0007649264748155486
 0.01778869418787178
 0.094169905252383
 0.1149332759384386
 0.07503549318589497


# name: Px_yz
# type: matrix
# ndims: 3
 8 2 2
 0.03792087012693
 0.03030638547184296
 0.310019181054624
 0.1216960825645925
 0.4482277788806142
 0.001042650017014632
 0.03202955277412049
 0.01875749911026116
 0.002852941900846523
 0.3666039774548327
 0.1736094611182311
 0.1901060032040035
 0.008463495602326305
 0.05137805110014988
 0.1434375690733068
 0.0635485005463033
 0.2329443355766297
 0.01371437095174008
 0.0428987726651543
 0.2410875740884186
 0.2766537999902465
 0.004899998711716202
 0.03666807902613236
 0.1511330689899623
 0.1382706467104752
 0.01328388979367676
 0.1291318944084598
 0.001817760153483192
 0.04227279423817649
 0.2237839937052076
 0.2731257659248369
 0.178313255065684


# name: Pz_xy
# type: matrix
# ndims: 3
 2 8 2
 0.000305809894338451
 0.003654831650987214
 2.835967169783251e-05
 2.49680676705674e-05
 0.0020030558513826
 0.0005392514799695027
 0.001180474304201839
 0.004549846562708368
 0.007260458705803933
 0.008718543031924573
 1.810648280694105e-07
 1.655516417948075e-06
 5.436537729278467e-05
 0.0001210881585207037
 9.634174592857586e-05
 0.001510222942829515
 3.382084121384059e-05
 0.003419016042428117
 0.005883611903779029
 0.0004446842788496445
 0.003129982862526913
 0.00485603445426801
 0.001500289407966941
 2.992233339306691e-05
 3.328912695323305e-05
 0.0003468113122118642
 0.00108353656070196
 0.009844068569198327
 0.004163322236989273
 0.01653558059870282
 0.001126369028984436
 0.006592326176474022


# name: Pz_y
# type: matrix
# rows: 2
# columns: 2
 0 0
 0 0


# name: Pyz
# type: matrix
# rows: 2
# columns: 2
 0.1281416964643317 0.2493058409116265
 0.2017453097387747 0.4208071528852673


# name: Px_y
# type: matrix
# rows: 8
# columns: 2
 0.1667347693762137 0.09438697675311945
 0.01934728328479649 0.1277813414970799
 0.1335849181603296 0.1435453631697402
 0.2005547138831835 0.06283473815126638
 0.334902373757594 0.03131650085755029
 0.003590446637195187 0.1679138584477592
 0.03509332077718638 0.2310988091395491
 0.1061921741235012 0.1411224119839354


# name: Py_x
# type: matrix
# rows: 2
# columns: 8
 0.5171445061505816 0.08407965025225414 0.3607039627414743 0.6593014291763113 0.8663769839685096 0.01279818899817483 0.08430587268672946 0.3132919823255242
 0.4828554938494184 0.9159203497477459 0.6392960372585257 0.3406985708236887 0.1336230160314904 0.9872018110018251 0.9156941273132705 0.6867080176744758


# name: Pxy
# type: matrix
# rows: 8
# columns: 2
 0.0629336280960002 0.05876084481729273
 0.007302584430761476 0.07955058882641079
 0.0504212983901853 0.08936451933958423
 0.07569888286434752 0.03911792097440773
 0.1264080762361666 0.01949616472963586
 0.001355205241289114 0.1045351860853573
 0.01324588750569354 0.1438711327393098
 0.04008197461151448 0.08785610511204363


# name: Py
# type: matrix
# rows: 2
# columns: 1
 0.3774475373759582
 0.6225524626240421


# name: Px
# type: matrix
# rows: 8
# columns: 1
 0.1216944729132929
 0.08685317325717226
 0.1397858177297695
 0.1148168038387553
 0.1459042409658025
 0.1058903913266464
 0.1571170202450033
 0.1279380797235581





# name: <cell-element>
# type: scalar struct
# ndims: 2
 1 1
# length: 13
# name: X
# type: scalar
8


# name: Y
# type: scalar
2


# name: Z
# type: scalar
2


# name: Pxyz
# type: matrix
# ndims: 3
 8 2 2
 0.01253899139632875
 0.0234399051988382
 6.998189477366826e-05
 0.009734745424849795
 0.05203386583723516
 0.01004959137623265
 0.05829162946257196
 0.01386376715898219
 0.05447289328170217
 0.03026889177383154
 0.02510028091942563
 0.01067111812575914
 0.01101491217962314
 0.1226317997664818
 0.01279348988517688
 0.09375222852927358
 0.007262344439813799
 0.01435357173300378
 0.008740493476698677
 0.001692183685423111
 0.07640249436955754
 0.05886587989552024
 0.01139821819900872
 0.005625497546405952
 0.0004863041492475184
 0.01752385051636583
 0.02715301239531147
 0.04561794187801786
 0.0576229109366259
 0.05544190205235437
 0.02474188323889583
 0.04634341927666325


# name: Px_yz
# type: matrix
# ndims: 3
 8 2 2
 0.06965236537714423
 0.1302054359645799
 0.0003887397598811308
 0.05407516631550163
 0.2890409380408019
 0.05582409209031743
 0.3238019506851983
 0.07701131176657547
 0.1510175919026359
 0.08391577663419283
 0.0695866100030457
 0.02958400894784192
 0.03053712428644695
 0.339977518646713
 0.03546795329006561
 0.2599134162890581
 0.03939631940175168
 0.07786437303211545
 0.04741489137435855
 0.009179653968474049
 0.414463551848664
 0.3193320043476936
 0.06183235296817174
 0.03051685305877086
 0.001768821094191463
 0.06373903346859836
 0.09876292680205684
 0.1659249216612557
 0.209590274997926
 0.2016573496320045
 0.08999299111615479
 0.1685636812278124


# name: Pz_xy
# type: matrix
# ndims: 3
 2 8 2
 0.0002482887796852075
 0.0001438041212104955
 0.0008858755164168541
 0.0005424713821808173
 6.165737603523735e-07
 7.70079025109684e-05
 0.0001112382458763121
 1.933646301489025e-05
 0.00668304033562306
 0.009812858287545943
 0.0006925723257816164
 0.004056769854826181
 0.004062334777191948
 0.0007943400899023741
 0.000270194627975271
 0.0001096368107814171
 0.002993786496504123
 2.672688574998439e-05
 0.001446633343956606
 0.0008375128716606139
 0.001311572341165046
 0.001418834321070902
 0.0006006672084882488
 0.00256779106762056
 0.0007560395938259899
 0.003955111168311501
 0.0218374985451237
 0.009872744734340072
 0.0004802084163991642
 0.0009286958191641957
 0.01313427918905881
 0.006492511345106279


# name: Pz_y
# type: matrix
# rows: 2
# columns: 2
 0 0
 0 0


# name: Pyz
# type: matrix
# rows: 2
# columns: 2
 0.1800224777498124 0.1843406833454318
 0.3607056144612739 0.274931224443482


# name: Px_y
# type: matrix
# rows: 8
# columns: 2
 0.05434505446879274 0.08646320362055793
 0.1037247476343054 0.07518875459224077
 0.02418047791930671 0.0822062066207065
 0.03136137329560032 0.08855537715650144
 0.3524954603553336 0.1079827645523449
 0.1891395141720665 0.2801500651310092
 0.1912648014472677 0.05905160120792972
 0.05348857070732699 0.2204020271187096


# name: Py_x
# type: matrix
# rows: 2
# columns: 8
 0.264863491080241 0.4415836717099633 0.1442831905241068 0.1687478726926255 0.6517158059016857 0.279022235709403 0.6499389523374625 0.1221247322111674
 0.735136508919759 0.5584163282900366 0.8557168094758932 0.8312521273073745 0.3482841940983142 0.7209777642905969 0.3500610476625374 0.8778752677888326


# name: Pxy
# type: matrix
# rows: 8
# columns: 2
 0.01980133583614255 0.05495919743094969
 0.03779347693184197 0.04779274229019737
 0.008810475371472346 0.0522532933147371
 0.01142692911027291 0.05628906000377701
 0.1284363602067927 0.06863782311624904
 0.06891547127175289 0.1780737018188362
 0.06968984766158068 0.03753537312407271
 0.01948926470538815 0.1400956478059368


# name: Py
# type: matrix
# rows: 2
# columns: 1
 0.3643631610952442
 0.6356368389047559


# name: Px
# type: matrix
# rows: 8
# columns: 1
 0.07476053326709223
 0.08558621922203934
 0.06106376868620944
 0.06771598911404991
 0.1970741833230417
 0.2469891730905891
 0.1072252207856534
 0.159584912511325





# name: <cell-element>
# type: scalar struct
# ndims: 2
 1 1
# length: 13
# name: X
# type: scalar
8


# name: Y
# type: scalar
2


# name: Z
# type: scalar
2


# name: Pxyz
# type: matrix
# ndims: 3
 8 2 2
 0.02120795675180964
 0.04929232873552987
 0.02198734785920741
 0.01987914467845406
 0.03017108156628527
 0.05701923905731636
 0.04725430054484871
 0.04920608222314216
 0.0212799864471964
 0.01222644331679248
 0.04517667723530176
 0.003314258727247836
 0.1583488969525183
 0.08041252933968966
 0.0007234383824730885
 0.02672022308866598
 0.02434831622240172
 0.009223743132183463
 0.01180096611279699
 0.005539569449267629
 0.02378074678948898
 0.0341935598889944
 0.002113341205008131
 0.005075408044389376
 0.05222818762774356
 0.009952723146006438
 0.05378058082701881
 0.03957644092266618
 0.02547279829407542
 0.04584057072602506
 0.0007997746278528082
 0.01205333807760187


# name: Px_yz
# type: matrix
# ndims: 3
 8 2 2
 0.07164427131235233
 0.1665183032422312
 0.07427719388053307
 0.06715530644785668
 0.1019233101433786
 0.1926211883989095
 0.1596334794780125
 0.166226947096726
 0.06111383258192504
 0.03511303034844247
 0.1297425586250616
 0.009518194642313477
 0.4547610028747773
 0.2309361365313455
 0.002077637234380093
 0.07673760716175465
 0.209762478566787
 0.0794632040834951
 0.1016661636349811
 0.04772378538447493
 0.2048728274747338
 0.2945799540231959
 0.01820658501272326
 0.04372500181960876
 0.2178857981876468
 0.04152081711631795
 0.2243620794198427
 0.1651051819244205
 0.106267539435531
 0.1912379080278793
 0.003336503544828556
 0.05028417234353309


# name: Pz_xy
# type: matrix
# ndims: 3
 2 8 2
 0.0009661554670107091
 0.001109218540290152
 0.002884393450815217
 0.0005397372160121748
 0.000742915412878579
 0.0003987347481921692
 0.0005053022956852437
 0.0001408087322215946
 0.001627785013972287
 0.001283014768958639
 0.005200884388206627
 0.003118890303413482
 0.002332833380438157
 0.0001043306715040522
 0.002670979473298848
 0.0002755007123652732
 0.001564252948072876
 0.003839198707758799
 0.0002711723215711157
 0.0002207431034134285
 0.004470560107571919
 0.005321978815640789
 0.0001421508756324932
 0.001697461240826641
 0.0291079626782401
 0.004682452965091485
 0.01015233111326106
 0.005787514162942316
 1.101950756352131e-06
 1.21822711847395e-06
 0.001036038204304712
 0.0004673508412096013


# name: Pz_y
# type: matrix
# rows: 2
# columns: 2
 0 0
 0 0


# name: Pyz
# type: matrix
# rows: 2
# columns: 2
 0.2960174814165935 0.1160756508445307
 0.3482024534898855 0.2397044142489901


# name: Px_y
# type: matrix
# rows: 8
# columns: 2
 0.1105484886978036 0.1250337053514219
 0.1419972022990046 0.03772564615225758
 0.08199193659600794 0.1683213166788066
 0.06168196491955861 0.07295492195026428
 0.1309214450135206 0.3126714541600488
 0.2213402549220681 0.214750170467121
 0.119797293099694 0.002590908686241859
 0.1317214144523425 0.06595187655383791


# name: Py_x
# type: matrix
# rows: 2
# columns: 8
 0.3826186078486146 0.7251490060422489 0.2545343957933868 0.3721114370921991 0.2269042723444628 0.4194349521497476 0.9700690228626762 0.5833266376317907
 0.6173813921513854 0.2748509939577513 0.7454656042066132 0.6278885629078008 0.7730957276555374 0.5805650478502523 0.02993097713732382 0.4166733623682093


# name: Pxy
# type: matrix
# rows: 8
# columns: 2
 0.04555627297421137 0.07350817407493997
 0.05851607186771333 0.02217916646279892
 0.03378831397200441 0.09895725806232056
 0.02541871412772169 0.04289069964991402
 0.05395182835577425 0.1838216952465938
 0.09121279894631076 0.1262531000657147
 0.04936764174985685 0.001523213010325897
 0.05428149026753154 0.03877356116626784


# name: Py
# type: matrix
# rows: 2
# columns: 1
 0.4120931322611242
 0.5879068677388757


# name: Px
# type: matrix
# rows: 8
# columns: 1
 0.1190644470491513
 0.08069523833051225
 0.132745572034325
 0.06830941377763571
 0.237773523602368
 0.2174658990120255
 0.05089085476018274
 0.09305505143379939





# name: <cell-element>
# type: scalar struct
# ndims: 2
 1 1
# length: 13
# name: X
# type: scalar
8


# name: Y
# type: scalar
2


# name: Z
# type: scalar
2


# name: Pxyz
# type: matrix
# ndims: 3
 8 2 2
 0.0359419448200623
 0.03788214126924846
 0.01974989064469152
 0.01170734208770994
 0.008058014521166851
 0.02232204896055721
 0.02051950362804068
 0.02330154793050775
 0.001206141243777248
 0.01526525115778701
 0.01447985368779438
 8.470540947052577e-05
 0.04784196385703796
 0.03174428228763882
 0.07404617690751908
 0.001814174139485324
 0.01955194775961802
 0.03941530361987036
 0.1116723902530939
 0.01088545418936396
 0.002038349631822591
 0.0162993985199085
 0.03878183927343441
 0.05758630953226072
 0.002265477177343554
 0.02103427389089267
 0.05773270393216635
 0.03252489230178592
 0.01045023905123445
 0.1649786302601775
 0.03629055411434027
 0.0125272539401918


# name: Px_yz
# type: matrix
# ndims: 3
 8 2 2
 0.2002532729620789
 0.2110632247074297
 0.1100380144158199
 0.06522834483463963
 0.04489583937424853
 0.124368989656793
 0.1143259715534023
 0.129826342495588
 0.006467850489211088
 0.08185887239841129
 0.07764723181591321
 0.00045422700443195
 0.2565492813830924
 0.1702265574475935
 0.3970675938712496
 0.009728385590097007
 0.06600237056957767
 0.1330559751701139
 0.3769774026861041
 0.03674650679603688
 0.006880946563686257
 0.0550225969503738
 0.1309175616959108
 0.1943966395681966
 0.006706483676650146
 0.06226768290152045
 0.1709059090959158
 0.09628331792002542
 0.0309358038629085
 0.4883856266137055
 0.1074307926022878
 0.0370843833269864


# name: Pz_xy
# type: matrix
# ndims: 3
 2 8 2
 0.001994558424949335
 0.001085013688695764
 0.002928192727041547
 0.003046702259344815
 0.002595575676007194
 0.01467624024036922
 0.0002645015947336438
 0.0002459328488837206
 8.135664895577738e-05
 2.057992015399284e-05
 0.0008621098415865446
 0.0006295063638998268
 0.001216834120814502
 0.002299815149103827
 0.001884812287664779
 0.00465803319725237
 4.187262160370649e-06
 7.86487230149464e-06
 0.0005541213667764758
 0.0007635341519832472
 0.001045627268758452
 0.004169026209257696
 2.762209326801097e-06
 0.00106062365356318
 0.002788813464684692
 0.0006091674552145108
 0.006244827668364367
 0.03245507665293143
 0.008170013104641945
 0.004004181107948193
 2.601784794543891e-05
 0.0001796587114191125


# name: Pz_y
# type: matrix
# rows: 2
# columns: 2
 0 0
 0 0


# name: Pyz
# type: matrix
# rows: 2
# columns: 2
 0.1794824338619847 0.2962309927793724
 0.1864825486905103 0.3378040246681325


# name: Px_y
# type: matrix
# rows: 8
# columns: 2
 0.1166540389063213 0.006621604667236082
 0.1624874148179 0.06923603787169401
 0.2762635518313116 0.1377348978390928
 0.04749245031107085 0.06219804085837147
 0.02122362663646478 0.1111838560633845
 0.08118637254605517 0.3752201993035712
 0.1246577026849038 0.2104511857227794
 0.1700348422659725 0.02735417767387062


# name: Py_x
# type: matrix
# rows: 2
# columns: 8
 0.9411245936446876 0.6804534040955851 0.6453821058047117 0.4092720377643399 0.1476323395392275 0.1641061101945441 0.3495756673603562 0.8494010744910517
 0.05887540635531226 0.319546595904415 0.3546178941952884 0.5907279622356603 0.8523676604607725 0.8358938898054559 0.6504243326396437 0.1505989255089482


# name: Pxy
# type: matrix
# rows: 8
# columns: 2
 0.05549389257968032 0.003471618421120802
 0.07729744488911883 0.03629952504867967
 0.1314222808977854 0.07221255761996073
 0.0225927962770739 0.03260959771125644
 0.01009636415298944 0.05829220290827242
 0.03862144748046571 0.1967229125478163
 0.05930134290147508 0.1103367310218593
 0.08088785746276847 0.01434142807967712


# name: Py
# type: matrix
# rows: 2
# columns: 1
 0.4757134266413572
 0.5242865733586428


# name: Px
# type: matrix
# rows: 8
# columns: 1
 0.05896551100080113
 0.1135969699377985
 0.2036348385177461
 0.05520239398833034
 0.06838856706126185
 0.2353443600282821
 0.1696380739233344
 0.0952292855424456





# name: <cell-element>
# type: scalar struct
# ndims: 2
 1 1
# length: 13
# name: X
# type: scalar
8


# name: Y
# type: scalar
2


# name: Z
# type: scalar
2


# name: Pxyz
# type: matrix
# ndims: 3
 8 2 2
 0.03677295603784025
 0.02505332452075243
 0.06982352354862066
 0.07000079238449192
 0.02104961081567821
 0.03565459010692928
 0.0008040515589590317
 0.007709458214337298
 0.01569943508274757
 0.004056424593961598
 0.06697769293329045
 0.08609608036655668
 0.07997849490264082
 0.00766060612473978
 0.08350739052536872
 0.003209611901650958
 0.04054296735952145
 0.007822438943531069
 0.01400029566057699
 0.01938567186251485
 0.006313488687703318
 0.06761994084533285
 0.01778853845828864
 0.03640092257497041
 0.0164651737515487
 0.06040939969583868
 0.003124155354928911
 0.01379700124992086
 0.04578934633346946
 0.0005167561440577455
 0.01607697385723152
 0.01989288560199881


# name: Px_yz
# type: matrix
# ndims: 3
 8 2 2
 0.1377943916434737
 0.09387898017856382
 0.2616403734278367
 0.2623046292839906
 0.07887639801634551
 0.1336036882111446
 0.003012915124439193
 0.02888862411420601
 0.0452191246222745
 0.01168373054625268
 0.1929160270862972
 0.2479827692566462
 0.2303622715749033
 0.022064864194855
 0.2405265590223218
 0.009244653696449424
 0.1931774125659876
 0.0372720255443233
 0.06670801539724815
 0.09236802767902015
 0.03008224331830345
 0.3221926282437932
 0.08475807412492567
 0.1734415731263986
 0.09351403150358693
 0.3430954687458478
 0.01774365498301786
 0.07836013327334436
 0.2600608071417381
 0.002934918942506926
 0.09130924838409801
 0.11298173702586


# name: Pz_xy
# type: matrix
# ndims: 3
 2 8 2
 0.002843135052116207
 0.003134616958670496
 0.0008236471709381904
 0.0002571686524213271
 0.005852874414488733
 0.00117355825232752
 0.006257123325738531
 0.001732816664842889
 0.0005759825952568588
 0.0001727566191750995
 0.003682211069588287
 0.006983417673821462
 1.494940098845412e-05
 0.0003307350025610036
 0.0003400671375136745
 0.001605658555864053
 0.0005049661883560036
 0.0005295958731072868
 0.0002615007551191528
 0.00389434174624425
 0.004695260068704469
 0.0002190090647200546
 0.008600402782915257
 0.001378224971920987
 0.01005872264921839
 0.005758827239973056
 6.264355148056632e-05
 4.225702194587108e-06
 0.008316030406718418
 0.001601015222768081
 7.415005094557587e-05
 0.0004595753399605682


# name: Pz_y
# type: matrix
# rows: 2
# columns: 2
 0 0
 0 0


# name: Pyz
# type: matrix
# rows: 2
# columns: 2
 0.266868307187609 0.2098742643924396
 0.3471857364309566 0.1760716919889947


# name: Px_y
# type: matrix
# rows: 8
# columns: 2
 0.1621754129091444 0.06146995166685316
 0.06895915201221633 0.123200972959837
 0.175826167424872 0.1339720078124866
 0.1874941940904435 0.1909061891736896
 0.05739596405811446 0.2403555772077308
 0.2166253594890499 0.0156277996730791
 0.0389992233242922 0.1903161980582084
 0.09252452669186741 0.04415130344811537


# name: Py_x
# type: matrix
# rows: 2
# columns: 8
 0.7062070472379803 0.3377360511864494 0.5445733682499982 0.4722457666475791 0.1786908600655171 0.9266287719978152 0.1573283903927685 0.6562787059504571
 0.2937929527620198 0.6622639488135506 0.4554266317500018 0.5277542333524208 0.821309139934483 0.07337122800218483 0.8426716096072315 0.3437212940495428


# name: Pxy
# type: matrix
# rows: 8
# columns: 2
 0.07731592339736171 0.03216460883429628
 0.0328757634642835 0.06446582428980027
 0.08382381920919765 0.07010184828821936
 0.08938646424700677 0.09989308161647754
 0.02736309950338153 0.1257678412361103
 0.1032745309522621 0.008177362268797526
 0.01859259001724767 0.09958436438260024
 0.04411038078930771 0.02310249750364977


# name: Py
# type: matrix
# rows: 2
# columns: 1
 0.4767425715800486
 0.5232574284199513


# name: Px
# type: matrix
# rows: 8
# columns: 1
 0.109480532231658
 0.09734158775408377
 0.153925667497417
 0.1892795458634843
 0.1531309407394918
 0.1114518932210597
 0.1181769543998479
 0.0672128782929575





# name: <cell-element>
# type: scalar struct
# ndims: 2
 1 1
# length: 13
# name: X
# type: scalar
8


# name: Y
# type: scalar
2


# name: Z
# type: scalar
2


# name: Pxyz
# type: matrix
# ndims: 3
 8 2 2
 0.003424337998165439
 0.009106726703835846
 0.0006595048767607992
 0.003198468499388694
 0.05571293932078655
 0.03418828316143856
 0.03261738736642183
 0.006049545131106574
 0.002186031598209943
 0.02604391289588264
 0.01473741488448774
 0.09510471418241168
 0.01738975382155449
 0.0262203177323549
 0.06105335183002368
 0.03333913653204446
 0.01819372695265801
 0.001164251972523472
 0.007043627809524912
 0.1033835837523174
 0.01996125333447798
 0.03123142914315549
 0.009025781969396709
 0.01655963031942068
 0.09271860508090209
 0.03715380469639493
 0.03665831041826807
 0.02760876502942804
 0.06516536745075568
 0.01223266079491899
 0.04227722325261193
 0.05859015148837182


# name: Px_yz
# type: matrix
# ndims: 3
 8 2 2
 0.02362309814317085
 0.06282355853978278
 0.004549652644676657
 0.02206491745539691
 0.3843406328827819
 0.2358508911508915
 0.2250139277558482
 0.04173332142745089
 0.007918263154707056
 0.09433649360637565
 0.05338199565414672
 0.3444891440572914
 0.0629893214111798
 0.09497546877859835
 0.221147995602127
 0.120761317735574
 0.08807822227620175
 0.005636296746030223
 0.03409912754283341
 0.5004935103808742
 0.09663504968941333
 0.1511954513350777
 0.0436949962251091
 0.08016734580446033
 0.2489725780081777
 0.09976723150658283
 0.09843670579703505
 0.07413641953522629
 0.1749852633881642
 0.03284774497365545
 0.1135248880744665
 0.1573291687166922


# name: Pz_xy
# type: matrix
# ndims: 3
 2 8 2
 7.402756125791319e-05
 0.0003933131709601079
 9.353499578652995e-05
 1.195800718369785e-05
 5.080253572940942e-06
 5.425799960958237e-05
 0.0003408993367272817
 0.01101883452545812
 0.004216031703552264
 0.001510551730473829
 0.002236587648609309
 0.002043151109406547
 0.001358291385391892
 0.0003758621669397648
 0.0001367752272650715
 0.0003743995872876529
 0.0002074645345971733
 0.008799425528597084
 0.001645915852191867
 0.002348035656681403
 0.0007574401270758763
 0.001884080452320457
 0.01167063036677133
 0.003387967613503286
 0.001435613235634051
 0.00537973481265179
 0.001008249314740542
 0.0004703822428784453
 0.00630867795531883
 0.004368529791589365
 0.003064843084606297
 0.005386150911334354


# name: Pz_y
# type: matrix
# rows: 2
# columns: 2
 0 0
 0 0


# name: Pyz
# type: matrix
# rows: 2
# columns: 2
 0.1449571930579043 0.2065632852534746
 0.2760746334769695 0.3724048882116515


# name: Px_y
# type: matrix
# rows: 8
# columns: 2
 0.06149873559193906 0.1463494736610699
 0.02921872070070758 0.09745522484304922
 0.02191375228916885 0.0792557414441136
 0.3032029677579554 0.1892326204724207
 0.2152767685649081 0.1273056719776426
 0.1861049820450144 0.0592971362104751
 0.1184658416939532 0.1593428498922617
 0.06431823135635333 0.1417612814989673


# name: Py_x
# type: matrix
# rows: 2
# columns: 8
 0.1855266368563979 0.139800747774313 0.1303431732591868 0.4648239395308533 0.4782564670027097 0.6298066583302896 0.2872462838210148 0.1973937380106624
 0.814473363143602 0.860199252225687 0.8696568267408133 0.5351760604691467 0.5217435329972903 0.3701933416697105 0.7127537161789853 0.8026062619893375


# name: Pxy
# type: matrix
# rows: 8
# columns: 2
 0.02161806495082345 0.09490463667911203
 0.01027097867635932 0.06319771759227757
 0.007703132686285711 0.0513957253027558
 0.1065820522517061 0.1227134792118397
 0.07567419265526454 0.08255512127231018
 0.06541971230459406 0.0384529785272739
 0.04164316933581853 0.1033305750826356
 0.02260917545052726 0.09192928802041628


# name: Py
# type: matrix
# rows: 2
# columns: 1
 0.351520478311379
 0.648479521688621


# name: Px
# type: matrix
# rows: 8
# columns: 1
 0.1165227016299355
 0.07346869626863689
 0.05909885798904151
 0.2292955314635458
 0.1582293139275747
 0.103872690831868
 0.1449737444184541
 0.1145384634709435





# name: <cell-element>
# type: scalar struct
# ndims: 2
 1 1
# length: 13
# name: X
# type: scalar
8


# name: Y
# type: scalar
2


# name: Z
# type: scalar
2


# name: Pxyz
# type: matrix
# ndims: 3
 8 2 2
 2.896687074205317e-06
 0.008374546323893032
 0.0356787542600001
 0.04541487364960402
 0.00736541451038808
 0.0001573174667569056
 0.04772458228204483
 0.001864358441730913
 0.03149011588086517
 0.03086719529214474
 0.01055136737229641
 0.02635123271984071
 0.07273137346156268
 0.02257284212258885
 0.01686715297290647
 0.05129535975964276
 0.05041594125107162
 0.06052613741397577
 0.05260549916798626
 0.101939543353153
 0.03547842021420936
 0.007267333175648628
 0.01310017378590997
 0.01815636145208847
 0.0970128450589739
 0.02160152682744513
 0.0004326405422172249
 0.01507417856331959
 0.07571526430693708
 0.009380558897497377
 0.01113673599578967
 0.02084745679043698


# name: Px_yz
# type: matrix
# ndims: 3
 8 2 2
 1.976144669310585e-05
 0.05713187048482254
 0.2434035097073245
 0.3098241479697973
 0.05024748703986025
 0.001073233198330173
 0.3255811775858138
 0.01271881256735844
 0.1198588614043266
 0.1174878776711511
 0.04016101065765475
 0.1002990513705842
 0.2768328844662306
 0.08591759921458852
 0.06420039094532629
 0.1952423242701378
 0.1485051957252133
 0.1782857893774337
 0.1549547574894933
 0.3002731172350586
 0.1045052340031544
 0.02140665648342122
 0.03858787168968142
 0.053481377996544
 0.3861957759848151
 0.0859929260966487
 0.001722286876779073
 0.06000838429236813
 0.3014128204892604
 0.03734280981439118
 0.0443339270919997
 0.08299106935373771


# name: Pz_xy
# type: matrix
# ndims: 3
 2 8 2
 1.460475961518797e-07
 0.002541913171436861
 0.0005770119677106856
 0.004170292251835133
 0.003149872183084698
 0.004644237220252226
 0.006692082229891273
 0.01502124198033114
 0.0003155626019612187
 0.001520031571947403
 1.168027230618271e-06
 5.395740993115464e-05
 0.002902836075750415
 0.0007968148749757898
 3.73257981435722e-05
 0.0003635034269232032
 0.004046573131029823
 0.01246643783927598
 0.001619562292394655
 0.001133404508468084
 0.0001158963027262447
 4.752127139853467e-06
 0.001091610653237672
 0.0006244540467413122
 0.01079672785065407
 0.01123967641411811
 0.0007212790765061761
 0.0002997407602442717
 0.0004723458790712856
 0.0003118719182997754
 0.00370059172901025
 0.00150399425076821


# name: Pz_y
# type: matrix
# rows: 2
# columns: 2
 0 0
 0 0


# name: Pyz
# type: matrix
# rows: 2
# columns: 2
 0.1465827436214921 0.3394894098140431
 0.2627266395818478 0.2512012069826169


# name: Px_y
# type: matrix
# rows: 8
# columns: 2
 0.1037270651729128 0.2500408604026095
 0.1417499094545573 0.1020935574328885
 0.1816278772688322 0.02137266541974749
 0.3031533815736263 0.08060550048043384
 0.08814295248509758 0.2888472355815016
 0.0152747911805448 0.06217487772591077
 0.125135241009073 0.05448992335382911
 0.04118878185535599 0.1403753796030791


# name: Py_x
# type: matrix
# rows: 2
# columns: 8
 0.281792594610167 0.567694002051791 0.8893502538881377 0.7805623002240512 0.223972653557764 0.1885479430532017 0.684742585489831 0.2172303783721038
 0.718207405389833 0.432305997948209 0.1106497461118624 0.2194376997759488 0.7760273464422359 0.8114520569467982 0.3152574145101691 0.7827696216278962


# name: Pxy
# type: matrix
# rows: 8
# columns: 2
 0.05041883793814583 0.1285029609398391
 0.0689006837378688 0.05246872211958988
 0.08828425342798638 0.01098400791451363
 0.147354417002757 0.0414254112831603
 0.04284383472459744 0.1484466377684998
 0.007424650642405534 0.03195340102008623
 0.0608247560679548 0.02800388896869613
 0.02002071989381939 0.07214281655007974


# name: Py
# type: matrix
# rows: 2
# columns: 1
 0.4860721534355352
 0.5139278465644648


# name: Px
# type: matrix
# rows: 8
# columns: 1
 0.1789217988779849
 0.1213694058574587
 0.0992682613425
 0.1887798282859173
 0.1912904724930972
 0.03937805166249177
 0.08882864503665093
 0.09216353644389913







# name: model_delta
# type: cell
# rows: 1
# columns: 8
# name: <cell-element>
# type: matrix
# ndims: 3
 8 2 2
 0.01326700323584817
 -0.05614525959975927
 -0.03999553076886705
 0.04355234742880459
 0.04125723061202984
 0.05950403387279271
 -0.05860724387995681
 -0.002832580900892306
 -0.0378194350870467
 -0.1553376128298133
 0.08469205012318491
 -0.03653622236688418
 0.02180679441457072
 0.08219775170975421
 0.05529790786596343
 -0.01430123382972893
 -0.01743631106675871
 0.0737895509560214
 0.05256458473468517
 -0.05723917179761173
 -0.05422278821494235
 -0.07820385854203254
 0.07702524201509955
 0.00372275191553912
 0.02460969168305616
 0.1010805885842802
 -0.05511042766081348
 0.02377468530778135
 -0.01419001859502085
 -0.05348734908286057
 -0.03598320440713054
 0.009306034170707814



# name: <cell-element>
# type: matrix
# ndims: 3
 8 2 2
 0.1288138992492837
 -0.01095910218704647
 -0.1764342628942945
 0.07885863131859105
 -0.1133254051230202
 0.002547796620180555
 0.003063768003065889
 0.08743467501324004
 0.09153403485227293
 -0.2388226359577528
 -0.03006409794849091
 -0.1272712650527371
 0.02285300525522399
 0.1165358073476094
 0.08766124006624232
 0.07757391143763213
 -0.06620956620041599
 0.005632912333056416
 0.09068614549517526
 -0.04053286020523508
 0.05824857376734749
 -0.001309552074521016
 -0.001574758248945984
 -0.04494089486646112
 -0.04388366995735575
 0.1144974517034031
 0.01441346876128044
 0.06101697799778318
 -0.0109562933806262
 -0.05587013525744838
 -0.04202695678528787
 -0.03719084308174861



# name: <cell-element>
# type: matrix
# ndims: 3
 8 2 2
 -0.01530731090835149
 -0.02648068833027446
 0.02379173815942558
 -0.02271379301990131
 0.06345452231453169
 0.1333154220817491
 -0.1325371492379307
 -0.02352274105924847
 -0.06455438828207796
 -0.008727022041952068
 0.01261959661766081
 0.05897136820865952
 0.07744564026589795
 -0.05982745351570379
 0.0235836479178641
 -0.03951138917034855
 0.01494873506704106
 0.02586037460218996
 -0.02323441345505184
 0.02218171932712627
 -0.06196809149333038
 -0.1301924901756271
 0.1294324484790959
 0.02297171764855614
 0.08469438252636646
 0.01144972112364241
 -0.01655672018135033
 -0.07736954450475428
 -0.1016075104455811
 0.07849271549900466
 -0.03094138990822507
 0.05183834589089714



# name: <cell-element>
# type: matrix
# ndims: 3
 8 2 2
 0.03890421738545125
 -0.0245211009432266
 0.00771474271547487
 -0.005473341528298072
 0.02899813487014202
 0.02871906652315856
 -0.0398361863783185
 -0.0345055326443835
 0.0639198727694969
 0.002612615803815103
 0.038578758053745
 0.0634367273079508
 -0.1420895487147285
 -0.01618596606422446
 0.0005132714518617659
 -0.01078573060791674
 -0.09921398986898343
 0.06253399821550955
 -0.01967422703897319
 0.01395817953508368
 -0.07395138246121319
 -0.07323969910112782
 0.1015907080869707
 0.08799641263273375
 -0.09285209283622489
 -0.003795170964060374
 -0.05604076274103614
 -0.09215025997415625
 0.2064039147245178
 0.02351226243924168
 -0.000745594858586697
 0.01566770421030483



# name: <cell-element>
# type: matrix
# ndims: 3
 8 2 2
 -0.08359923405575756
 -0.0485758098895297
 0.1662255374154916
 -0.01773589452356878
 -0.02367221273778375
 -0.04318261711073783
 0.01033173113150145
 0.04020849977038454
 0.0001537541780249939
 -0.01262283452671728
 0.06008766602317964
 0.06174381385393952
 -0.1453654253197079
 0.2049936418559777
 -0.1866164081484702
 0.01762579208377361
 0.05065166833674367
 0.02943143964778608
 -0.1007138508547925
 0.01074594351503397
 0.01434268007277852
 0.02616377559568137
 -0.006259859011007077
 -0.0243617973022241
 -8.487900941406366e-05
 0.006968354970173563
 -0.03317101125682292
 -0.03408527706165395
 0.080248052200476
 -0.1131654273101343
 0.1030203931204916
 -0.009730205653115779



# name: <cell-element>
# type: matrix
# ndims: 3
 8 2 2
 0.02438102126567065
 -0.02491982816634748
 -0.08581420600296466
 -0.07481043519354713
 -0.02148043395823105
 0.0830216712779053
 0.035986308199853
 0.0636359025776614
 0.01625082704457866
 0.1115172424135843
 -0.05894401927381057
 -0.0570765800829566
 0.00999330563282752
 -0.0064370645217759
 -0.05021036096411338
 0.03490664975166594
 -0.03100199965684317
 0.03168712646789304
 0.1091181520276239
 0.09512616641142334
 0.027313720739811
 -0.1055672687547433
 -0.04575885080063347
 -0.08091704643453117
 -0.03204407983673377
 -0.2198944957860108
 0.1162283528294688
 0.1125460559003452
 -0.01970522993400722
 0.01269288073057218
 0.09900694967411036
 -0.0688304335777446



# name: <cell-element>
# type: matrix
# ndims: 3
 8 2 2
 0.03787563744876821
 -0.0336048378390752
 0.01736409964449219
 0.2811380503025585
 -0.1690638643178738
 -0.04974590910587712
 -0.106548086061895
 0.02258490992890243
 0.1384312105063628
 0.003118731236673569
 0.02587374578996688
 -0.1552565235848707
 0.06431635056646284
 -0.03567833256812325
 -0.06180514570986531
 0.02099996376339326
 -0.02657948668426269
 0.02358242395467735
 -0.01218537525366456
 -0.1972905426229188
 0.1186417188754948
 0.03490953070993674
 0.0747708454688441
 -0.01584911444810701
 -0.1026231043471078
 -0.002312006663533608
 -0.01918096435292145
 0.1150962009371944
 -0.04767959141052155
 0.02644939123681965
 0.04581796181779524
 -0.0155678872177249



# name: <cell-element>
# type: matrix
# ndims: 3
 8 2 2
 0.1037073037262197
 0.08461803896973474
 -0.0617756324384923
 -0.006670766396171035
 0.03789546544523734
 0.01420155798221463
 -0.2004459365767409
 0.02846996928799755
 0.1301819989982829
 -0.01539432023826263
 -0.01878834523790725
 -0.01969355089015035
 0.01201435111527105
 -0.02374272148867775
 -0.009710467591497171
 -0.05486694466705869
 -0.0447781305523005
 -0.03653587992287644
 0.02667311977933892
 0.00288026433856764
 -0.01636228151805683
 -0.006131865302876413
 0.08654736931939155
 -0.01229259614118801
 -0.1361549155822055
 0.01610063133623976
 0.01965037854296842
 0.02059711618806571
 -0.01256558490775883
 0.0248320679115196
 0.01015599626182941
 0.0573843102493414





# name: n
# type: scalar
8


# name: n_data
# type: scalar
1


# name: n_iter
# type: scalar
10000


# name: n_models
# type: scalar
8


# name: policy
# type: matrix
# rows: 2
# columns: 8
 0.7487768779037909 0.2471117751377332 0.307813655250457 0.4336987042443808 0.1494362494072336 0.3576015694109489 0.5002999827285675 0.2683613468811058
 0.2512231220962091 0.7528882248622668 0.692186344749543 0.5663012957556193 0.8505637505927665 0.6423984305890511 0.4997000172714327 0.7316386531188942


# name: policy_index
# type: scalar
2


# name: prior_belief
# type: matrix
# rows: 8
# columns: 1
 0.125
 0.125
 0.125
 0.125
 0.125
 0.125
 0.125
 0.125


# name: time
# type: scalar
100


# name: true_belief
# type: matrix
# rows: 8
# columns: 1
 1
 0
 0
 0
 0
 0
 0
 0


# name: true_model
# type: cell
# rows: 1
# columns: 1
# name: <cell-element>
# type: scalar struct
# ndims: 2
 1 1
# length: 13
# name: X
# type: scalar
8


# name: Y
# type: scalar
2


# name: Z
# type: scalar
2


# name: Pxyz
# type: matrix
# ndims: 3
 8 2 2
 0.01565346176678872
 0.07079764453860646
 0.05766630360045136
 0.07602913127479939
 0.0005712233100131163
 0.008142260327819024
 0.0413689800225655
 0.01848947401484765
 0.01254437658111684
 0.09746522160427178
 0.01647465291992147
 0.0271811154392022
 0.0004834354973269137
 0.01513825868652957
 0.004871680085012851
 0.01963114561872728
 0.01865540204919314
 0.02532453750743167
 0.02354363172653325
 0.07999131713227454
 0.02140979548151286
 0.03644714156483629
 0.001681077225255317
 0.01262825455801611
 0.0006857731391587162
 0.07341759843923203
 0.06695239449162801
 0.02380990167805599
 0.01146315722317243
 0.06367246596134511
 0.0346711232754998
 0.02313806325885431


# name: Px_yz
# type: matrix
# ndims: 3
 8 2 2
 0.05421704155833364
 0.2452134162633347
 0.1997319459044202
 0.2633330972651322
 0.001978478524397576
 0.02820138274517265
 0.1432848364486365
 0.06403980129057259
 0.06473184340046328
 0.5029427665123128
 0.08501296545056335
 0.1402607532293728
 0.002494637394280518
 0.07811686649516153
 0.0251389800298973
 0.1013011874879483
 0.08492035586094052
 0.1152786057075541
 0.107171830400868
 0.3641246164915485
 0.09745849735136976
 0.1659092751599979
 0.007652350553580179
 0.05748446847414116
 0.002302716630360426
 0.2465245650982194
 0.2248154432345617
 0.07994984555470726
 0.03849145040387209
 0.2138019672877763
 0.1164200923029913
 0.07769391948751157


# name: Pz_xy
# type: matrix
# ndims: 3
 2 8 2
 0.0005370524880054333
 0.0006400456483381566
 0.006805224076770627
 0.002434249804521067
 0.004683076785938915
 0.001911976809874109
 0.01186209915349449
 0.01248028116764993
 1.255607031155598e-05
 0.0004706091168018619
 0.0003630585180717459
 0.001625156243072987
 0.0017809369582554
 7.237047078524915e-05
 0.0005753504338490468
 0.0003929625976853748
 0.0001659639803156942
 9.072881305213178e-06
 0.01665513192390299
 0.01254580626211751
 0.00137443165023911
 0.005585640589569814
 0.00138599272262653
 0.001214091104025987
 5.775406993196689e-06
 0.0001369456706362913
 0.001193057136992379
 0.005018073182530743
 0.0001926398876369887
 0.001370993409971182
 0.0008396085674735676
 0.0009895966605406364


# name: Pz_y
# type: matrix
# rows: 2
# columns: 2
 0 0
 0 0


# name: Pyz
# type: matrix
# rows: 2
# columns: 2
 0.2887184788558912 0.2196811572450532
 0.1937898864321089 0.2978104774669464


# name: Px_y
# type: matrix
# rows: 8
# columns: 2
 0.06748404479418181 0.02691240831341659
 0.1890681566635755 0.3476051536824996
 0.1597364151355532 0.1697050155737483
 0.3068854446939367 0.1037245308624886
 0.04323570913642741 0.02430143180885124
 0.08770541661796535 0.1603146182049157
 0.08467759256867974 0.08043688789586073
 0.06120722038968028 0.08699995365821939


# name: Py_x
# type: matrix
# rows: 2
# columns: 8
 0.7216991111903263 0.3600014280399245 0.4932666644890901 0.7536802273820689 0.6478799364858032 0.3613400013654784 0.5212321855755792 0.4211533140581699
 0.2783008888096738 0.6399985719600755 0.5067333355109098 0.2463197726179312 0.3521200635141967 0.6386599986345216 0.4787678144244207 0.5788466859418302


# name: Pxy
# type: matrix
# rows: 8
# columns: 2
 0.03430886381598187 0.01323014972027555
 0.09612218204603812 0.1708828200435038
 0.08120993532698462 0.08342704741154948
 0.1560204484070739 0.05099101711725819
 0.02198101879152597 0.01194659272049935
 0.04458940189265531 0.07881072464787468
 0.04305005724782082 0.03954280336051265
 0.03111772857286376 0.04276920887758159


# name: Py
# type: matrix
# rows: 2
# columns: 1
 0.5083996361009444
 0.4916003638990553


# name: Px
# type: matrix
# rows: 8
# columns: 1
 0.04753901353625742
 0.2670050020895419
 0.1646369827385341
 0.2070114655243321
 0.03392761151202532
 0.12340012654053
 0.08259286060833347
 0.07388693745044535







# name: utility
# type: diagonal matrix
# rows: 2
# columns: 2
1
1


